$\sigma_{h_1}$,$\sigma_{h_2}$,$\sigma_{x_1}$,$\sigma_{x_2}$,success_rate
0.1,0.1,0.1,0.1,0.706
0.1,0.1,0.2,0.2,0.796
0.1,0.1,0.3,0.3,0.546
0.1,0.1,0.4,0.4,0.25
0.1,0.1,0.5,0.5,0.168
0.1,0.1,0.6,0.6,0.114
0.1,0.1,0.7,0.7,0.108
0.1,0.1,0.8,0.8,0.1
0.1,0.1,0.9,0.9,0.092
0.1,0.1,1.0,1.0,0.106
0.1,0.1,1.1,1.1,0.098
0.1,0.1,1.2,1.2,0.09
0.1,0.1,1.3,1.3,0.076
0.1,0.1,1.4,1.4,0.066
0.1,0.1,1.5,1.5,0.084
0.1,0.1,1.6,1.6,0.074
0.1,0.1,1.7,1.7,0.068
0.1,0.1,1.8,1.8,0.092
0.1,0.1,1.9,1.9,0.088
0.1,0.1,2.0,2.0,0.1
0.1,0.1,2.1,2.1,0.074
0.1,0.1,2.2,2.2,0.068
0.1,0.1,2.3,2.3,0.084
0.1,0.1,2.4,2.4,0.104
0.1,0.1,2.5,2.5,0.06
0.1,0.1,2.6,2.6,0.076
0.1,0.1,2.7,2.7,0.074
0.1,0.1,2.8,2.8,0.078
0.1,0.1,2.9,2.9,0.062
0.1,0.1,3.0,3.0,0.068
0.1,0.1,3.1,3.1,0.1
0.1,0.1,3.2,3.2,0.094
0.1,0.1,3.3,3.3,0.106
0.1,0.1,3.4,3.4,0.076
0.1,0.1,3.5,3.5,0.082
0.1,0.1,3.6,3.6,0.074
0.1,0.1,3.7,3.7,0.096
0.1,0.1,3.8,3.8,0.072
0.1,0.1,3.9,3.9,0.054
0.1,0.1,4.0,4.0,0.078
0.1,0.1,4.1,4.1,0.066
0.1,0.1,4.2,4.2,0.096
0.1,0.1,4.3,4.3,0.076
0.1,0.1,4.4,4.4,0.076
0.1,0.1,4.5,4.5,0.076
0.1,0.1,4.6,4.6,0.076
0.1,0.1,4.7,4.7,0.05
0.1,0.1,4.8,4.8,0.07
0.1,0.1,4.9,4.9,0.084
0.1,0.1,5.0,5.0,0.066
0.1,0.1,5.1,5.1,0.104
0.1,0.1,5.2,5.2,0.074
0.1,0.1,5.3,5.3,0.104
0.1,0.1,5.4,5.4,0.08
0.1,0.1,5.5,5.5,0.102
0.1,0.1,5.6,5.6,0.06
0.1,0.1,5.7,5.7,0.078
0.1,0.1,5.8,5.8,0.088
0.1,0.1,5.9,5.9,0.092
0.1,0.1,6.0,6.0,0.092
0.1,0.1,6.1,6.1,0.076
0.1,0.1,6.2,6.2,0.072
0.1,0.1,6.3,6.3,0.06
0.1,0.1,6.4,6.4,0.076
0.1,0.1,6.5,6.5,0.074
0.1,0.1,6.6,6.6,0.064
0.1,0.1,6.7,6.7,0.082
0.1,0.1,6.8,6.8,0.084
0.1,0.1,6.9,6.9,0.064
0.1,0.1,7.0,7.0,0.072
0.1,0.1,7.1,7.1,0.068
0.1,0.1,7.2,7.2,0.064
0.1,0.1,7.3,7.3,0.094
0.1,0.1,7.4,7.4,0.066
0.1,0.1,7.5,7.5,0.084
0.1,0.1,7.6,7.6,0.08
0.1,0.1,7.7,7.7,0.072
0.1,0.1,7.8,7.8,0.076
0.1,0.1,7.9,7.9,0.084
0.1,0.1,8.0,8.0,0.084
0.1,0.1,8.1,8.1,0.054
0.1,0.1,8.2,8.2,0.06
0.1,0.1,8.3,8.3,0.064
0.1,0.1,8.4,8.4,0.062
0.1,0.1,8.5,8.5,0.06
0.1,0.1,8.6,8.6,0.088
0.1,0.1,8.7,8.7,0.09
0.1,0.1,8.8,8.8,0.082
0.1,0.1,8.9,8.9,0.058
0.1,0.1,9.0,9.0,0.082
0.1,0.1,9.1,9.1,0.07
0.1,0.1,9.2,9.2,0.1
0.1,0.1,9.3,9.3,0.072
0.1,0.1,9.4,9.4,0.064
0.1,0.1,9.5,9.5,0.092
0.1,0.1,9.6,9.6,0.062
0.1,0.1,9.7,9.7,0.068
0.1,0.1,9.8,9.8,0.078
0.1,0.1,9.9,9.9,0.068
0.1,0.1,10.0,10.0,0.08
0.1,0.1,10.1,10.1,0.08
0.1,0.1,10.2,10.2,0.07
0.1,0.1,10.3,10.3,0.084
0.1,0.1,10.4,10.4,0.068
0.1,0.1,10.5,10.5,0.06
0.1,0.1,10.6,10.6,0.068
0.1,0.1,10.7,10.7,0.066
0.1,0.1,10.8,10.8,0.098
0.1,0.1,10.9,10.9,0.074
0.1,0.1,11.0,11.0,0.076
0.1,0.1,11.1,11.1,0.052
0.1,0.1,11.2,11.2,0.054
0.1,0.1,11.3,11.3,0.05
0.1,0.1,11.4,11.4,0.072
0.1,0.1,11.5,11.5,0.056
0.1,0.1,11.6,11.6,0.092
0.1,0.1,11.7,11.7,0.068
0.1,0.1,11.8,11.8,0.06
0.1,0.1,11.9,11.9,0.068
0.1,0.1,12.0,12.0,0.064
0.1,0.1,12.1,12.1,0.082
0.1,0.1,12.2,12.2,0.052
0.1,0.1,12.3,12.3,0.058
0.1,0.1,12.4,12.4,0.074
0.1,0.1,12.5,12.5,0.078
0.1,0.1,12.6,12.6,0.08
0.1,0.1,12.7,12.7,0.064
0.1,0.1,12.8,12.8,0.052
0.1,0.1,12.9,12.9,0.078
0.1,0.1,13.0,13.0,0.082
0.1,0.1,13.1,13.1,0.084
0.1,0.1,13.2,13.2,0.09
0.1,0.1,13.3,13.3,0.068
0.1,0.1,13.4,13.4,0.088
0.1,0.1,13.5,13.5,0.054
0.1,0.1,13.6,13.6,0.076
0.1,0.1,13.7,13.7,0.062
0.1,0.1,13.8,13.8,0.068
0.1,0.1,13.9,13.9,0.072
0.1,0.1,14.0,14.0,0.07
0.1,0.1,14.1,14.1,0.08
0.1,0.1,14.2,14.2,0.074
0.1,0.1,14.3,14.3,0.062
0.1,0.1,14.4,14.4,0.074
0.1,0.1,14.5,14.5,0.07
0.1,0.1,14.6,14.6,0.06
0.1,0.1,14.7,14.7,0.06
0.1,0.1,14.8,14.8,0.062
0.1,0.1,14.9,14.9,0.072
0.1,0.1,15.0,15.0,0.07
0.1,0.1,15.1,15.1,0.052
0.2,0.2,0.1,0.1,0.47
0.2,0.2,0.2,0.2,0.706
0.2,0.2,0.3,0.3,0.768
0.2,0.2,0.4,0.4,0.766
0.2,0.2,0.5,0.5,0.672
0.2,0.2,0.6,0.6,0.534
0.2,0.2,0.7,0.7,0.332
0.2,0.2,0.8,0.8,0.24
0.2,0.2,0.9,0.9,0.19
0.2,0.2,1.0,1.0,0.17
0.2,0.2,1.1,1.1,0.136
0.2,0.2,1.2,1.2,0.11
0.2,0.2,1.3,1.3,0.124
0.2,0.2,1.4,1.4,0.108
0.2,0.2,1.5,1.5,0.122
0.2,0.2,1.6,1.6,0.092
0.2,0.2,1.7,1.7,0.1
0.2,0.2,1.8,1.8,0.088
0.2,0.2,1.9,1.9,0.108
0.2,0.2,2.0,2.0,0.098
0.2,0.2,2.1,2.1,0.112
0.2,0.2,2.2,2.2,0.104
0.2,0.2,2.3,2.3,0.086
0.2,0.2,2.4,2.4,0.096
0.2,0.2,2.5,2.5,0.088
0.2,0.2,2.6,2.6,0.09
0.2,0.2,2.7,2.7,0.092
0.2,0.2,2.8,2.8,0.124
0.2,0.2,2.9,2.9,0.092
0.2,0.2,3.0,3.0,0.104
0.2,0.2,3.1,3.1,0.08
0.2,0.2,3.2,3.2,0.066
0.2,0.2,3.3,3.3,0.07
0.2,0.2,3.4,3.4,0.068
0.2,0.2,3.5,3.5,0.076
0.2,0.2,3.6,3.6,0.068
0.2,0.2,3.7,3.7,0.08
0.2,0.2,3.8,3.8,0.086
0.2,0.2,3.9,3.9,0.066
0.2,0.2,4.0,4.0,0.082
0.2,0.2,4.1,4.1,0.072
0.2,0.2,4.2,4.2,0.08
0.2,0.2,4.3,4.3,0.078
0.2,0.2,4.4,4.4,0.1
0.2,0.2,4.5,4.5,0.06
0.2,0.2,4.6,4.6,0.058
0.2,0.2,4.7,4.7,0.072
0.2,0.2,4.8,4.8,0.094
0.2,0.2,4.9,4.9,0.098
0.2,0.2,5.0,5.0,0.058
0.2,0.2,5.1,5.1,0.078
0.2,0.2,5.2,5.2,0.092
0.2,0.2,5.3,5.3,0.056
0.2,0.2,5.4,5.4,0.074
0.2,0.2,5.5,5.5,0.068
0.2,0.2,5.6,5.6,0.074
0.2,0.2,5.7,5.7,0.094
0.2,0.2,5.8,5.8,0.078
0.2,0.2,5.9,5.9,0.086
0.2,0.2,6.0,6.0,0.07
0.2,0.2,6.1,6.1,0.088
0.2,0.2,6.2,6.2,0.082
0.2,0.2,6.3,6.3,0.082
0.2,0.2,6.4,6.4,0.074
0.2,0.2,6.5,6.5,0.086
0.2,0.2,6.6,6.6,0.072
0.2,0.2,6.7,6.7,0.08
0.2,0.2,6.8,6.8,0.066
0.2,0.2,6.9,6.9,0.066
0.2,0.2,7.0,7.0,0.062
0.2,0.2,7.1,7.1,0.086
0.2,0.2,7.2,7.2,0.074
0.2,0.2,7.3,7.3,0.056
0.2,0.2,7.4,7.4,0.072
0.2,0.2,7.5,7.5,0.054
0.2,0.2,7.6,7.6,0.084
0.2,0.2,7.7,7.7,0.078
0.2,0.2,7.8,7.8,0.08
0.2,0.2,7.9,7.9,0.076
0.2,0.2,8.0,8.0,0.074
0.2,0.2,8.1,8.1,0.066
0.2,0.2,8.2,8.2,0.082
0.2,0.2,8.3,8.3,0.092
0.2,0.2,8.4,8.4,0.062
0.2,0.2,8.5,8.5,0.068
0.2,0.2,8.6,8.6,0.086
0.2,0.2,8.7,8.7,0.098
0.2,0.2,8.8,8.8,0.062
0.2,0.2,8.9,8.9,0.078
0.2,0.2,9.0,9.0,0.066
0.2,0.2,9.1,9.1,0.08
0.2,0.2,9.2,9.2,0.052
0.2,0.2,9.3,9.3,0.076
0.2,0.2,9.4,9.4,0.074
0.2,0.2,9.5,9.5,0.062
0.2,0.2,9.6,9.6,0.084
0.2,0.2,9.7,9.7,0.072
0.2,0.2,9.8,9.8,0.062
0.2,0.2,9.9,9.9,0.102
0.2,0.2,10.0,10.0,0.066
0.2,0.2,10.1,10.1,0.086
0.2,0.2,10.2,10.2,0.058
0.2,0.2,10.3,10.3,0.06
0.2,0.2,10.4,10.4,0.086
0.2,0.2,10.5,10.5,0.08
0.2,0.2,10.6,10.6,0.094
0.2,0.2,10.7,10.7,0.07
0.2,0.2,10.8,10.8,0.068
0.2,0.2,10.9,10.9,0.074
0.2,0.2,11.0,11.0,0.076
0.2,0.2,11.1,11.1,0.092
0.2,0.2,11.2,11.2,0.086
0.2,0.2,11.3,11.3,0.074
0.2,0.2,11.4,11.4,0.086
0.2,0.2,11.5,11.5,0.086
0.2,0.2,11.6,11.6,0.076
0.2,0.2,11.7,11.7,0.052
0.2,0.2,11.8,11.8,0.074
0.2,0.2,11.9,11.9,0.086
0.2,0.2,12.0,12.0,0.106
0.2,0.2,12.1,12.1,0.064
0.2,0.2,12.2,12.2,0.062
0.2,0.2,12.3,12.3,0.048
0.2,0.2,12.4,12.4,0.05
0.2,0.2,12.5,12.5,0.072
0.2,0.2,12.6,12.6,0.072
0.2,0.2,12.7,12.7,0.068
0.2,0.2,12.8,12.8,0.082
0.2,0.2,12.9,12.9,0.06
0.2,0.2,13.0,13.0,0.076
0.2,0.2,13.1,13.1,0.05
0.2,0.2,13.2,13.2,0.098
0.2,0.2,13.3,13.3,0.08
0.2,0.2,13.4,13.4,0.078
0.2,0.2,13.5,13.5,0.062
0.2,0.2,13.6,13.6,0.076
0.2,0.2,13.7,13.7,0.068
0.2,0.2,13.8,13.8,0.066
0.2,0.2,13.9,13.9,0.056
0.2,0.2,14.0,14.0,0.06
0.2,0.2,14.1,14.1,0.07
0.2,0.2,14.2,14.2,0.074
0.2,0.2,14.3,14.3,0.054
0.2,0.2,14.4,14.4,0.078
0.2,0.2,14.5,14.5,0.094
0.2,0.2,14.6,14.6,0.084
0.2,0.2,14.7,14.7,0.054
0.2,0.2,14.8,14.8,0.06
0.2,0.2,14.9,14.9,0.052
0.2,0.2,15.0,15.0,0.064
0.2,0.2,15.1,15.1,0.09
0.3,0.3,0.1,0.1,0.376
0.3,0.3,0.2,0.2,0.498
0.3,0.3,0.3,0.3,0.734
0.3,0.3,0.4,0.4,0.744
0.3,0.3,0.5,0.5,0.792
0.3,0.3,0.6,0.6,0.76
0.3,0.3,0.7,0.7,0.766
0.3,0.3,0.8,0.8,0.694
0.3,0.3,0.9,0.9,0.52
0.3,0.3,1.0,1.0,0.406
0.3,0.3,1.1,1.1,0.28
0.3,0.3,1.2,1.2,0.256
0.3,0.3,1.3,1.3,0.204
0.3,0.3,1.4,1.4,0.178
0.3,0.3,1.5,1.5,0.17
0.3,0.3,1.6,1.6,0.144
0.3,0.3,1.7,1.7,0.136
0.3,0.3,1.8,1.8,0.168
0.3,0.3,1.9,1.9,0.112
0.3,0.3,2.0,2.0,0.134
0.3,0.3,2.1,2.1,0.118
0.3,0.3,2.2,2.2,0.114
0.3,0.3,2.3,2.3,0.104
0.3,0.3,2.4,2.4,0.128
0.3,0.3,2.5,2.5,0.092
0.3,0.3,2.6,2.6,0.084
0.3,0.3,2.7,2.7,0.102
0.3,0.3,2.8,2.8,0.086
0.3,0.3,2.9,2.9,0.124
0.3,0.3,3.0,3.0,0.092
0.3,0.3,3.1,3.1,0.084
0.3,0.3,3.2,3.2,0.124
0.3,0.3,3.3,3.3,0.092
0.3,0.3,3.4,3.4,0.098
0.3,0.3,3.5,3.5,0.09
0.3,0.3,3.6,3.6,0.11
0.3,0.3,3.7,3.7,0.082
0.3,0.3,3.8,3.8,0.096
0.3,0.3,3.9,3.9,0.074
0.3,0.3,4.0,4.0,0.09
0.3,0.3,4.1,4.1,0.096
0.3,0.3,4.2,4.2,0.068
0.3,0.3,4.3,4.3,0.08
0.3,0.3,4.4,4.4,0.084
0.3,0.3,4.5,4.5,0.072
0.3,0.3,4.6,4.6,0.092
0.3,0.3,4.7,4.7,0.08
0.3,0.3,4.8,4.8,0.1
0.3,0.3,4.9,4.9,0.066
0.3,0.3,5.0,5.0,0.076
0.3,0.3,5.1,5.1,0.102
0.3,0.3,5.2,5.2,0.078
0.3,0.3,5.3,5.3,0.08
0.3,0.3,5.4,5.4,0.066
0.3,0.3,5.5,5.5,0.074
0.3,0.3,5.6,5.6,0.074
0.3,0.3,5.7,5.7,0.082
0.3,0.3,5.8,5.8,0.082
0.3,0.3,5.9,5.9,0.082
0.3,0.3,6.0,6.0,0.084
0.3,0.3,6.1,6.1,0.084
0.3,0.3,6.2,6.2,0.084
0.3,0.3,6.3,6.3,0.074
0.3,0.3,6.4,6.4,0.074
0.3,0.3,6.5,6.5,0.088
0.3,0.3,6.6,6.6,0.088
0.3,0.3,6.7,6.7,0.066
0.3,0.3,6.8,6.8,0.078
0.3,0.3,6.9,6.9,0.104
0.3,0.3,7.0,7.0,0.106
0.3,0.3,7.1,7.1,0.104
0.3,0.3,7.2,7.2,0.08
0.3,0.3,7.3,7.3,0.084
0.3,0.3,7.4,7.4,0.07
0.3,0.3,7.5,7.5,0.068
0.3,0.3,7.6,7.6,0.094
0.3,0.3,7.7,7.7,0.07
0.3,0.3,7.8,7.8,0.082
0.3,0.3,7.9,7.9,0.086
0.3,0.3,8.0,8.0,0.084
0.3,0.3,8.1,8.1,0.074
0.3,0.3,8.2,8.2,0.068
0.3,0.3,8.3,8.3,0.078
0.3,0.3,8.4,8.4,0.086
0.3,0.3,8.5,8.5,0.084
0.3,0.3,8.6,8.6,0.092
0.3,0.3,8.7,8.7,0.094
0.3,0.3,8.8,8.8,0.076
0.3,0.3,8.9,8.9,0.074
0.3,0.3,9.0,9.0,0.076
0.3,0.3,9.1,9.1,0.072
0.3,0.3,9.2,9.2,0.062
0.3,0.3,9.3,9.3,0.054
0.3,0.3,9.4,9.4,0.084
0.3,0.3,9.5,9.5,0.078
0.3,0.3,9.6,9.6,0.056
0.3,0.3,9.7,9.7,0.064
0.3,0.3,9.8,9.8,0.086
0.3,0.3,9.9,9.9,0.088
0.3,0.3,10.0,10.0,0.072
0.3,0.3,10.1,10.1,0.04
0.3,0.3,10.2,10.2,0.08
0.3,0.3,10.3,10.3,0.08
0.3,0.3,10.4,10.4,0.082
0.3,0.3,10.5,10.5,0.068
0.3,0.3,10.6,10.6,0.082
0.3,0.3,10.7,10.7,0.086
0.3,0.3,10.8,10.8,0.07
0.3,0.3,10.9,10.9,0.076
0.3,0.3,11.0,11.0,0.062
0.3,0.3,11.1,11.1,0.074
0.3,0.3,11.2,11.2,0.07
0.3,0.3,11.3,11.3,0.078
0.3,0.3,11.4,11.4,0.07
0.3,0.3,11.5,11.5,0.05
0.3,0.3,11.6,11.6,0.068
0.3,0.3,11.7,11.7,0.086
0.3,0.3,11.8,11.8,0.054
0.3,0.3,11.9,11.9,0.068
0.3,0.3,12.0,12.0,0.064
0.3,0.3,12.1,12.1,0.052
0.3,0.3,12.2,12.2,0.074
0.3,0.3,12.3,12.3,0.052
0.3,0.3,12.4,12.4,0.058
0.3,0.3,12.5,12.5,0.064
0.3,0.3,12.6,12.6,0.074
0.3,0.3,12.7,12.7,0.072
0.3,0.3,12.8,12.8,0.066
0.3,0.3,12.9,12.9,0.074
0.3,0.3,13.0,13.0,0.106
0.3,0.3,13.1,13.1,0.1
0.3,0.3,13.2,13.2,0.064
0.3,0.3,13.3,13.3,0.086
0.3,0.3,13.4,13.4,0.068
0.3,0.3,13.5,13.5,0.07
0.3,0.3,13.6,13.6,0.088
0.3,0.3,13.7,13.7,0.08
0.3,0.3,13.8,13.8,0.082
0.3,0.3,13.9,13.9,0.084
0.3,0.3,14.0,14.0,0.08
0.3,0.3,14.1,14.1,0.088
0.3,0.3,14.2,14.2,0.07
0.3,0.3,14.3,14.3,0.082
0.3,0.3,14.4,14.4,0.054
0.3,0.3,14.5,14.5,0.07
0.3,0.3,14.6,14.6,0.058
0.3,0.3,14.7,14.7,0.066
0.3,0.3,14.8,14.8,0.066
0.3,0.3,14.9,14.9,0.076
0.3,0.3,15.0,15.0,0.068
0.3,0.3,15.1,15.1,0.082
0.4,0.4,0.1,0.1,0.288
0.4,0.4,0.2,0.2,0.492
0.4,0.4,0.3,0.3,0.598
0.4,0.4,0.4,0.4,0.718
0.4,0.4,0.5,0.5,0.718
0.4,0.4,0.6,0.6,0.75
0.4,0.4,0.7,0.7,0.77
0.4,0.4,0.8,0.8,0.752
0.4,0.4,0.9,0.9,0.758
0.4,0.4,1.0,1.0,0.71
0.4,0.4,1.1,1.1,0.626
0.4,0.4,1.2,1.2,0.554
0.4,0.4,1.3,1.3,0.444
0.4,0.4,1.4,1.4,0.332
0.4,0.4,1.5,1.5,0.264
0.4,0.4,1.6,1.6,0.206
0.4,0.4,1.7,1.7,0.23
0.4,0.4,1.8,1.8,0.182
0.4,0.4,1.9,1.9,0.164
0.4,0.4,2.0,2.0,0.154
0.4,0.4,2.1,2.1,0.136
0.4,0.4,2.2,2.2,0.11
0.4,0.4,2.3,2.3,0.126
0.4,0.4,2.4,2.4,0.116
0.4,0.4,2.5,2.5,0.112
0.4,0.4,2.6,2.6,0.128
0.4,0.4,2.7,2.7,0.136
0.4,0.4,2.8,2.8,0.118
0.4,0.4,2.9,2.9,0.132
0.4,0.4,3.0,3.0,0.124
0.4,0.4,3.1,3.1,0.122
0.4,0.4,3.2,3.2,0.104
0.4,0.4,3.3,3.3,0.11
0.4,0.4,3.4,3.4,0.096
0.4,0.4,3.5,3.5,0.108
0.4,0.4,3.6,3.6,0.102
0.4,0.4,3.7,3.7,0.102
0.4,0.4,3.8,3.8,0.08
0.4,0.4,3.9,3.9,0.094
0.4,0.4,4.0,4.0,0.094
0.4,0.4,4.1,4.1,0.09
0.4,0.4,4.2,4.2,0.092
0.4,0.4,4.3,4.3,0.054
0.4,0.4,4.4,4.4,0.088
0.4,0.4,4.5,4.5,0.112
0.4,0.4,4.6,4.6,0.116
0.4,0.4,4.7,4.7,0.078
0.4,0.4,4.8,4.8,0.094
0.4,0.4,4.9,4.9,0.098
0.4,0.4,5.0,5.0,0.1
0.4,0.4,5.1,5.1,0.102
0.4,0.4,5.2,5.2,0.074
0.4,0.4,5.3,5.3,0.094
0.4,0.4,5.4,5.4,0.094
0.4,0.4,5.5,5.5,0.082
0.4,0.4,5.6,5.6,0.092
0.4,0.4,5.7,5.7,0.102
0.4,0.4,5.8,5.8,0.086
0.4,0.4,5.9,5.9,0.096
0.4,0.4,6.0,6.0,0.094
0.4,0.4,6.1,6.1,0.104
0.4,0.4,6.2,6.2,0.098
0.4,0.4,6.3,6.3,0.082
0.4,0.4,6.4,6.4,0.072
0.4,0.4,6.5,6.5,0.082
0.4,0.4,6.6,6.6,0.092
0.4,0.4,6.7,6.7,0.104
0.4,0.4,6.8,6.8,0.058
0.4,0.4,6.9,6.9,0.082
0.4,0.4,7.0,7.0,0.084
0.4,0.4,7.1,7.1,0.076
0.4,0.4,7.2,7.2,0.07
0.4,0.4,7.3,7.3,0.086
0.4,0.4,7.4,7.4,0.076
0.4,0.4,7.5,7.5,0.084
0.4,0.4,7.6,7.6,0.072
0.4,0.4,7.7,7.7,0.066
0.4,0.4,7.8,7.8,0.104
0.4,0.4,7.9,7.9,0.078
0.4,0.4,8.0,8.0,0.072
0.4,0.4,8.1,8.1,0.06
0.4,0.4,8.2,8.2,0.074
0.4,0.4,8.3,8.3,0.074
0.4,0.4,8.4,8.4,0.094
0.4,0.4,8.5,8.5,0.086
0.4,0.4,8.6,8.6,0.08
0.4,0.4,8.7,8.7,0.06
0.4,0.4,8.8,8.8,0.084
0.4,0.4,8.9,8.9,0.092
0.4,0.4,9.0,9.0,0.054
0.4,0.4,9.1,9.1,0.104
0.4,0.4,9.2,9.2,0.074
0.4,0.4,9.3,9.3,0.09
0.4,0.4,9.4,9.4,0.054
0.4,0.4,9.5,9.5,0.092
0.4,0.4,9.6,9.6,0.08
0.4,0.4,9.7,9.7,0.06
0.4,0.4,9.8,9.8,0.076
0.4,0.4,9.9,9.9,0.086
0.4,0.4,10.0,10.0,0.076
0.4,0.4,10.1,10.1,0.068
0.4,0.4,10.2,10.2,0.086
0.4,0.4,10.3,10.3,0.066
0.4,0.4,10.4,10.4,0.078
0.4,0.4,10.5,10.5,0.082
0.4,0.4,10.6,10.6,0.062
0.4,0.4,10.7,10.7,0.072
0.4,0.4,10.8,10.8,0.08
0.4,0.4,10.9,10.9,0.078
0.4,0.4,11.0,11.0,0.068
0.4,0.4,11.1,11.1,0.092
0.4,0.4,11.2,11.2,0.072
0.4,0.4,11.3,11.3,0.07
0.4,0.4,11.4,11.4,0.082
0.4,0.4,11.5,11.5,0.052
0.4,0.4,11.6,11.6,0.096
0.4,0.4,11.7,11.7,0.07
0.4,0.4,11.8,11.8,0.072
0.4,0.4,11.9,11.9,0.074
0.4,0.4,12.0,12.0,0.078
0.4,0.4,12.1,12.1,0.048
0.4,0.4,12.2,12.2,0.078
0.4,0.4,12.3,12.3,0.078
0.4,0.4,12.4,12.4,0.072
0.4,0.4,12.5,12.5,0.072
0.4,0.4,12.6,12.6,0.088
0.4,0.4,12.7,12.7,0.078
0.4,0.4,12.8,12.8,0.08
0.4,0.4,12.9,12.9,0.066
0.4,0.4,13.0,13.0,0.066
0.4,0.4,13.1,13.1,0.086
0.4,0.4,13.2,13.2,0.076
0.4,0.4,13.3,13.3,0.082
0.4,0.4,13.4,13.4,0.066
0.4,0.4,13.5,13.5,0.072
0.4,0.4,13.6,13.6,0.056
0.4,0.4,13.7,13.7,0.094
0.4,0.4,13.8,13.8,0.074
0.4,0.4,13.9,13.9,0.082
0.4,0.4,14.0,14.0,0.064
0.4,0.4,14.1,14.1,0.094
0.4,0.4,14.2,14.2,0.068
0.4,0.4,14.3,14.3,0.07
0.4,0.4,14.4,14.4,0.064
0.4,0.4,14.5,14.5,0.076
0.4,0.4,14.6,14.6,0.088
0.4,0.4,14.7,14.7,0.07
0.4,0.4,14.8,14.8,0.076
0.4,0.4,14.9,14.9,0.094
0.4,0.4,15.0,15.0,0.084
0.4,0.4,15.1,15.1,0.072
0.5,0.5,0.1,0.1,0.264
0.5,0.5,0.2,0.2,0.39
0.5,0.5,0.3,0.3,0.54
0.5,0.5,0.4,0.4,0.676
0.5,0.5,0.5,0.5,0.664
0.5,0.5,0.6,0.6,0.744
0.5,0.5,0.7,0.7,0.74
0.5,0.5,0.8,0.8,0.788
0.5,0.5,0.9,0.9,0.784
0.5,0.5,1.0,1.0,0.76
0.5,0.5,1.1,1.1,0.75
0.5,0.5,1.2,1.2,0.732
0.5,0.5,1.3,1.3,0.67
0.5,0.5,1.4,1.4,0.602
0.5,0.5,1.5,1.5,0.514
0.5,0.5,1.6,1.6,0.47
0.5,0.5,1.7,1.7,0.342
0.5,0.5,1.8,1.8,0.32
0.5,0.5,1.9,1.9,0.252
0.5,0.5,2.0,2.0,0.238
0.5,0.5,2.1,2.1,0.166
0.5,0.5,2.2,2.2,0.198
0.5,0.5,2.3,2.3,0.168
0.5,0.5,2.4,2.4,0.19
0.5,0.5,2.5,2.5,0.182
0.5,0.5,2.6,2.6,0.152
0.5,0.5,2.7,2.7,0.134
0.5,0.5,2.8,2.8,0.138
0.5,0.5,2.9,2.9,0.138
0.5,0.5,3.0,3.0,0.148
0.5,0.5,3.1,3.1,0.124
0.5,0.5,3.2,3.2,0.11
0.5,0.5,3.3,3.3,0.138
0.5,0.5,3.4,3.4,0.114
0.5,0.5,3.5,3.5,0.11
0.5,0.5,3.6,3.6,0.108
0.5,0.5,3.7,3.7,0.108
0.5,0.5,3.8,3.8,0.126
0.5,0.5,3.9,3.9,0.104
0.5,0.5,4.0,4.0,0.13
0.5,0.5,4.1,4.1,0.12
0.5,0.5,4.2,4.2,0.11
0.5,0.5,4.3,4.3,0.1
0.5,0.5,4.4,4.4,0.138
0.5,0.5,4.5,4.5,0.09
0.5,0.5,4.6,4.6,0.09
0.5,0.5,4.7,4.7,0.078
0.5,0.5,4.8,4.8,0.074
0.5,0.5,4.9,4.9,0.1
0.5,0.5,5.0,5.0,0.076
0.5,0.5,5.1,5.1,0.106
0.5,0.5,5.2,5.2,0.104
0.5,0.5,5.3,5.3,0.092
0.5,0.5,5.4,5.4,0.094
0.5,0.5,5.5,5.5,0.088
0.5,0.5,5.6,5.6,0.074
0.5,0.5,5.7,5.7,0.062
0.5,0.5,5.8,5.8,0.106
0.5,0.5,5.9,5.9,0.108
0.5,0.5,6.0,6.0,0.07
0.5,0.5,6.1,6.1,0.11
0.5,0.5,6.2,6.2,0.112
0.5,0.5,6.3,6.3,0.098
0.5,0.5,6.4,6.4,0.078
0.5,0.5,6.5,6.5,0.078
0.5,0.5,6.6,6.6,0.08
0.5,0.5,6.7,6.7,0.116
0.5,0.5,6.8,6.8,0.11
0.5,0.5,6.9,6.9,0.084
0.5,0.5,7.0,7.0,0.106
0.5,0.5,7.1,7.1,0.108
0.5,0.5,7.2,7.2,0.088
0.5,0.5,7.3,7.3,0.094
0.5,0.5,7.4,7.4,0.074
0.5,0.5,7.5,7.5,0.08
0.5,0.5,7.6,7.6,0.088
0.5,0.5,7.7,7.7,0.1
0.5,0.5,7.8,7.8,0.078
0.5,0.5,7.9,7.9,0.098
0.5,0.5,8.0,8.0,0.084
0.5,0.5,8.1,8.1,0.062
0.5,0.5,8.2,8.2,0.122
0.5,0.5,8.3,8.3,0.064
0.5,0.5,8.4,8.4,0.064
0.5,0.5,8.5,8.5,0.074
0.5,0.5,8.6,8.6,0.088
0.5,0.5,8.7,8.7,0.054
0.5,0.5,8.8,8.8,0.068
0.5,0.5,8.9,8.9,0.086
0.5,0.5,9.0,9.0,0.078
0.5,0.5,9.1,9.1,0.082
0.5,0.5,9.2,9.2,0.082
0.5,0.5,9.3,9.3,0.096
0.5,0.5,9.4,9.4,0.076
0.5,0.5,9.5,9.5,0.082
0.5,0.5,9.6,9.6,0.092
0.5,0.5,9.7,9.7,0.068
0.5,0.5,9.8,9.8,0.076
0.5,0.5,9.9,9.9,0.092
0.5,0.5,10.0,10.0,0.094
0.5,0.5,10.1,10.1,0.06
0.5,0.5,10.2,10.2,0.082
0.5,0.5,10.3,10.3,0.074
0.5,0.5,10.4,10.4,0.1
0.5,0.5,10.5,10.5,0.056
0.5,0.5,10.6,10.6,0.064
0.5,0.5,10.7,10.7,0.088
0.5,0.5,10.8,10.8,0.064
0.5,0.5,10.9,10.9,0.082
0.5,0.5,11.0,11.0,0.08
0.5,0.5,11.1,11.1,0.074
0.5,0.5,11.2,11.2,0.084
0.5,0.5,11.3,11.3,0.074
0.5,0.5,11.4,11.4,0.06
0.5,0.5,11.5,11.5,0.082
0.5,0.5,11.6,11.6,0.064
0.5,0.5,11.7,11.7,0.06
0.5,0.5,11.8,11.8,0.072
0.5,0.5,11.9,11.9,0.08
0.5,0.5,12.0,12.0,0.11
0.5,0.5,12.1,12.1,0.078
0.5,0.5,12.2,12.2,0.07
0.5,0.5,12.3,12.3,0.09
0.5,0.5,12.4,12.4,0.07
0.5,0.5,12.5,12.5,0.092
0.5,0.5,12.6,12.6,0.076
0.5,0.5,12.7,12.7,0.064
0.5,0.5,12.8,12.8,0.068
0.5,0.5,12.9,12.9,0.07
0.5,0.5,13.0,13.0,0.092
0.5,0.5,13.1,13.1,0.072
0.5,0.5,13.2,13.2,0.092
0.5,0.5,13.3,13.3,0.082
0.5,0.5,13.4,13.4,0.074
0.5,0.5,13.5,13.5,0.084
0.5,0.5,13.6,13.6,0.096
0.5,0.5,13.7,13.7,0.088
0.5,0.5,13.8,13.8,0.082
0.5,0.5,13.9,13.9,0.078
0.5,0.5,14.0,14.0,0.082
0.5,0.5,14.1,14.1,0.08
0.5,0.5,14.2,14.2,0.09
0.5,0.5,14.3,14.3,0.098
0.5,0.5,14.4,14.4,0.078
0.5,0.5,14.5,14.5,0.08
0.5,0.5,14.6,14.6,0.08
0.5,0.5,14.7,14.7,0.086
0.5,0.5,14.8,14.8,0.09
0.5,0.5,14.9,14.9,0.066
0.5,0.5,15.0,15.0,0.078
0.5,0.5,15.1,15.1,0.08
0.6,0.6,0.1,0.1,0.19
0.6,0.6,0.2,0.2,0.412
0.6,0.6,0.3,0.3,0.448
0.6,0.6,0.4,0.4,0.568
0.6,0.6,0.5,0.5,0.662
0.6,0.6,0.6,0.6,0.696
0.6,0.6,0.7,0.7,0.716
0.6,0.6,0.8,0.8,0.738
0.6,0.6,0.9,0.9,0.75
0.6,0.6,1.0,1.0,0.746
0.6,0.6,1.1,1.1,0.75
0.6,0.6,1.2,1.2,0.754
0.6,0.6,1.3,1.3,0.784
0.6,0.6,1.4,1.4,0.692
0.6,0.6,1.5,1.5,0.656
0.6,0.6,1.6,1.6,0.66
0.6,0.6,1.7,1.7,0.588
0.6,0.6,1.8,1.8,0.512
0.6,0.6,1.9,1.9,0.436
0.6,0.6,2.0,2.0,0.414
0.6,0.6,2.1,2.1,0.35
0.6,0.6,2.2,2.2,0.328
0.6,0.6,2.3,2.3,0.294
0.6,0.6,2.4,2.4,0.256
0.6,0.6,2.5,2.5,0.232
0.6,0.6,2.6,2.6,0.186
0.6,0.6,2.7,2.7,0.178
0.6,0.6,2.8,2.8,0.162
0.6,0.6,2.9,2.9,0.166
0.6,0.6,3.0,3.0,0.148
0.6,0.6,3.1,3.1,0.164
0.6,0.6,3.2,3.2,0.146
0.6,0.6,3.3,3.3,0.176
0.6,0.6,3.4,3.4,0.136
0.6,0.6,3.5,3.5,0.126
0.6,0.6,3.6,3.6,0.116
0.6,0.6,3.7,3.7,0.104
0.6,0.6,3.8,3.8,0.138
0.6,0.6,3.9,3.9,0.124
0.6,0.6,4.0,4.0,0.12
0.6,0.6,4.1,4.1,0.116
0.6,0.6,4.2,4.2,0.098
0.6,0.6,4.3,4.3,0.126
0.6,0.6,4.4,4.4,0.118
0.6,0.6,4.5,4.5,0.108
0.6,0.6,4.6,4.6,0.104
0.6,0.6,4.7,4.7,0.12
0.6,0.6,4.8,4.8,0.086
0.6,0.6,4.9,4.9,0.118
0.6,0.6,5.0,5.0,0.098
0.6,0.6,5.1,5.1,0.112
0.6,0.6,5.2,5.2,0.118
0.6,0.6,5.3,5.3,0.104
0.6,0.6,5.4,5.4,0.094
0.6,0.6,5.5,5.5,0.09
0.6,0.6,5.6,5.6,0.086
0.6,0.6,5.7,5.7,0.092
0.6,0.6,5.8,5.8,0.092
0.6,0.6,5.9,5.9,0.096
0.6,0.6,6.0,6.0,0.092
0.6,0.6,6.1,6.1,0.072
0.6,0.6,6.2,6.2,0.1
0.6,0.6,6.3,6.3,0.1
0.6,0.6,6.4,6.4,0.11
0.6,0.6,6.5,6.5,0.102
0.6,0.6,6.6,6.6,0.092
0.6,0.6,6.7,6.7,0.068
0.6,0.6,6.8,6.8,0.11
0.6,0.6,6.9,6.9,0.092
0.6,0.6,7.0,7.0,0.096
0.6,0.6,7.1,7.1,0.09
0.6,0.6,7.2,7.2,0.09
0.6,0.6,7.3,7.3,0.088
0.6,0.6,7.4,7.4,0.108
0.6,0.6,7.5,7.5,0.08
0.6,0.6,7.6,7.6,0.066
0.6,0.6,7.7,7.7,0.096
0.6,0.6,7.8,7.8,0.092
0.6,0.6,7.9,7.9,0.07
0.6,0.6,8.0,8.0,0.094
0.6,0.6,8.1,8.1,0.084
0.6,0.6,8.2,8.2,0.108
0.6,0.6,8.3,8.3,0.102
0.6,0.6,8.4,8.4,0.074
0.6,0.6,8.5,8.5,0.094
0.6,0.6,8.6,8.6,0.104
0.6,0.6,8.7,8.7,0.07
0.6,0.6,8.8,8.8,0.1
0.6,0.6,8.9,8.9,0.054
0.6,0.6,9.0,9.0,0.086
0.6,0.6,9.1,9.1,0.074
0.6,0.6,9.2,9.2,0.068
0.6,0.6,9.3,9.3,0.072
0.6,0.6,9.4,9.4,0.08
0.6,0.6,9.5,9.5,0.076
0.6,0.6,9.6,9.6,0.076
0.6,0.6,9.7,9.7,0.098
0.6,0.6,9.8,9.8,0.098
0.6,0.6,9.9,9.9,0.078
0.6,0.6,10.0,10.0,0.088
0.6,0.6,10.1,10.1,0.052
0.6,0.6,10.2,10.2,0.086
0.6,0.6,10.3,10.3,0.11
0.6,0.6,10.4,10.4,0.066
0.6,0.6,10.5,10.5,0.098
0.6,0.6,10.6,10.6,0.064
0.6,0.6,10.7,10.7,0.076
0.6,0.6,10.8,10.8,0.082
0.6,0.6,10.9,10.9,0.082
0.6,0.6,11.0,11.0,0.102
0.6,0.6,11.1,11.1,0.092
0.6,0.6,11.2,11.2,0.058
0.6,0.6,11.3,11.3,0.078
0.6,0.6,11.4,11.4,0.088
0.6,0.6,11.5,11.5,0.058
0.6,0.6,11.6,11.6,0.072
0.6,0.6,11.7,11.7,0.074
0.6,0.6,11.8,11.8,0.062
0.6,0.6,11.9,11.9,0.08
0.6,0.6,12.0,12.0,0.072
0.6,0.6,12.1,12.1,0.084
0.6,0.6,12.2,12.2,0.078
0.6,0.6,12.3,12.3,0.084
0.6,0.6,12.4,12.4,0.092
0.6,0.6,12.5,12.5,0.066
0.6,0.6,12.6,12.6,0.086
0.6,0.6,12.7,12.7,0.082
0.6,0.6,12.8,12.8,0.106
0.6,0.6,12.9,12.9,0.078
0.6,0.6,13.0,13.0,0.092
0.6,0.6,13.1,13.1,0.084
0.6,0.6,13.2,13.2,0.08
0.6,0.6,13.3,13.3,0.076
0.6,0.6,13.4,13.4,0.086
0.6,0.6,13.5,13.5,0.078
0.6,0.6,13.6,13.6,0.072
0.6,0.6,13.7,13.7,0.076
0.6,0.6,13.8,13.8,0.09
0.6,0.6,13.9,13.9,0.072
0.6,0.6,14.0,14.0,0.09
0.6,0.6,14.1,14.1,0.088
0.6,0.6,14.2,14.2,0.08
0.6,0.6,14.3,14.3,0.078
0.6,0.6,14.4,14.4,0.084
0.6,0.6,14.5,14.5,0.05
0.6,0.6,14.6,14.6,0.076
0.6,0.6,14.7,14.7,0.082
0.6,0.6,14.8,14.8,0.074
0.6,0.6,14.9,14.9,0.08
0.6,0.6,15.0,15.0,0.08
0.6,0.6,15.1,15.1,0.084
0.7,0.7,0.1,0.1,0.19
0.7,0.7,0.2,0.2,0.316
0.7,0.7,0.3,0.3,0.448
0.7,0.7,0.4,0.4,0.528
0.7,0.7,0.5,0.5,0.616
0.7,0.7,0.6,0.6,0.632
0.7,0.7,0.7,0.7,0.698
0.7,0.7,0.8,0.8,0.732
0.7,0.7,0.9,0.9,0.744
0.7,0.7,1.0,1.0,0.77
0.7,0.7,1.1,1.1,0.77
0.7,0.7,1.2,1.2,0.786
0.7,0.7,1.3,1.3,0.766
0.7,0.7,1.4,1.4,0.746
0.7,0.7,1.5,1.5,0.778
0.7,0.7,1.6,1.6,0.722
0.7,0.7,1.7,1.7,0.744
0.7,0.7,1.8,1.8,0.648
0.7,0.7,1.9,1.9,0.632
0.7,0.7,2.0,2.0,0.586
0.7,0.7,2.1,2.1,0.528
0.7,0.7,2.2,2.2,0.462
0.7,0.7,2.3,2.3,0.436
0.7,0.7,2.4,2.4,0.402
0.7,0.7,2.5,2.5,0.344
0.7,0.7,2.6,2.6,0.292
0.7,0.7,2.7,2.7,0.264
0.7,0.7,2.8,2.8,0.248
0.7,0.7,2.9,2.9,0.216
0.7,0.7,3.0,3.0,0.206
0.7,0.7,3.1,3.1,0.214
0.7,0.7,3.2,3.2,0.152
0.7,0.7,3.3,3.3,0.17
0.7,0.7,3.4,3.4,0.166
0.7,0.7,3.5,3.5,0.178
0.7,0.7,3.6,3.6,0.166
0.7,0.7,3.7,3.7,0.14
0.7,0.7,3.8,3.8,0.122
0.7,0.7,3.9,3.9,0.172
0.7,0.7,4.0,4.0,0.124
0.7,0.7,4.1,4.1,0.118
0.7,0.7,4.2,4.2,0.134
0.7,0.7,4.3,4.3,0.128
0.7,0.7,4.4,4.4,0.116
0.7,0.7,4.5,4.5,0.122
0.7,0.7,4.6,4.6,0.134
0.7,0.7,4.7,4.7,0.116
0.7,0.7,4.8,4.8,0.122
0.7,0.7,4.9,4.9,0.106
0.7,0.7,5.0,5.0,0.102
0.7,0.7,5.1,5.1,0.14
0.7,0.7,5.2,5.2,0.126
0.7,0.7,5.3,5.3,0.11
0.7,0.7,5.4,5.4,0.086
0.7,0.7,5.5,5.5,0.088
0.7,0.7,5.6,5.6,0.128
0.7,0.7,5.7,5.7,0.128
0.7,0.7,5.8,5.8,0.074
0.7,0.7,5.9,5.9,0.122
0.7,0.7,6.0,6.0,0.102
0.7,0.7,6.1,6.1,0.122
0.7,0.7,6.2,6.2,0.078
0.7,0.7,6.3,6.3,0.098
0.7,0.7,6.4,6.4,0.114
0.7,0.7,6.5,6.5,0.118
0.7,0.7,6.6,6.6,0.108
0.7,0.7,6.7,6.7,0.098
0.7,0.7,6.8,6.8,0.082
0.7,0.7,6.9,6.9,0.104
0.7,0.7,7.0,7.0,0.098
0.7,0.7,7.1,7.1,0.096
0.7,0.7,7.2,7.2,0.086
0.7,0.7,7.3,7.3,0.112
0.7,0.7,7.4,7.4,0.076
0.7,0.7,7.5,7.5,0.082
0.7,0.7,7.6,7.6,0.102
0.7,0.7,7.7,7.7,0.084
0.7,0.7,7.8,7.8,0.08
0.7,0.7,7.9,7.9,0.072
0.7,0.7,8.0,8.0,0.078
0.7,0.7,8.1,8.1,0.096
0.7,0.7,8.2,8.2,0.088
0.7,0.7,8.3,8.3,0.09
0.7,0.7,8.4,8.4,0.104
0.7,0.7,8.5,8.5,0.09
0.7,0.7,8.6,8.6,0.092
0.7,0.7,8.7,8.7,0.074
0.7,0.7,8.8,8.8,0.084
0.7,0.7,8.9,8.9,0.104
0.7,0.7,9.0,9.0,0.11
0.7,0.7,9.1,9.1,0.1
0.7,0.7,9.2,9.2,0.084
0.7,0.7,9.3,9.3,0.096
0.7,0.7,9.4,9.4,0.084
0.7,0.7,9.5,9.5,0.09
0.7,0.7,9.6,9.6,0.096
0.7,0.7,9.7,9.7,0.08
0.7,0.7,9.8,9.8,0.096
0.7,0.7,9.9,9.9,0.082
0.7,0.7,10.0,10.0,0.082
0.7,0.7,10.1,10.1,0.088
0.7,0.7,10.2,10.2,0.084
0.7,0.7,10.3,10.3,0.08
0.7,0.7,10.4,10.4,0.084
0.7,0.7,10.5,10.5,0.068
0.7,0.7,10.6,10.6,0.074
0.7,0.7,10.7,10.7,0.076
0.7,0.7,10.8,10.8,0.076
0.7,0.7,10.9,10.9,0.096
0.7,0.7,11.0,11.0,0.064
0.7,0.7,11.1,11.1,0.088
0.7,0.7,11.2,11.2,0.08
0.7,0.7,11.3,11.3,0.082
0.7,0.7,11.4,11.4,0.082
0.7,0.7,11.5,11.5,0.106
0.7,0.7,11.6,11.6,0.092
0.7,0.7,11.7,11.7,0.078
0.7,0.7,11.8,11.8,0.09
0.7,0.7,11.9,11.9,0.072
0.7,0.7,12.0,12.0,0.09
0.7,0.7,12.1,12.1,0.074
0.7,0.7,12.2,12.2,0.082
0.7,0.7,12.3,12.3,0.07
0.7,0.7,12.4,12.4,0.086
0.7,0.7,12.5,12.5,0.072
0.7,0.7,12.6,12.6,0.074
0.7,0.7,12.7,12.7,0.098
0.7,0.7,12.8,12.8,0.088
0.7,0.7,12.9,12.9,0.104
0.7,0.7,13.0,13.0,0.09
0.7,0.7,13.1,13.1,0.09
0.7,0.7,13.2,13.2,0.1
0.7,0.7,13.3,13.3,0.078
0.7,0.7,13.4,13.4,0.068
0.7,0.7,13.5,13.5,0.078
0.7,0.7,13.6,13.6,0.086
0.7,0.7,13.7,13.7,0.112
0.7,0.7,13.8,13.8,0.102
0.7,0.7,13.9,13.9,0.098
0.7,0.7,14.0,14.0,0.086
0.7,0.7,14.1,14.1,0.098
0.7,0.7,14.2,14.2,0.08
0.7,0.7,14.3,14.3,0.078
0.7,0.7,14.4,14.4,0.074
0.7,0.7,14.5,14.5,0.062
0.7,0.7,14.6,14.6,0.082
0.7,0.7,14.7,14.7,0.068
0.7,0.7,14.8,14.8,0.106
0.7,0.7,14.9,14.9,0.09
0.7,0.7,15.0,15.0,0.068
0.7,0.7,15.1,15.1,0.068
0.8,0.8,0.1,0.1,0.178
0.8,0.8,0.2,0.2,0.3
0.8,0.8,0.3,0.3,0.358
0.8,0.8,0.4,0.4,0.442
0.8,0.8,0.5,0.5,0.522
0.8,0.8,0.6,0.6,0.606
0.8,0.8,0.7,0.7,0.672
0.8,0.8,0.8,0.8,0.72
0.8,0.8,0.9,0.9,0.734
0.8,0.8,1.0,1.0,0.736
0.8,0.8,1.1,1.1,0.73
0.8,0.8,1.2,1.2,0.782
0.8,0.8,1.3,1.3,0.768
0.8,0.8,1.4,1.4,0.782
0.8,0.8,1.5,1.5,0.796
0.8,0.8,1.6,1.6,0.764
0.8,0.8,1.7,1.7,0.758
0.8,0.8,1.8,1.8,0.712
0.8,0.8,1.9,1.9,0.712
0.8,0.8,2.0,2.0,0.732
0.8,0.8,2.1,2.1,0.68
0.8,0.8,2.2,2.2,0.634
0.8,0.8,2.3,2.3,0.6
0.8,0.8,2.4,2.4,0.558
0.8,0.8,2.5,2.5,0.51
0.8,0.8,2.6,2.6,0.424
0.8,0.8,2.7,2.7,0.38
0.8,0.8,2.8,2.8,0.344
0.8,0.8,2.9,2.9,0.324
0.8,0.8,3.0,3.0,0.258
0.8,0.8,3.1,3.1,0.282
0.8,0.8,3.2,3.2,0.286
0.8,0.8,3.3,3.3,0.224
0.8,0.8,3.4,3.4,0.232
0.8,0.8,3.5,3.5,0.188
0.8,0.8,3.6,3.6,0.188
0.8,0.8,3.7,3.7,0.222
0.8,0.8,3.8,3.8,0.158
0.8,0.8,3.9,3.9,0.132
0.8,0.8,4.0,4.0,0.17
0.8,0.8,4.1,4.1,0.182
0.8,0.8,4.2,4.2,0.14
0.8,0.8,4.3,4.3,0.162
0.8,0.8,4.4,4.4,0.126
0.8,0.8,4.5,4.5,0.156
0.8,0.8,4.6,4.6,0.096
0.8,0.8,4.7,4.7,0.138
0.8,0.8,4.8,4.8,0.122
0.8,0.8,4.9,4.9,0.172
0.8,0.8,5.0,5.0,0.14
0.8,0.8,5.1,5.1,0.134
0.8,0.8,5.2,5.2,0.128
0.8,0.8,5.3,5.3,0.118
0.8,0.8,5.4,5.4,0.11
0.8,0.8,5.5,5.5,0.126
0.8,0.8,5.6,5.6,0.12
0.8,0.8,5.7,5.7,0.152
0.8,0.8,5.8,5.8,0.128
0.8,0.8,5.9,5.9,0.092
0.8,0.8,6.0,6.0,0.11
0.8,0.8,6.1,6.1,0.106
0.8,0.8,6.2,6.2,0.106
0.8,0.8,6.3,6.3,0.086
0.8,0.8,6.4,6.4,0.11
0.8,0.8,6.5,6.5,0.118
0.8,0.8,6.6,6.6,0.096
0.8,0.8,6.7,6.7,0.102
0.8,0.8,6.8,6.8,0.11
0.8,0.8,6.9,6.9,0.11
0.8,0.8,7.0,7.0,0.084
0.8,0.8,7.1,7.1,0.11
0.8,0.8,7.2,7.2,0.13
0.8,0.8,7.3,7.3,0.088
0.8,0.8,7.4,7.4,0.094
0.8,0.8,7.5,7.5,0.1
0.8,0.8,7.6,7.6,0.108
0.8,0.8,7.7,7.7,0.092
0.8,0.8,7.8,7.8,0.076
0.8,0.8,7.9,7.9,0.088
0.8,0.8,8.0,8.0,0.084
0.8,0.8,8.1,8.1,0.082
0.8,0.8,8.2,8.2,0.086
0.8,0.8,8.3,8.3,0.098
0.8,0.8,8.4,8.4,0.09
0.8,0.8,8.5,8.5,0.082
0.8,0.8,8.6,8.6,0.096
0.8,0.8,8.7,8.7,0.078
0.8,0.8,8.8,8.8,0.1
0.8,0.8,8.9,8.9,0.078
0.8,0.8,9.0,9.0,0.078
0.8,0.8,9.1,9.1,0.07
0.8,0.8,9.2,9.2,0.106
0.8,0.8,9.3,9.3,0.09
0.8,0.8,9.4,9.4,0.104
0.8,0.8,9.5,9.5,0.094
0.8,0.8,9.6,9.6,0.074
0.8,0.8,9.7,9.7,0.096
0.8,0.8,9.8,9.8,0.098
0.8,0.8,9.9,9.9,0.1
0.8,0.8,10.0,10.0,0.084
0.8,0.8,10.1,10.1,0.096
0.8,0.8,10.2,10.2,0.09
0.8,0.8,10.3,10.3,0.098
0.8,0.8,10.4,10.4,0.08
0.8,0.8,10.5,10.5,0.07
0.8,0.8,10.6,10.6,0.094
0.8,0.8,10.7,10.7,0.082
0.8,0.8,10.8,10.8,0.08
0.8,0.8,10.9,10.9,0.09
0.8,0.8,11.0,11.0,0.092
0.8,0.8,11.1,11.1,0.102
0.8,0.8,11.2,11.2,0.086
0.8,0.8,11.3,11.3,0.098
0.8,0.8,11.4,11.4,0.074
0.8,0.8,11.5,11.5,0.098
0.8,0.8,11.6,11.6,0.082
0.8,0.8,11.7,11.7,0.088
0.8,0.8,11.8,11.8,0.084
0.8,0.8,11.9,11.9,0.07
0.8,0.8,12.0,12.0,0.08
0.8,0.8,12.1,12.1,0.108
0.8,0.8,12.2,12.2,0.06
0.8,0.8,12.3,12.3,0.076
0.8,0.8,12.4,12.4,0.096
0.8,0.8,12.5,12.5,0.078
0.8,0.8,12.6,12.6,0.09
0.8,0.8,12.7,12.7,0.064
0.8,0.8,12.8,12.8,0.088
0.8,0.8,12.9,12.9,0.062
0.8,0.8,13.0,13.0,0.092
0.8,0.8,13.1,13.1,0.092
0.8,0.8,13.2,13.2,0.088
0.8,0.8,13.3,13.3,0.092
0.8,0.8,13.4,13.4,0.074
0.8,0.8,13.5,13.5,0.088
0.8,0.8,13.6,13.6,0.082
0.8,0.8,13.7,13.7,0.088
0.8,0.8,13.8,13.8,0.074
0.8,0.8,13.9,13.9,0.092
0.8,0.8,14.0,14.0,0.078
0.8,0.8,14.1,14.1,0.084
0.8,0.8,14.2,14.2,0.062
0.8,0.8,14.3,14.3,0.08
0.8,0.8,14.4,14.4,0.068
0.8,0.8,14.5,14.5,0.078
0.8,0.8,14.6,14.6,0.08
0.8,0.8,14.7,14.7,0.072
0.8,0.8,14.8,14.8,0.104
0.8,0.8,14.9,14.9,0.084
0.8,0.8,15.0,15.0,0.068
0.8,0.8,15.1,15.1,0.076
0.9,0.9,0.1,0.1,0.132
0.9,0.9,0.2,0.2,0.292
0.9,0.9,0.3,0.3,0.392
0.9,0.9,0.4,0.4,0.452
0.9,0.9,0.5,0.5,0.478
0.9,0.9,0.6,0.6,0.514
0.9,0.9,0.7,0.7,0.642
0.9,0.9,0.8,0.8,0.622
0.9,0.9,0.9,0.9,0.698
0.9,0.9,1.0,1.0,0.69
0.9,0.9,1.1,1.1,0.718
0.9,0.9,1.2,1.2,0.724
0.9,0.9,1.3,1.3,0.762
0.9,0.9,1.4,1.4,0.792
0.9,0.9,1.5,1.5,0.794
0.9,0.9,1.6,1.6,0.774
0.9,0.9,1.7,1.7,0.77
0.9,0.9,1.8,1.8,0.766
0.9,0.9,1.9,1.9,0.73
0.9,0.9,2.0,2.0,0.724
0.9,0.9,2.1,2.1,0.722
0.9,0.9,2.2,2.2,0.712
0.9,0.9,2.3,2.3,0.706
0.9,0.9,2.4,2.4,0.652
0.9,0.9,2.5,2.5,0.622
0.9,0.9,2.6,2.6,0.582
0.9,0.9,2.7,2.7,0.548
0.9,0.9,2.8,2.8,0.488
0.9,0.9,2.9,2.9,0.452
0.9,0.9,3.0,3.0,0.38
0.9,0.9,3.1,3.1,0.376
0.9,0.9,3.2,3.2,0.324
0.9,0.9,3.3,3.3,0.344
0.9,0.9,3.4,3.4,0.272
0.9,0.9,3.5,3.5,0.236
0.9,0.9,3.6,3.6,0.236
0.9,0.9,3.7,3.7,0.262
0.9,0.9,3.8,3.8,0.224
0.9,0.9,3.9,3.9,0.204
0.9,0.9,4.0,4.0,0.178
0.9,0.9,4.1,4.1,0.152
0.9,0.9,4.2,4.2,0.198
0.9,0.9,4.3,4.3,0.166
0.9,0.9,4.4,4.4,0.172
0.9,0.9,4.5,4.5,0.166
0.9,0.9,4.6,4.6,0.144
0.9,0.9,4.7,4.7,0.158
0.9,0.9,4.8,4.8,0.15
0.9,0.9,4.9,4.9,0.132
0.9,0.9,5.0,5.0,0.13
0.9,0.9,5.1,5.1,0.13
0.9,0.9,5.2,5.2,0.124
0.9,0.9,5.3,5.3,0.098
0.9,0.9,5.4,5.4,0.136
0.9,0.9,5.5,5.5,0.128
0.9,0.9,5.6,5.6,0.122
0.9,0.9,5.7,5.7,0.124
0.9,0.9,5.8,5.8,0.134
0.9,0.9,5.9,5.9,0.138
0.9,0.9,6.0,6.0,0.084
0.9,0.9,6.1,6.1,0.11
0.9,0.9,6.2,6.2,0.12
0.9,0.9,6.3,6.3,0.092
0.9,0.9,6.4,6.4,0.102
0.9,0.9,6.5,6.5,0.104
0.9,0.9,6.6,6.6,0.124
0.9,0.9,6.7,6.7,0.112
0.9,0.9,6.8,6.8,0.1
0.9,0.9,6.9,6.9,0.09
0.9,0.9,7.0,7.0,0.126
0.9,0.9,7.1,7.1,0.124
0.9,0.9,7.2,7.2,0.11
0.9,0.9,7.3,7.3,0.088
0.9,0.9,7.4,7.4,0.088
0.9,0.9,7.5,7.5,0.094
0.9,0.9,7.6,7.6,0.092
0.9,0.9,7.7,7.7,0.09
0.9,0.9,7.8,7.8,0.094
0.9,0.9,7.9,7.9,0.096
0.9,0.9,8.0,8.0,0.102
0.9,0.9,8.1,8.1,0.09
0.9,0.9,8.2,8.2,0.088
0.9,0.9,8.3,8.3,0.09
0.9,0.9,8.4,8.4,0.108
0.9,0.9,8.5,8.5,0.098
0.9,0.9,8.6,8.6,0.112
0.9,0.9,8.7,8.7,0.082
0.9,0.9,8.8,8.8,0.094
0.9,0.9,8.9,8.9,0.118
0.9,0.9,9.0,9.0,0.094
0.9,0.9,9.1,9.1,0.088
0.9,0.9,9.2,9.2,0.086
0.9,0.9,9.3,9.3,0.08
0.9,0.9,9.4,9.4,0.086
0.9,0.9,9.5,9.5,0.122
0.9,0.9,9.6,9.6,0.106
0.9,0.9,9.7,9.7,0.114
0.9,0.9,9.8,9.8,0.098
0.9,0.9,9.9,9.9,0.088
0.9,0.9,10.0,10.0,0.06
0.9,0.9,10.1,10.1,0.072
0.9,0.9,10.2,10.2,0.09
0.9,0.9,10.3,10.3,0.078
0.9,0.9,10.4,10.4,0.07
0.9,0.9,10.5,10.5,0.094
0.9,0.9,10.6,10.6,0.086
0.9,0.9,10.7,10.7,0.092
0.9,0.9,10.8,10.8,0.076
0.9,0.9,10.9,10.9,0.098
0.9,0.9,11.0,11.0,0.088
0.9,0.9,11.1,11.1,0.094
0.9,0.9,11.2,11.2,0.096
0.9,0.9,11.3,11.3,0.082
0.9,0.9,11.4,11.4,0.084
0.9,0.9,11.5,11.5,0.092
0.9,0.9,11.6,11.6,0.086
0.9,0.9,11.7,11.7,0.094
0.9,0.9,11.8,11.8,0.076
0.9,0.9,11.9,11.9,0.102
0.9,0.9,12.0,12.0,0.076
0.9,0.9,12.1,12.1,0.064
0.9,0.9,12.2,12.2,0.11
0.9,0.9,12.3,12.3,0.088
0.9,0.9,12.4,12.4,0.08
0.9,0.9,12.5,12.5,0.068
0.9,0.9,12.6,12.6,0.092
0.9,0.9,12.7,12.7,0.066
0.9,0.9,12.8,12.8,0.082
0.9,0.9,12.9,12.9,0.088
0.9,0.9,13.0,13.0,0.084
0.9,0.9,13.1,13.1,0.104
0.9,0.9,13.2,13.2,0.078
0.9,0.9,13.3,13.3,0.078
0.9,0.9,13.4,13.4,0.076
0.9,0.9,13.5,13.5,0.05
0.9,0.9,13.6,13.6,0.074
0.9,0.9,13.7,13.7,0.104
0.9,0.9,13.8,13.8,0.052
0.9,0.9,13.9,13.9,0.1
0.9,0.9,14.0,14.0,0.07
0.9,0.9,14.1,14.1,0.082
0.9,0.9,14.2,14.2,0.094
0.9,0.9,14.3,14.3,0.1
0.9,0.9,14.4,14.4,0.094
0.9,0.9,14.5,14.5,0.072
0.9,0.9,14.6,14.6,0.088
0.9,0.9,14.7,14.7,0.084
0.9,0.9,14.8,14.8,0.078
0.9,0.9,14.9,14.9,0.088
0.9,0.9,15.0,15.0,0.074
0.9,0.9,15.1,15.1,0.078
1.0,1.0,0.1,0.1,0.138
1.0,1.0,0.2,0.2,0.232
1.0,1.0,0.3,0.3,0.306
1.0,1.0,0.4,0.4,0.372
1.0,1.0,0.5,0.5,0.48
1.0,1.0,0.6,0.6,0.504
1.0,1.0,0.7,0.7,0.57
1.0,1.0,0.8,0.8,0.636
1.0,1.0,0.9,0.9,0.66
1.0,1.0,1.0,1.0,0.686
1.0,1.0,1.1,1.1,0.712
1.0,1.0,1.2,1.2,0.728
1.0,1.0,1.3,1.3,0.73
1.0,1.0,1.4,1.4,0.748
1.0,1.0,1.5,1.5,0.778
1.0,1.0,1.6,1.6,0.772
1.0,1.0,1.7,1.7,0.764
1.0,1.0,1.8,1.8,0.78
1.0,1.0,1.9,1.9,0.77
1.0,1.0,2.0,2.0,0.758
1.0,1.0,2.1,2.1,0.776
1.0,1.0,2.2,2.2,0.734
1.0,1.0,2.3,2.3,0.752
1.0,1.0,2.4,2.4,0.734
1.0,1.0,2.5,2.5,0.694
1.0,1.0,2.6,2.6,0.704
1.0,1.0,2.7,2.7,0.614
1.0,1.0,2.8,2.8,0.58
1.0,1.0,2.9,2.9,0.57
1.0,1.0,3.0,3.0,0.512
1.0,1.0,3.1,3.1,0.442
1.0,1.0,3.2,3.2,0.45
1.0,1.0,3.3,3.3,0.428
1.0,1.0,3.4,3.4,0.382
1.0,1.0,3.5,3.5,0.358
1.0,1.0,3.6,3.6,0.308
1.0,1.0,3.7,3.7,0.276
1.0,1.0,3.8,3.8,0.29
1.0,1.0,3.9,3.9,0.264
1.0,1.0,4.0,4.0,0.26
1.0,1.0,4.1,4.1,0.218
1.0,1.0,4.2,4.2,0.246
1.0,1.0,4.3,4.3,0.204
1.0,1.0,4.4,4.4,0.18
1.0,1.0,4.5,4.5,0.184
1.0,1.0,4.6,4.6,0.188
1.0,1.0,4.7,4.7,0.2
1.0,1.0,4.8,4.8,0.192
1.0,1.0,4.9,4.9,0.154
1.0,1.0,5.0,5.0,0.166
1.0,1.0,5.1,5.1,0.166
1.0,1.0,5.2,5.2,0.158
1.0,1.0,5.3,5.3,0.136
1.0,1.0,5.4,5.4,0.126
1.0,1.0,5.5,5.5,0.13
1.0,1.0,5.6,5.6,0.14
1.0,1.0,5.7,5.7,0.148
1.0,1.0,5.8,5.8,0.142
1.0,1.0,5.9,5.9,0.13
1.0,1.0,6.0,6.0,0.108
1.0,1.0,6.1,6.1,0.144
1.0,1.0,6.2,6.2,0.148
1.0,1.0,6.3,6.3,0.152
1.0,1.0,6.4,6.4,0.124
1.0,1.0,6.5,6.5,0.11
1.0,1.0,6.6,6.6,0.13
1.0,1.0,6.7,6.7,0.14
1.0,1.0,6.8,6.8,0.098
1.0,1.0,6.9,6.9,0.114
1.0,1.0,7.0,7.0,0.102
1.0,1.0,7.1,7.1,0.112
1.0,1.0,7.2,7.2,0.124
1.0,1.0,7.3,7.3,0.108
1.0,1.0,7.4,7.4,0.118
1.0,1.0,7.5,7.5,0.11
1.0,1.0,7.6,7.6,0.124
1.0,1.0,7.7,7.7,0.09
1.0,1.0,7.8,7.8,0.132
1.0,1.0,7.9,7.9,0.112
1.0,1.0,8.0,8.0,0.114
1.0,1.0,8.1,8.1,0.094
1.0,1.0,8.2,8.2,0.112
1.0,1.0,8.3,8.3,0.092
1.0,1.0,8.4,8.4,0.108
1.0,1.0,8.5,8.5,0.122
1.0,1.0,8.6,8.6,0.088
1.0,1.0,8.7,8.7,0.092
1.0,1.0,8.8,8.8,0.09
1.0,1.0,8.9,8.9,0.118
1.0,1.0,9.0,9.0,0.098
1.0,1.0,9.1,9.1,0.074
1.0,1.0,9.2,9.2,0.098
1.0,1.0,9.3,9.3,0.11
1.0,1.0,9.4,9.4,0.112
1.0,1.0,9.5,9.5,0.084
1.0,1.0,9.6,9.6,0.082
1.0,1.0,9.7,9.7,0.1
1.0,1.0,9.8,9.8,0.084
1.0,1.0,9.9,9.9,0.09
1.0,1.0,10.0,10.0,0.112
1.0,1.0,10.1,10.1,0.078
1.0,1.0,10.2,10.2,0.112
1.0,1.0,10.3,10.3,0.106
1.0,1.0,10.4,10.4,0.106
1.0,1.0,10.5,10.5,0.1
1.0,1.0,10.6,10.6,0.092
1.0,1.0,10.7,10.7,0.104
1.0,1.0,10.8,10.8,0.088
1.0,1.0,10.9,10.9,0.098
1.0,1.0,11.0,11.0,0.108
1.0,1.0,11.1,11.1,0.092
1.0,1.0,11.2,11.2,0.114
1.0,1.0,11.3,11.3,0.1
1.0,1.0,11.4,11.4,0.08
1.0,1.0,11.5,11.5,0.1
1.0,1.0,11.6,11.6,0.096
1.0,1.0,11.7,11.7,0.104
1.0,1.0,11.8,11.8,0.098
1.0,1.0,11.9,11.9,0.104
1.0,1.0,12.0,12.0,0.104
1.0,1.0,12.1,12.1,0.092
1.0,1.0,12.2,12.2,0.102
1.0,1.0,12.3,12.3,0.068
1.0,1.0,12.4,12.4,0.096
1.0,1.0,12.5,12.5,0.076
1.0,1.0,12.6,12.6,0.094
1.0,1.0,12.7,12.7,0.092
1.0,1.0,12.8,12.8,0.096
1.0,1.0,12.9,12.9,0.102
1.0,1.0,13.0,13.0,0.096
1.0,1.0,13.1,13.1,0.106
1.0,1.0,13.2,13.2,0.096
1.0,1.0,13.3,13.3,0.074
1.0,1.0,13.4,13.4,0.114
1.0,1.0,13.5,13.5,0.102
1.0,1.0,13.6,13.6,0.086
1.0,1.0,13.7,13.7,0.1
1.0,1.0,13.8,13.8,0.094
1.0,1.0,13.9,13.9,0.072
1.0,1.0,14.0,14.0,0.09
1.0,1.0,14.1,14.1,0.074
1.0,1.0,14.2,14.2,0.072
1.0,1.0,14.3,14.3,0.064
1.0,1.0,14.4,14.4,0.094
1.0,1.0,14.5,14.5,0.086
1.0,1.0,14.6,14.6,0.106
1.0,1.0,14.7,14.7,0.108
1.0,1.0,14.8,14.8,0.06
1.0,1.0,14.9,14.9,0.068
1.0,1.0,15.0,15.0,0.092
1.0,1.0,15.1,15.1,0.072
1.1,1.1,0.1,0.1,0.152
1.1,1.1,0.2,0.2,0.218
1.1,1.1,0.3,0.3,0.308
1.1,1.1,0.4,0.4,0.42
1.1,1.1,0.5,0.5,0.462
1.1,1.1,0.6,0.6,0.496
1.1,1.1,0.7,0.7,0.586
1.1,1.1,0.8,0.8,0.576
1.1,1.1,0.9,0.9,0.634
1.1,1.1,1.0,1.0,0.68
1.1,1.1,1.1,1.1,0.706
1.1,1.1,1.2,1.2,0.692
1.1,1.1,1.3,1.3,0.712
1.1,1.1,1.4,1.4,0.73
1.1,1.1,1.5,1.5,0.792
1.1,1.1,1.6,1.6,0.774
1.1,1.1,1.7,1.7,0.77
1.1,1.1,1.8,1.8,0.752
1.1,1.1,1.9,1.9,0.768
1.1,1.1,2.0,2.0,0.778
1.1,1.1,2.1,2.1,0.758
1.1,1.1,2.2,2.2,0.76
1.1,1.1,2.3,2.3,0.754
1.1,1.1,2.4,2.4,0.75
1.1,1.1,2.5,2.5,0.722
1.1,1.1,2.6,2.6,0.728
1.1,1.1,2.7,2.7,0.678
1.1,1.1,2.8,2.8,0.682
1.1,1.1,2.9,2.9,0.666
1.1,1.1,3.0,3.0,0.624
1.1,1.1,3.1,3.1,0.602
1.1,1.1,3.2,3.2,0.568
1.1,1.1,3.3,3.3,0.524
1.1,1.1,3.4,3.4,0.482
1.1,1.1,3.5,3.5,0.454
1.1,1.1,3.6,3.6,0.388
1.1,1.1,3.7,3.7,0.394
1.1,1.1,3.8,3.8,0.352
1.1,1.1,3.9,3.9,0.328
1.1,1.1,4.0,4.0,0.306
1.1,1.1,4.1,4.1,0.286
1.1,1.1,4.2,4.2,0.276
1.1,1.1,4.3,4.3,0.214
1.1,1.1,4.4,4.4,0.24
1.1,1.1,4.5,4.5,0.194
1.1,1.1,4.6,4.6,0.198
1.1,1.1,4.7,4.7,0.22
1.1,1.1,4.8,4.8,0.188
1.1,1.1,4.9,4.9,0.17
1.1,1.1,5.0,5.0,0.2
1.1,1.1,5.1,5.1,0.178
1.1,1.1,5.2,5.2,0.18
1.1,1.1,5.3,5.3,0.196
1.1,1.1,5.4,5.4,0.19
1.1,1.1,5.5,5.5,0.178
1.1,1.1,5.6,5.6,0.156
1.1,1.1,5.7,5.7,0.164
1.1,1.1,5.8,5.8,0.122
1.1,1.1,5.9,5.9,0.104
1.1,1.1,6.0,6.0,0.14
1.1,1.1,6.1,6.1,0.164
1.1,1.1,6.2,6.2,0.14
1.1,1.1,6.3,6.3,0.126
1.1,1.1,6.4,6.4,0.12
1.1,1.1,6.5,6.5,0.138
1.1,1.1,6.6,6.6,0.126
1.1,1.1,6.7,6.7,0.118
1.1,1.1,6.8,6.8,0.116
1.1,1.1,6.9,6.9,0.132
1.1,1.1,7.0,7.0,0.136
1.1,1.1,7.1,7.1,0.108
1.1,1.1,7.2,7.2,0.134
1.1,1.1,7.3,7.3,0.108
1.1,1.1,7.4,7.4,0.132
1.1,1.1,7.5,7.5,0.13
1.1,1.1,7.6,7.6,0.14
1.1,1.1,7.7,7.7,0.134
1.1,1.1,7.8,7.8,0.11
1.1,1.1,7.9,7.9,0.126
1.1,1.1,8.0,8.0,0.102
1.1,1.1,8.1,8.1,0.106
1.1,1.1,8.2,8.2,0.104
1.1,1.1,8.3,8.3,0.096
1.1,1.1,8.4,8.4,0.092
1.1,1.1,8.5,8.5,0.132
1.1,1.1,8.6,8.6,0.08
1.1,1.1,8.7,8.7,0.116
1.1,1.1,8.8,8.8,0.126
1.1,1.1,8.9,8.9,0.114
1.1,1.1,9.0,9.0,0.098
1.1,1.1,9.1,9.1,0.102
1.1,1.1,9.2,9.2,0.084
1.1,1.1,9.3,9.3,0.09
1.1,1.1,9.4,9.4,0.092
1.1,1.1,9.5,9.5,0.118
1.1,1.1,9.6,9.6,0.096
1.1,1.1,9.7,9.7,0.116
1.1,1.1,9.8,9.8,0.15
1.1,1.1,9.9,9.9,0.088
1.1,1.1,10.0,10.0,0.126
1.1,1.1,10.1,10.1,0.098
1.1,1.1,10.2,10.2,0.078
1.1,1.1,10.3,10.3,0.114
1.1,1.1,10.4,10.4,0.086
1.1,1.1,10.5,10.5,0.08
1.1,1.1,10.6,10.6,0.092
1.1,1.1,10.7,10.7,0.102
1.1,1.1,10.8,10.8,0.076
1.1,1.1,10.9,10.9,0.108
1.1,1.1,11.0,11.0,0.098
1.1,1.1,11.1,11.1,0.112
1.1,1.1,11.2,11.2,0.104
1.1,1.1,11.3,11.3,0.084
1.1,1.1,11.4,11.4,0.086
1.1,1.1,11.5,11.5,0.09
1.1,1.1,11.6,11.6,0.09
1.1,1.1,11.7,11.7,0.114
1.1,1.1,11.8,11.8,0.082
1.1,1.1,11.9,11.9,0.124
1.1,1.1,12.0,12.0,0.076
1.1,1.1,12.1,12.1,0.084
1.1,1.1,12.2,12.2,0.108
1.1,1.1,12.3,12.3,0.1
1.1,1.1,12.4,12.4,0.106
1.1,1.1,12.5,12.5,0.1
1.1,1.1,12.6,12.6,0.094
1.1,1.1,12.7,12.7,0.088
1.1,1.1,12.8,12.8,0.092
1.1,1.1,12.9,12.9,0.112
1.1,1.1,13.0,13.0,0.08
1.1,1.1,13.1,13.1,0.1
1.1,1.1,13.2,13.2,0.098
1.1,1.1,13.3,13.3,0.082
1.1,1.1,13.4,13.4,0.104
1.1,1.1,13.5,13.5,0.092
1.1,1.1,13.6,13.6,0.09
1.1,1.1,13.7,13.7,0.08
1.1,1.1,13.8,13.8,0.088
1.1,1.1,13.9,13.9,0.076
1.1,1.1,14.0,14.0,0.104
1.1,1.1,14.1,14.1,0.086
1.1,1.1,14.2,14.2,0.092
1.1,1.1,14.3,14.3,0.094
1.1,1.1,14.4,14.4,0.078
1.1,1.1,14.5,14.5,0.108
1.1,1.1,14.6,14.6,0.1
1.1,1.1,14.7,14.7,0.076
1.1,1.1,14.8,14.8,0.1
1.1,1.1,14.9,14.9,0.096
1.1,1.1,15.0,15.0,0.104
1.1,1.1,15.1,15.1,0.088
1.2,1.2,0.1,0.1,0.12
1.2,1.2,0.2,0.2,0.174
1.2,1.2,0.3,0.3,0.254
1.2,1.2,0.4,0.4,0.384
1.2,1.2,0.5,0.5,0.43
1.2,1.2,0.6,0.6,0.48
1.2,1.2,0.7,0.7,0.568
1.2,1.2,0.8,0.8,0.604
1.2,1.2,0.9,0.9,0.622
1.2,1.2,1.0,1.0,0.66
1.2,1.2,1.1,1.1,0.654
1.2,1.2,1.2,1.2,0.676
1.2,1.2,1.3,1.3,0.696
1.2,1.2,1.4,1.4,0.734
1.2,1.2,1.5,1.5,0.748
1.2,1.2,1.6,1.6,0.738
1.2,1.2,1.7,1.7,0.758
1.2,1.2,1.8,1.8,0.742
1.2,1.2,1.9,1.9,0.772
1.2,1.2,2.0,2.0,0.752
1.2,1.2,2.1,2.1,0.794
1.2,1.2,2.2,2.2,0.748
1.2,1.2,2.3,2.3,0.75
1.2,1.2,2.4,2.4,0.742
1.2,1.2,2.5,2.5,0.772
1.2,1.2,2.6,2.6,0.74
1.2,1.2,2.7,2.7,0.78
1.2,1.2,2.8,2.8,0.758
1.2,1.2,2.9,2.9,0.706
1.2,1.2,3.0,3.0,0.664
1.2,1.2,3.1,3.1,0.692
1.2,1.2,3.2,3.2,0.624
1.2,1.2,3.3,3.3,0.642
1.2,1.2,3.4,3.4,0.636
1.2,1.2,3.5,3.5,0.554
1.2,1.2,3.6,3.6,0.518
1.2,1.2,3.7,3.7,0.504
1.2,1.2,3.8,3.8,0.462
1.2,1.2,3.9,3.9,0.454
1.2,1.2,4.0,4.0,0.392
1.2,1.2,4.1,4.1,0.37
1.2,1.2,4.2,4.2,0.38
1.2,1.2,4.3,4.3,0.296
1.2,1.2,4.4,4.4,0.31
1.2,1.2,4.5,4.5,0.296
1.2,1.2,4.6,4.6,0.23
1.2,1.2,4.7,4.7,0.242
1.2,1.2,4.8,4.8,0.254
1.2,1.2,4.9,4.9,0.206
1.2,1.2,5.0,5.0,0.232
1.2,1.2,5.1,5.1,0.206
1.2,1.2,5.2,5.2,0.176
1.2,1.2,5.3,5.3,0.186
1.2,1.2,5.4,5.4,0.178
1.2,1.2,5.5,5.5,0.176
1.2,1.2,5.6,5.6,0.2
1.2,1.2,5.7,5.7,0.178
1.2,1.2,5.8,5.8,0.168
1.2,1.2,5.9,5.9,0.176
1.2,1.2,6.0,6.0,0.152
1.2,1.2,6.1,6.1,0.186
1.2,1.2,6.2,6.2,0.126
1.2,1.2,6.3,6.3,0.162
1.2,1.2,6.4,6.4,0.14
1.2,1.2,6.5,6.5,0.15
1.2,1.2,6.6,6.6,0.184
1.2,1.2,6.7,6.7,0.118
1.2,1.2,6.8,6.8,0.128
1.2,1.2,6.9,6.9,0.144
1.2,1.2,7.0,7.0,0.126
1.2,1.2,7.1,7.1,0.134
1.2,1.2,7.2,7.2,0.128
1.2,1.2,7.3,7.3,0.122
1.2,1.2,7.4,7.4,0.11
1.2,1.2,7.5,7.5,0.15
1.2,1.2,7.6,7.6,0.106
1.2,1.2,7.7,7.7,0.146
1.2,1.2,7.8,7.8,0.104
1.2,1.2,7.9,7.9,0.118
1.2,1.2,8.0,8.0,0.102
1.2,1.2,8.1,8.1,0.124
1.2,1.2,8.2,8.2,0.128
1.2,1.2,8.3,8.3,0.114
1.2,1.2,8.4,8.4,0.124
1.2,1.2,8.5,8.5,0.126
1.2,1.2,8.6,8.6,0.106
1.2,1.2,8.7,8.7,0.116
1.2,1.2,8.8,8.8,0.092
1.2,1.2,8.9,8.9,0.108
1.2,1.2,9.0,9.0,0.13
1.2,1.2,9.1,9.1,0.092
1.2,1.2,9.2,9.2,0.106
1.2,1.2,9.3,9.3,0.108
1.2,1.2,9.4,9.4,0.124
1.2,1.2,9.5,9.5,0.11
1.2,1.2,9.6,9.6,0.078
1.2,1.2,9.7,9.7,0.108
1.2,1.2,9.8,9.8,0.108
1.2,1.2,9.9,9.9,0.114
1.2,1.2,10.0,10.0,0.094
1.2,1.2,10.1,10.1,0.074
1.2,1.2,10.2,10.2,0.108
1.2,1.2,10.3,10.3,0.096
1.2,1.2,10.4,10.4,0.1
1.2,1.2,10.5,10.5,0.112
1.2,1.2,10.6,10.6,0.096
1.2,1.2,10.7,10.7,0.114
1.2,1.2,10.8,10.8,0.106
1.2,1.2,10.9,10.9,0.1
1.2,1.2,11.0,11.0,0.104
1.2,1.2,11.1,11.1,0.102
1.2,1.2,11.2,11.2,0.072
1.2,1.2,11.3,11.3,0.082
1.2,1.2,11.4,11.4,0.074
1.2,1.2,11.5,11.5,0.094
1.2,1.2,11.6,11.6,0.086
1.2,1.2,11.7,11.7,0.104
1.2,1.2,11.8,11.8,0.1
1.2,1.2,11.9,11.9,0.112
1.2,1.2,12.0,12.0,0.112
1.2,1.2,12.1,12.1,0.098
1.2,1.2,12.2,12.2,0.102
1.2,1.2,12.3,12.3,0.076
1.2,1.2,12.4,12.4,0.106
1.2,1.2,12.5,12.5,0.1
1.2,1.2,12.6,12.6,0.12
1.2,1.2,12.7,12.7,0.088
1.2,1.2,12.8,12.8,0.104
1.2,1.2,12.9,12.9,0.096
1.2,1.2,13.0,13.0,0.112
1.2,1.2,13.1,13.1,0.074
1.2,1.2,13.2,13.2,0.074
1.2,1.2,13.3,13.3,0.096
1.2,1.2,13.4,13.4,0.092
1.2,1.2,13.5,13.5,0.11
1.2,1.2,13.6,13.6,0.102
1.2,1.2,13.7,13.7,0.102
1.2,1.2,13.8,13.8,0.104
1.2,1.2,13.9,13.9,0.092
1.2,1.2,14.0,14.0,0.074
1.2,1.2,14.1,14.1,0.088
1.2,1.2,14.2,14.2,0.092
1.2,1.2,14.3,14.3,0.086
1.2,1.2,14.4,14.4,0.078
1.2,1.2,14.5,14.5,0.076
1.2,1.2,14.6,14.6,0.062
1.2,1.2,14.7,14.7,0.104
1.2,1.2,14.8,14.8,0.092
1.2,1.2,14.9,14.9,0.11
1.2,1.2,15.0,15.0,0.094
1.2,1.2,15.1,15.1,0.084
1.3,1.3,0.1,0.1,0.096
1.3,1.3,0.2,0.2,0.18
1.3,1.3,0.3,0.3,0.274
1.3,1.3,0.4,0.4,0.302
1.3,1.3,0.5,0.5,0.396
1.3,1.3,0.6,0.6,0.458
1.3,1.3,0.7,0.7,0.514
1.3,1.3,0.8,0.8,0.578
1.3,1.3,0.9,0.9,0.562
1.3,1.3,1.0,1.0,0.618
1.3,1.3,1.1,1.1,0.648
1.3,1.3,1.2,1.2,0.632
1.3,1.3,1.3,1.3,0.694
1.3,1.3,1.4,1.4,0.704
1.3,1.3,1.5,1.5,0.716
1.3,1.3,1.6,1.6,0.712
1.3,1.3,1.7,1.7,0.71
1.3,1.3,1.8,1.8,0.754
1.3,1.3,1.9,1.9,0.756
1.3,1.3,2.0,2.0,0.752
1.3,1.3,2.1,2.1,0.774
1.3,1.3,2.2,2.2,0.74
1.3,1.3,2.3,2.3,0.73
1.3,1.3,2.4,2.4,0.746
1.3,1.3,2.5,2.5,0.782
1.3,1.3,2.6,2.6,0.764
1.3,1.3,2.7,2.7,0.75
1.3,1.3,2.8,2.8,0.75
1.3,1.3,2.9,2.9,0.748
1.3,1.3,3.0,3.0,0.746
1.3,1.3,3.1,3.1,0.726
1.3,1.3,3.2,3.2,0.692
1.3,1.3,3.3,3.3,0.7
1.3,1.3,3.4,3.4,0.696
1.3,1.3,3.5,3.5,0.616
1.3,1.3,3.6,3.6,0.604
1.3,1.3,3.7,3.7,0.578
1.3,1.3,3.8,3.8,0.568
1.3,1.3,3.9,3.9,0.518
1.3,1.3,4.0,4.0,0.446
1.3,1.3,4.1,4.1,0.466
1.3,1.3,4.2,4.2,0.422
1.3,1.3,4.3,4.3,0.406
1.3,1.3,4.4,4.4,0.394
1.3,1.3,4.5,4.5,0.372
1.3,1.3,4.6,4.6,0.326
1.3,1.3,4.7,4.7,0.356
1.3,1.3,4.8,4.8,0.31
1.3,1.3,4.9,4.9,0.266
1.3,1.3,5.0,5.0,0.278
1.3,1.3,5.1,5.1,0.22
1.3,1.3,5.2,5.2,0.254
1.3,1.3,5.3,5.3,0.224
1.3,1.3,5.4,5.4,0.22
1.3,1.3,5.5,5.5,0.24
1.3,1.3,5.6,5.6,0.208
1.3,1.3,5.7,5.7,0.194
1.3,1.3,5.8,5.8,0.226
1.3,1.3,5.9,5.9,0.184
1.3,1.3,6.0,6.0,0.186
1.3,1.3,6.1,6.1,0.178
1.3,1.3,6.2,6.2,0.194
1.3,1.3,6.3,6.3,0.144
1.3,1.3,6.4,6.4,0.168
1.3,1.3,6.5,6.5,0.152
1.3,1.3,6.6,6.6,0.172
1.3,1.3,6.7,6.7,0.154
1.3,1.3,6.8,6.8,0.17
1.3,1.3,6.9,6.9,0.178
1.3,1.3,7.0,7.0,0.158
1.3,1.3,7.1,7.1,0.15
1.3,1.3,7.2,7.2,0.168
1.3,1.3,7.3,7.3,0.144
1.3,1.3,7.4,7.4,0.136
1.3,1.3,7.5,7.5,0.16
1.3,1.3,7.6,7.6,0.13
1.3,1.3,7.7,7.7,0.138
1.3,1.3,7.8,7.8,0.156
1.3,1.3,7.9,7.9,0.146
1.3,1.3,8.0,8.0,0.148
1.3,1.3,8.1,8.1,0.156
1.3,1.3,8.2,8.2,0.11
1.3,1.3,8.3,8.3,0.138
1.3,1.3,8.4,8.4,0.126
1.3,1.3,8.5,8.5,0.098
1.3,1.3,8.6,8.6,0.128
1.3,1.3,8.7,8.7,0.12
1.3,1.3,8.8,8.8,0.114
1.3,1.3,8.9,8.9,0.122
1.3,1.3,9.0,9.0,0.13
1.3,1.3,9.1,9.1,0.124
1.3,1.3,9.2,9.2,0.132
1.3,1.3,9.3,9.3,0.12
1.3,1.3,9.4,9.4,0.12
1.3,1.3,9.5,9.5,0.124
1.3,1.3,9.6,9.6,0.118
1.3,1.3,9.7,9.7,0.114
1.3,1.3,9.8,9.8,0.112
1.3,1.3,9.9,9.9,0.084
1.3,1.3,10.0,10.0,0.106
1.3,1.3,10.1,10.1,0.114
1.3,1.3,10.2,10.2,0.1
1.3,1.3,10.3,10.3,0.112
1.3,1.3,10.4,10.4,0.116
1.3,1.3,10.5,10.5,0.108
1.3,1.3,10.6,10.6,0.104
1.3,1.3,10.7,10.7,0.124
1.3,1.3,10.8,10.8,0.106
1.3,1.3,10.9,10.9,0.112
1.3,1.3,11.0,11.0,0.104
1.3,1.3,11.1,11.1,0.126
1.3,1.3,11.2,11.2,0.102
1.3,1.3,11.3,11.3,0.092
1.3,1.3,11.4,11.4,0.074
1.3,1.3,11.5,11.5,0.148
1.3,1.3,11.6,11.6,0.086
1.3,1.3,11.7,11.7,0.122
1.3,1.3,11.8,11.8,0.094
1.3,1.3,11.9,11.9,0.108
1.3,1.3,12.0,12.0,0.11
1.3,1.3,12.1,12.1,0.088
1.3,1.3,12.2,12.2,0.078
1.3,1.3,12.3,12.3,0.092
1.3,1.3,12.4,12.4,0.118
1.3,1.3,12.5,12.5,0.088
1.3,1.3,12.6,12.6,0.08
1.3,1.3,12.7,12.7,0.096
1.3,1.3,12.8,12.8,0.1
1.3,1.3,12.9,12.9,0.09
1.3,1.3,13.0,13.0,0.104
1.3,1.3,13.1,13.1,0.076
1.3,1.3,13.2,13.2,0.098
1.3,1.3,13.3,13.3,0.122
1.3,1.3,13.4,13.4,0.114
1.3,1.3,13.5,13.5,0.106
1.3,1.3,13.6,13.6,0.092
1.3,1.3,13.7,13.7,0.092
1.3,1.3,13.8,13.8,0.114
1.3,1.3,13.9,13.9,0.076
1.3,1.3,14.0,14.0,0.084
1.3,1.3,14.1,14.1,0.06
1.3,1.3,14.2,14.2,0.094
1.3,1.3,14.3,14.3,0.096
1.3,1.3,14.4,14.4,0.092
1.3,1.3,14.5,14.5,0.08
1.3,1.3,14.6,14.6,0.098
1.3,1.3,14.7,14.7,0.098
1.3,1.3,14.8,14.8,0.106
1.3,1.3,14.9,14.9,0.082
1.3,1.3,15.0,15.0,0.098
1.3,1.3,15.1,15.1,0.1
1.4,1.4,0.1,0.1,0.092
1.4,1.4,0.2,0.2,0.15
1.4,1.4,0.3,0.3,0.236
1.4,1.4,0.4,0.4,0.31
1.4,1.4,0.5,0.5,0.374
1.4,1.4,0.6,0.6,0.416
1.4,1.4,0.7,0.7,0.466
1.4,1.4,0.8,0.8,0.518
1.4,1.4,0.9,0.9,0.588
1.4,1.4,1.0,1.0,0.63
1.4,1.4,1.1,1.1,0.564
1.4,1.4,1.2,1.2,0.652
1.4,1.4,1.3,1.3,0.674
1.4,1.4,1.4,1.4,0.66
1.4,1.4,1.5,1.5,0.694
1.4,1.4,1.6,1.6,0.748
1.4,1.4,1.7,1.7,0.738
1.4,1.4,1.8,1.8,0.742
1.4,1.4,1.9,1.9,0.77
1.4,1.4,2.0,2.0,0.74
1.4,1.4,2.1,2.1,0.778
1.4,1.4,2.2,2.2,0.784
1.4,1.4,2.3,2.3,0.746
1.4,1.4,2.4,2.4,0.786
1.4,1.4,2.5,2.5,0.796
1.4,1.4,2.6,2.6,0.804
1.4,1.4,2.7,2.7,0.768
1.4,1.4,2.8,2.8,0.826
1.4,1.4,2.9,2.9,0.744
1.4,1.4,3.0,3.0,0.746
1.4,1.4,3.1,3.1,0.712
1.4,1.4,3.2,3.2,0.738
1.4,1.4,3.3,3.3,0.74
1.4,1.4,3.4,3.4,0.706
1.4,1.4,3.5,3.5,0.704
1.4,1.4,3.6,3.6,0.662
1.4,1.4,3.7,3.7,0.646
1.4,1.4,3.8,3.8,0.68
1.4,1.4,3.9,3.9,0.658
1.4,1.4,4.0,4.0,0.564
1.4,1.4,4.1,4.1,0.532
1.4,1.4,4.2,4.2,0.532
1.4,1.4,4.3,4.3,0.49
1.4,1.4,4.4,4.4,0.498
1.4,1.4,4.5,4.5,0.438
1.4,1.4,4.6,4.6,0.432
1.4,1.4,4.7,4.7,0.374
1.4,1.4,4.8,4.8,0.364
1.4,1.4,4.9,4.9,0.338
1.4,1.4,5.0,5.0,0.322
1.4,1.4,5.1,5.1,0.328
1.4,1.4,5.2,5.2,0.268
1.4,1.4,5.3,5.3,0.3
1.4,1.4,5.4,5.4,0.23
1.4,1.4,5.5,5.5,0.254
1.4,1.4,5.6,5.6,0.232
1.4,1.4,5.7,5.7,0.244
1.4,1.4,5.8,5.8,0.22
1.4,1.4,5.9,5.9,0.21
1.4,1.4,6.0,6.0,0.222
1.4,1.4,6.1,6.1,0.204
1.4,1.4,6.2,6.2,0.196
1.4,1.4,6.3,6.3,0.198
1.4,1.4,6.4,6.4,0.152
1.4,1.4,6.5,6.5,0.182
1.4,1.4,6.6,6.6,0.174
1.4,1.4,6.7,6.7,0.168
1.4,1.4,6.8,6.8,0.214
1.4,1.4,6.9,6.9,0.164
1.4,1.4,7.0,7.0,0.15
1.4,1.4,7.1,7.1,0.156
1.4,1.4,7.2,7.2,0.12
1.4,1.4,7.3,7.3,0.156
1.4,1.4,7.4,7.4,0.154
1.4,1.4,7.5,7.5,0.136
1.4,1.4,7.6,7.6,0.148
1.4,1.4,7.7,7.7,0.166
1.4,1.4,7.8,7.8,0.168
1.4,1.4,7.9,7.9,0.128
1.4,1.4,8.0,8.0,0.11
1.4,1.4,8.1,8.1,0.14
1.4,1.4,8.2,8.2,0.164
1.4,1.4,8.3,8.3,0.142
1.4,1.4,8.4,8.4,0.128
1.4,1.4,8.5,8.5,0.13
1.4,1.4,8.6,8.6,0.14
1.4,1.4,8.7,8.7,0.104
1.4,1.4,8.8,8.8,0.136
1.4,1.4,8.9,8.9,0.122
1.4,1.4,9.0,9.0,0.118
1.4,1.4,9.1,9.1,0.12
1.4,1.4,9.2,9.2,0.136
1.4,1.4,9.3,9.3,0.13
1.4,1.4,9.4,9.4,0.098
1.4,1.4,9.5,9.5,0.12
1.4,1.4,9.6,9.6,0.134
1.4,1.4,9.7,9.7,0.154
1.4,1.4,9.8,9.8,0.116
1.4,1.4,9.9,9.9,0.124
1.4,1.4,10.0,10.0,0.094
1.4,1.4,10.1,10.1,0.106
1.4,1.4,10.2,10.2,0.134
1.4,1.4,10.3,10.3,0.098
1.4,1.4,10.4,10.4,0.116
1.4,1.4,10.5,10.5,0.108
1.4,1.4,10.6,10.6,0.122
1.4,1.4,10.7,10.7,0.102
1.4,1.4,10.8,10.8,0.11
1.4,1.4,10.9,10.9,0.1
1.4,1.4,11.0,11.0,0.114
1.4,1.4,11.1,11.1,0.112
1.4,1.4,11.2,11.2,0.112
1.4,1.4,11.3,11.3,0.098
1.4,1.4,11.4,11.4,0.112
1.4,1.4,11.5,11.5,0.112
1.4,1.4,11.6,11.6,0.104
1.4,1.4,11.7,11.7,0.106
1.4,1.4,11.8,11.8,0.11
1.4,1.4,11.9,11.9,0.084
1.4,1.4,12.0,12.0,0.116
1.4,1.4,12.1,12.1,0.106
1.4,1.4,12.2,12.2,0.1
1.4,1.4,12.3,12.3,0.088
1.4,1.4,12.4,12.4,0.092
1.4,1.4,12.5,12.5,0.096
1.4,1.4,12.6,12.6,0.104
1.4,1.4,12.7,12.7,0.094
1.4,1.4,12.8,12.8,0.088
1.4,1.4,12.9,12.9,0.126
1.4,1.4,13.0,13.0,0.14
1.4,1.4,13.1,13.1,0.094
1.4,1.4,13.2,13.2,0.096
1.4,1.4,13.3,13.3,0.102
1.4,1.4,13.4,13.4,0.104
1.4,1.4,13.5,13.5,0.112
1.4,1.4,13.6,13.6,0.112
1.4,1.4,13.7,13.7,0.1
1.4,1.4,13.8,13.8,0.082
1.4,1.4,13.9,13.9,0.086
1.4,1.4,14.0,14.0,0.086
1.4,1.4,14.1,14.1,0.092
1.4,1.4,14.2,14.2,0.076
1.4,1.4,14.3,14.3,0.112
1.4,1.4,14.4,14.4,0.086
1.4,1.4,14.5,14.5,0.124
1.4,1.4,14.6,14.6,0.1
1.4,1.4,14.7,14.7,0.078
1.4,1.4,14.8,14.8,0.092
1.4,1.4,14.9,14.9,0.116
1.4,1.4,15.0,15.0,0.106
1.4,1.4,15.1,15.1,0.106
1.5,1.5,0.1,0.1,0.076
1.5,1.5,0.2,0.2,0.16
1.5,1.5,0.3,0.3,0.24
1.5,1.5,0.4,0.4,0.306
1.5,1.5,0.5,0.5,0.366
1.5,1.5,0.6,0.6,0.404
1.5,1.5,0.7,0.7,0.448
1.5,1.5,0.8,0.8,0.494
1.5,1.5,0.9,0.9,0.52
1.5,1.5,1.0,1.0,0.612
1.5,1.5,1.1,1.1,0.596
1.5,1.5,1.2,1.2,0.632
1.5,1.5,1.3,1.3,0.664
1.5,1.5,1.4,1.4,0.662
1.5,1.5,1.5,1.5,0.728
1.5,1.5,1.6,1.6,0.692
1.5,1.5,1.7,1.7,0.718
1.5,1.5,1.8,1.8,0.754
1.5,1.5,1.9,1.9,0.752
1.5,1.5,2.0,2.0,0.774
1.5,1.5,2.1,2.1,0.754
1.5,1.5,2.2,2.2,0.758
1.5,1.5,2.3,2.3,0.754
1.5,1.5,2.4,2.4,0.788
1.5,1.5,2.5,2.5,0.788
1.5,1.5,2.6,2.6,0.766
1.5,1.5,2.7,2.7,0.752
1.5,1.5,2.8,2.8,0.812
1.5,1.5,2.9,2.9,0.756
1.5,1.5,3.0,3.0,0.756
1.5,1.5,3.1,3.1,0.736
1.5,1.5,3.2,3.2,0.81
1.5,1.5,3.3,3.3,0.742
1.5,1.5,3.4,3.4,0.714
1.5,1.5,3.5,3.5,0.73
1.5,1.5,3.6,3.6,0.712
1.5,1.5,3.7,3.7,0.72
1.5,1.5,3.8,3.8,0.7
1.5,1.5,3.9,3.9,0.666
1.5,1.5,4.0,4.0,0.698
1.5,1.5,4.1,4.1,0.634
1.5,1.5,4.2,4.2,0.612
1.5,1.5,4.3,4.3,0.592
1.5,1.5,4.4,4.4,0.526
1.5,1.5,4.5,4.5,0.55
1.5,1.5,4.6,4.6,0.478
1.5,1.5,4.7,4.7,0.438
1.5,1.5,4.8,4.8,0.398
1.5,1.5,4.9,4.9,0.448
1.5,1.5,5.0,5.0,0.382
1.5,1.5,5.1,5.1,0.378
1.5,1.5,5.2,5.2,0.344
1.5,1.5,5.3,5.3,0.328
1.5,1.5,5.4,5.4,0.316
1.5,1.5,5.5,5.5,0.26
1.5,1.5,5.6,5.6,0.266
1.5,1.5,5.7,5.7,0.322
1.5,1.5,5.8,5.8,0.25
1.5,1.5,5.9,5.9,0.234
1.5,1.5,6.0,6.0,0.236
1.5,1.5,6.1,6.1,0.26
1.5,1.5,6.2,6.2,0.218
1.5,1.5,6.3,6.3,0.248
1.5,1.5,6.4,6.4,0.174
1.5,1.5,6.5,6.5,0.222
1.5,1.5,6.6,6.6,0.184
1.5,1.5,6.7,6.7,0.186
1.5,1.5,6.8,6.8,0.17
1.5,1.5,6.9,6.9,0.152
1.5,1.5,7.0,7.0,0.212
1.5,1.5,7.1,7.1,0.18
1.5,1.5,7.2,7.2,0.17
1.5,1.5,7.3,7.3,0.156
1.5,1.5,7.4,7.4,0.208
1.5,1.5,7.5,7.5,0.142
1.5,1.5,7.6,7.6,0.144
1.5,1.5,7.7,7.7,0.16
1.5,1.5,7.8,7.8,0.148
1.5,1.5,7.9,7.9,0.162
1.5,1.5,8.0,8.0,0.166
1.5,1.5,8.1,8.1,0.124
1.5,1.5,8.2,8.2,0.146
1.5,1.5,8.3,8.3,0.154
1.5,1.5,8.4,8.4,0.154
1.5,1.5,8.5,8.5,0.136
1.5,1.5,8.6,8.6,0.136
1.5,1.5,8.7,8.7,0.164
1.5,1.5,8.8,8.8,0.14
1.5,1.5,8.9,8.9,0.132
1.5,1.5,9.0,9.0,0.12
1.5,1.5,9.1,9.1,0.156
1.5,1.5,9.2,9.2,0.148
1.5,1.5,9.3,9.3,0.112
1.5,1.5,9.4,9.4,0.134
1.5,1.5,9.5,9.5,0.102
1.5,1.5,9.6,9.6,0.11
1.5,1.5,9.7,9.7,0.108
1.5,1.5,9.8,9.8,0.12
1.5,1.5,9.9,9.9,0.16
1.5,1.5,10.0,10.0,0.142
1.5,1.5,10.1,10.1,0.122
1.5,1.5,10.2,10.2,0.114
1.5,1.5,10.3,10.3,0.122
1.5,1.5,10.4,10.4,0.102
1.5,1.5,10.5,10.5,0.098
1.5,1.5,10.6,10.6,0.118
1.5,1.5,10.7,10.7,0.144
1.5,1.5,10.8,10.8,0.118
1.5,1.5,10.9,10.9,0.122
1.5,1.5,11.0,11.0,0.134
1.5,1.5,11.1,11.1,0.108
1.5,1.5,11.2,11.2,0.102
1.5,1.5,11.3,11.3,0.122
1.5,1.5,11.4,11.4,0.128
1.5,1.5,11.5,11.5,0.09
1.5,1.5,11.6,11.6,0.114
1.5,1.5,11.7,11.7,0.106
1.5,1.5,11.8,11.8,0.076
1.5,1.5,11.9,11.9,0.114
1.5,1.5,12.0,12.0,0.102
1.5,1.5,12.1,12.1,0.088
1.5,1.5,12.2,12.2,0.108
1.5,1.5,12.3,12.3,0.106
1.5,1.5,12.4,12.4,0.098
1.5,1.5,12.5,12.5,0.14
1.5,1.5,12.6,12.6,0.114
1.5,1.5,12.7,12.7,0.116
1.5,1.5,12.8,12.8,0.08
1.5,1.5,12.9,12.9,0.104
1.5,1.5,13.0,13.0,0.1
1.5,1.5,13.1,13.1,0.114
1.5,1.5,13.2,13.2,0.108
1.5,1.5,13.3,13.3,0.108
1.5,1.5,13.4,13.4,0.098
1.5,1.5,13.5,13.5,0.108
1.5,1.5,13.6,13.6,0.108
1.5,1.5,13.7,13.7,0.108
1.5,1.5,13.8,13.8,0.106
1.5,1.5,13.9,13.9,0.12
1.5,1.5,14.0,14.0,0.084
1.5,1.5,14.1,14.1,0.092
1.5,1.5,14.2,14.2,0.104
1.5,1.5,14.3,14.3,0.092
1.5,1.5,14.4,14.4,0.092
1.5,1.5,14.5,14.5,0.104
1.5,1.5,14.6,14.6,0.096
1.5,1.5,14.7,14.7,0.1
1.5,1.5,14.8,14.8,0.082
1.5,1.5,14.9,14.9,0.076
1.5,1.5,15.0,15.0,0.094
1.5,1.5,15.1,15.1,0.092
1.6,1.6,0.1,0.1,0.118
1.6,1.6,0.2,0.2,0.146
1.6,1.6,0.3,0.3,0.216
1.6,1.6,0.4,0.4,0.31
1.6,1.6,0.5,0.5,0.364
1.6,1.6,0.6,0.6,0.4
1.6,1.6,0.7,0.7,0.444
1.6,1.6,0.8,0.8,0.492
1.6,1.6,0.9,0.9,0.486
1.6,1.6,1.0,1.0,0.556
1.6,1.6,1.1,1.1,0.584
1.6,1.6,1.2,1.2,0.608
1.6,1.6,1.3,1.3,0.628
1.6,1.6,1.4,1.4,0.668
1.6,1.6,1.5,1.5,0.694
1.6,1.6,1.6,1.6,0.696
1.6,1.6,1.7,1.7,0.702
1.6,1.6,1.8,1.8,0.732
1.6,1.6,1.9,1.9,0.724
1.6,1.6,2.0,2.0,0.722
1.6,1.6,2.1,2.1,0.752
1.6,1.6,2.2,2.2,0.76
1.6,1.6,2.3,2.3,0.77
1.6,1.6,2.4,2.4,0.744
1.6,1.6,2.5,2.5,0.752
1.6,1.6,2.6,2.6,0.75
1.6,1.6,2.7,2.7,0.774
1.6,1.6,2.8,2.8,0.796
1.6,1.6,2.9,2.9,0.788
1.6,1.6,3.0,3.0,0.8
1.6,1.6,3.1,3.1,0.766
1.6,1.6,3.2,3.2,0.798
1.6,1.6,3.3,3.3,0.782
1.6,1.6,3.4,3.4,0.718
1.6,1.6,3.5,3.5,0.776
1.6,1.6,3.6,3.6,0.738
1.6,1.6,3.7,3.7,0.74
1.6,1.6,3.8,3.8,0.73
1.6,1.6,3.9,3.9,0.758
1.6,1.6,4.0,4.0,0.694
1.6,1.6,4.1,4.1,0.638
1.6,1.6,4.2,4.2,0.674
1.6,1.6,4.3,4.3,0.676
1.6,1.6,4.4,4.4,0.61
1.6,1.6,4.5,4.5,0.608
1.6,1.6,4.6,4.6,0.57
1.6,1.6,4.7,4.7,0.526
1.6,1.6,4.8,4.8,0.52
1.6,1.6,4.9,4.9,0.502
1.6,1.6,5.0,5.0,0.462
1.6,1.6,5.1,5.1,0.456
1.6,1.6,5.2,5.2,0.466
1.6,1.6,5.3,5.3,0.394
1.6,1.6,5.4,5.4,0.434
1.6,1.6,5.5,5.5,0.394
1.6,1.6,5.6,5.6,0.318
1.6,1.6,5.7,5.7,0.344
1.6,1.6,5.8,5.8,0.35
1.6,1.6,5.9,5.9,0.294
1.6,1.6,6.0,6.0,0.316
1.6,1.6,6.1,6.1,0.264
1.6,1.6,6.2,6.2,0.258
1.6,1.6,6.3,6.3,0.264
1.6,1.6,6.4,6.4,0.266
1.6,1.6,6.5,6.5,0.206
1.6,1.6,6.6,6.6,0.226
1.6,1.6,6.7,6.7,0.24
1.6,1.6,6.8,6.8,0.2
1.6,1.6,6.9,6.9,0.21
1.6,1.6,7.0,7.0,0.192
1.6,1.6,7.1,7.1,0.18
1.6,1.6,7.2,7.2,0.212
1.6,1.6,7.3,7.3,0.184
1.6,1.6,7.4,7.4,0.18
1.6,1.6,7.5,7.5,0.166
1.6,1.6,7.6,7.6,0.14
1.6,1.6,7.7,7.7,0.17
1.6,1.6,7.8,7.8,0.148
1.6,1.6,7.9,7.9,0.17
1.6,1.6,8.0,8.0,0.17
1.6,1.6,8.1,8.1,0.166
1.6,1.6,8.2,8.2,0.154
1.6,1.6,8.3,8.3,0.132
1.6,1.6,8.4,8.4,0.164
1.6,1.6,8.5,8.5,0.152
1.6,1.6,8.6,8.6,0.146
1.6,1.6,8.7,8.7,0.162
1.6,1.6,8.8,8.8,0.132
1.6,1.6,8.9,8.9,0.14
1.6,1.6,9.0,9.0,0.144
1.6,1.6,9.1,9.1,0.11
1.6,1.6,9.2,9.2,0.138
1.6,1.6,9.3,9.3,0.104
1.6,1.6,9.4,9.4,0.126
1.6,1.6,9.5,9.5,0.13
1.6,1.6,9.6,9.6,0.134
1.6,1.6,9.7,9.7,0.118
1.6,1.6,9.8,9.8,0.148
1.6,1.6,9.9,9.9,0.104
1.6,1.6,10.0,10.0,0.134
1.6,1.6,10.1,10.1,0.136
1.6,1.6,10.2,10.2,0.13
1.6,1.6,10.3,10.3,0.134
1.6,1.6,10.4,10.4,0.124
1.6,1.6,10.5,10.5,0.15
1.6,1.6,10.6,10.6,0.112
1.6,1.6,10.7,10.7,0.116
1.6,1.6,10.8,10.8,0.152
1.6,1.6,10.9,10.9,0.11
1.6,1.6,11.0,11.0,0.112
1.6,1.6,11.1,11.1,0.118
1.6,1.6,11.2,11.2,0.128
1.6,1.6,11.3,11.3,0.112
1.6,1.6,11.4,11.4,0.128
1.6,1.6,11.5,11.5,0.092
1.6,1.6,11.6,11.6,0.136
1.6,1.6,11.7,11.7,0.104
1.6,1.6,11.8,11.8,0.084
1.6,1.6,11.9,11.9,0.124
1.6,1.6,12.0,12.0,0.1
1.6,1.6,12.1,12.1,0.1
1.6,1.6,12.2,12.2,0.094
1.6,1.6,12.3,12.3,0.092
1.6,1.6,12.4,12.4,0.11
1.6,1.6,12.5,12.5,0.122
1.6,1.6,12.6,12.6,0.11
1.6,1.6,12.7,12.7,0.092
1.6,1.6,12.8,12.8,0.09
1.6,1.6,12.9,12.9,0.096
1.6,1.6,13.0,13.0,0.078
1.6,1.6,13.1,13.1,0.122
1.6,1.6,13.2,13.2,0.12
1.6,1.6,13.3,13.3,0.116
1.6,1.6,13.4,13.4,0.098
1.6,1.6,13.5,13.5,0.092
1.6,1.6,13.6,13.6,0.104
1.6,1.6,13.7,13.7,0.112
1.6,1.6,13.8,13.8,0.118
1.6,1.6,13.9,13.9,0.13
1.6,1.6,14.0,14.0,0.086
1.6,1.6,14.1,14.1,0.09
1.6,1.6,14.2,14.2,0.09
1.6,1.6,14.3,14.3,0.086
1.6,1.6,14.4,14.4,0.08
1.6,1.6,14.5,14.5,0.114
1.6,1.6,14.6,14.6,0.084
1.6,1.6,14.7,14.7,0.098
1.6,1.6,14.8,14.8,0.118
1.6,1.6,14.9,14.9,0.106
1.6,1.6,15.0,15.0,0.1
1.6,1.6,15.1,15.1,0.096
1.7,1.7,0.1,0.1,0.074
1.7,1.7,0.2,0.2,0.154
1.7,1.7,0.3,0.3,0.236
1.7,1.7,0.4,0.4,0.248
1.7,1.7,0.5,0.5,0.362
1.7,1.7,0.6,0.6,0.412
1.7,1.7,0.7,0.7,0.45
1.7,1.7,0.8,0.8,0.494
1.7,1.7,0.9,0.9,0.534
1.7,1.7,1.0,1.0,0.54
1.7,1.7,1.1,1.1,0.566
1.7,1.7,1.2,1.2,0.602
1.7,1.7,1.3,1.3,0.572
1.7,1.7,1.4,1.4,0.638
1.7,1.7,1.5,1.5,0.678
1.7,1.7,1.6,1.6,0.686
1.7,1.7,1.7,1.7,0.684
1.7,1.7,1.8,1.8,0.712
1.7,1.7,1.9,1.9,0.736
1.7,1.7,2.0,2.0,0.726
1.7,1.7,2.1,2.1,0.746
1.7,1.7,2.2,2.2,0.746
1.7,1.7,2.3,2.3,0.73
1.7,1.7,2.4,2.4,0.76
1.7,1.7,2.5,2.5,0.744
1.7,1.7,2.6,2.6,0.776
1.7,1.7,2.7,2.7,0.792
1.7,1.7,2.8,2.8,0.766
1.7,1.7,2.9,2.9,0.754
1.7,1.7,3.0,3.0,0.792
1.7,1.7,3.1,3.1,0.8
1.7,1.7,3.2,3.2,0.76
1.7,1.7,3.3,3.3,0.744
1.7,1.7,3.4,3.4,0.792
1.7,1.7,3.5,3.5,0.716
1.7,1.7,3.6,3.6,0.774
1.7,1.7,3.7,3.7,0.746
1.7,1.7,3.8,3.8,0.742
1.7,1.7,3.9,3.9,0.726
1.7,1.7,4.0,4.0,0.714
1.7,1.7,4.1,4.1,0.676
1.7,1.7,4.2,4.2,0.712
1.7,1.7,4.3,4.3,0.678
1.7,1.7,4.4,4.4,0.668
1.7,1.7,4.5,4.5,0.632
1.7,1.7,4.6,4.6,0.658
1.7,1.7,4.7,4.7,0.606
1.7,1.7,4.8,4.8,0.63
1.7,1.7,4.9,4.9,0.61
1.7,1.7,5.0,5.0,0.556
1.7,1.7,5.1,5.1,0.51
1.7,1.7,5.2,5.2,0.518
1.7,1.7,5.3,5.3,0.492
1.7,1.7,5.4,5.4,0.512
1.7,1.7,5.5,5.5,0.444
1.7,1.7,5.6,5.6,0.356
1.7,1.7,5.7,5.7,0.39
1.7,1.7,5.8,5.8,0.348
1.7,1.7,5.9,5.9,0.36
1.7,1.7,6.0,6.0,0.35
1.7,1.7,6.1,6.1,0.314
1.7,1.7,6.2,6.2,0.31
1.7,1.7,6.3,6.3,0.26
1.7,1.7,6.4,6.4,0.262
1.7,1.7,6.5,6.5,0.268
1.7,1.7,6.6,6.6,0.282
1.7,1.7,6.7,6.7,0.274
1.7,1.7,6.8,6.8,0.246
1.7,1.7,6.9,6.9,0.216
1.7,1.7,7.0,7.0,0.218
1.7,1.7,7.1,7.1,0.198
1.7,1.7,7.2,7.2,0.224
1.7,1.7,7.3,7.3,0.234
1.7,1.7,7.4,7.4,0.234
1.7,1.7,7.5,7.5,0.184
1.7,1.7,7.6,7.6,0.198
1.7,1.7,7.7,7.7,0.206
1.7,1.7,7.8,7.8,0.18
1.7,1.7,7.9,7.9,0.182
1.7,1.7,8.0,8.0,0.184
1.7,1.7,8.1,8.1,0.152
1.7,1.7,8.2,8.2,0.184
1.7,1.7,8.3,8.3,0.146
1.7,1.7,8.4,8.4,0.156
1.7,1.7,8.5,8.5,0.142
1.7,1.7,8.6,8.6,0.168
1.7,1.7,8.7,8.7,0.182
1.7,1.7,8.8,8.8,0.186
1.7,1.7,8.9,8.9,0.146
1.7,1.7,9.0,9.0,0.156
1.7,1.7,9.1,9.1,0.15
1.7,1.7,9.2,9.2,0.152
1.7,1.7,9.3,9.3,0.122
1.7,1.7,9.4,9.4,0.152
1.7,1.7,9.5,9.5,0.152
1.7,1.7,9.6,9.6,0.144
1.7,1.7,9.7,9.7,0.146
1.7,1.7,9.8,9.8,0.152
1.7,1.7,9.9,9.9,0.158
1.7,1.7,10.0,10.0,0.15
1.7,1.7,10.1,10.1,0.116
1.7,1.7,10.2,10.2,0.126
1.7,1.7,10.3,10.3,0.138
1.7,1.7,10.4,10.4,0.132
1.7,1.7,10.5,10.5,0.134
1.7,1.7,10.6,10.6,0.126
1.7,1.7,10.7,10.7,0.146
1.7,1.7,10.8,10.8,0.102
1.7,1.7,10.9,10.9,0.15
1.7,1.7,11.0,11.0,0.122
1.7,1.7,11.1,11.1,0.112
1.7,1.7,11.2,11.2,0.11
1.7,1.7,11.3,11.3,0.124
1.7,1.7,11.4,11.4,0.102
1.7,1.7,11.5,11.5,0.128
1.7,1.7,11.6,11.6,0.116
1.7,1.7,11.7,11.7,0.108
1.7,1.7,11.8,11.8,0.124
1.7,1.7,11.9,11.9,0.104
1.7,1.7,12.0,12.0,0.104
1.7,1.7,12.1,12.1,0.1
1.7,1.7,12.2,12.2,0.104
1.7,1.7,12.3,12.3,0.124
1.7,1.7,12.4,12.4,0.132
1.7,1.7,12.5,12.5,0.096
1.7,1.7,12.6,12.6,0.126
1.7,1.7,12.7,12.7,0.132
1.7,1.7,12.8,12.8,0.116
1.7,1.7,12.9,12.9,0.12
1.7,1.7,13.0,13.0,0.13
1.7,1.7,13.1,13.1,0.134
1.7,1.7,13.2,13.2,0.126
1.7,1.7,13.3,13.3,0.128
1.7,1.7,13.4,13.4,0.13
1.7,1.7,13.5,13.5,0.12
1.7,1.7,13.6,13.6,0.11
1.7,1.7,13.7,13.7,0.098
1.7,1.7,13.8,13.8,0.104
1.7,1.7,13.9,13.9,0.1
1.7,1.7,14.0,14.0,0.106
1.7,1.7,14.1,14.1,0.108
1.7,1.7,14.2,14.2,0.088
1.7,1.7,14.3,14.3,0.106
1.7,1.7,14.4,14.4,0.082
1.7,1.7,14.5,14.5,0.122
1.7,1.7,14.6,14.6,0.102
1.7,1.7,14.7,14.7,0.098
1.7,1.7,14.8,14.8,0.108
1.7,1.7,14.9,14.9,0.076
1.7,1.7,15.0,15.0,0.114
1.7,1.7,15.1,15.1,0.086
1.8,1.8,0.1,0.1,0.078
1.8,1.8,0.2,0.2,0.154
1.8,1.8,0.3,0.3,0.18
1.8,1.8,0.4,0.4,0.282
1.8,1.8,0.5,0.5,0.312
1.8,1.8,0.6,0.6,0.342
1.8,1.8,0.7,0.7,0.406
1.8,1.8,0.8,0.8,0.442
1.8,1.8,0.9,0.9,0.456
1.8,1.8,1.0,1.0,0.492
1.8,1.8,1.1,1.1,0.56
1.8,1.8,1.2,1.2,0.57
1.8,1.8,1.3,1.3,0.56
1.8,1.8,1.4,1.4,0.64
1.8,1.8,1.5,1.5,0.572
1.8,1.8,1.6,1.6,0.66
1.8,1.8,1.7,1.7,0.698
1.8,1.8,1.8,1.8,0.664
1.8,1.8,1.9,1.9,0.728
1.8,1.8,2.0,2.0,0.726
1.8,1.8,2.1,2.1,0.754
1.8,1.8,2.2,2.2,0.718
1.8,1.8,2.3,2.3,0.726
1.8,1.8,2.4,2.4,0.77
1.8,1.8,2.5,2.5,0.734
1.8,1.8,2.6,2.6,0.786
1.8,1.8,2.7,2.7,0.742
1.8,1.8,2.8,2.8,0.756
1.8,1.8,2.9,2.9,0.78
1.8,1.8,3.0,3.0,0.77
1.8,1.8,3.1,3.1,0.776
1.8,1.8,3.2,3.2,0.752
1.8,1.8,3.3,3.3,0.768
1.8,1.8,3.4,3.4,0.774
1.8,1.8,3.5,3.5,0.758
1.8,1.8,3.6,3.6,0.76
1.8,1.8,3.7,3.7,0.742
1.8,1.8,3.8,3.8,0.742
1.8,1.8,3.9,3.9,0.748
1.8,1.8,4.0,4.0,0.774
1.8,1.8,4.1,4.1,0.758
1.8,1.8,4.2,4.2,0.732
1.8,1.8,4.3,4.3,0.748
1.8,1.8,4.4,4.4,0.658
1.8,1.8,4.5,4.5,0.678
1.8,1.8,4.6,4.6,0.668
1.8,1.8,4.7,4.7,0.69
1.8,1.8,4.8,4.8,0.676
1.8,1.8,4.9,4.9,0.608
1.8,1.8,5.0,5.0,0.622
1.8,1.8,5.1,5.1,0.582
1.8,1.8,5.2,5.2,0.592
1.8,1.8,5.3,5.3,0.558
1.8,1.8,5.4,5.4,0.512
1.8,1.8,5.5,5.5,0.49
1.8,1.8,5.6,5.6,0.508
1.8,1.8,5.7,5.7,0.426
1.8,1.8,5.8,5.8,0.442
1.8,1.8,5.9,5.9,0.42
1.8,1.8,6.0,6.0,0.38
1.8,1.8,6.1,6.1,0.364
1.8,1.8,6.2,6.2,0.336
1.8,1.8,6.3,6.3,0.334
1.8,1.8,6.4,6.4,0.346
1.8,1.8,6.5,6.5,0.318
1.8,1.8,6.6,6.6,0.326
1.8,1.8,6.7,6.7,0.292
1.8,1.8,6.8,6.8,0.266
1.8,1.8,6.9,6.9,0.254
1.8,1.8,7.0,7.0,0.27
1.8,1.8,7.1,7.1,0.284
1.8,1.8,7.2,7.2,0.242
1.8,1.8,7.3,7.3,0.23
1.8,1.8,7.4,7.4,0.222
1.8,1.8,7.5,7.5,0.208
1.8,1.8,7.6,7.6,0.202
1.8,1.8,7.7,7.7,0.196
1.8,1.8,7.8,7.8,0.232
1.8,1.8,7.9,7.9,0.152
1.8,1.8,8.0,8.0,0.212
1.8,1.8,8.1,8.1,0.17
1.8,1.8,8.2,8.2,0.194
1.8,1.8,8.3,8.3,0.178
1.8,1.8,8.4,8.4,0.172
1.8,1.8,8.5,8.5,0.158
1.8,1.8,8.6,8.6,0.18
1.8,1.8,8.7,8.7,0.216
1.8,1.8,8.8,8.8,0.136
1.8,1.8,8.9,8.9,0.16
1.8,1.8,9.0,9.0,0.158
1.8,1.8,9.1,9.1,0.158
1.8,1.8,9.2,9.2,0.132
1.8,1.8,9.3,9.3,0.158
1.8,1.8,9.4,9.4,0.142
1.8,1.8,9.5,9.5,0.168
1.8,1.8,9.6,9.6,0.18
1.8,1.8,9.7,9.7,0.138
1.8,1.8,9.8,9.8,0.132
1.8,1.8,9.9,9.9,0.142
1.8,1.8,10.0,10.0,0.164
1.8,1.8,10.1,10.1,0.13
1.8,1.8,10.2,10.2,0.138
1.8,1.8,10.3,10.3,0.158
1.8,1.8,10.4,10.4,0.146
1.8,1.8,10.5,10.5,0.13
1.8,1.8,10.6,10.6,0.134
1.8,1.8,10.7,10.7,0.138
1.8,1.8,10.8,10.8,0.122
1.8,1.8,10.9,10.9,0.128
1.8,1.8,11.0,11.0,0.136
1.8,1.8,11.1,11.1,0.136
1.8,1.8,11.2,11.2,0.102
1.8,1.8,11.3,11.3,0.132
1.8,1.8,11.4,11.4,0.148
1.8,1.8,11.5,11.5,0.148
1.8,1.8,11.6,11.6,0.124
1.8,1.8,11.7,11.7,0.132
1.8,1.8,11.8,11.8,0.116
1.8,1.8,11.9,11.9,0.11
1.8,1.8,12.0,12.0,0.142
1.8,1.8,12.1,12.1,0.1
1.8,1.8,12.2,12.2,0.13
1.8,1.8,12.3,12.3,0.108
1.8,1.8,12.4,12.4,0.122
1.8,1.8,12.5,12.5,0.1
1.8,1.8,12.6,12.6,0.138
1.8,1.8,12.7,12.7,0.15
1.8,1.8,12.8,12.8,0.104
1.8,1.8,12.9,12.9,0.098
1.8,1.8,13.0,13.0,0.128
1.8,1.8,13.1,13.1,0.118
1.8,1.8,13.2,13.2,0.114
1.8,1.8,13.3,13.3,0.098
1.8,1.8,13.4,13.4,0.092
1.8,1.8,13.5,13.5,0.1
1.8,1.8,13.6,13.6,0.12
1.8,1.8,13.7,13.7,0.11
1.8,1.8,13.8,13.8,0.088
1.8,1.8,13.9,13.9,0.104
1.8,1.8,14.0,14.0,0.092
1.8,1.8,14.1,14.1,0.096
1.8,1.8,14.2,14.2,0.102
1.8,1.8,14.3,14.3,0.116
1.8,1.8,14.4,14.4,0.098
1.8,1.8,14.5,14.5,0.102
1.8,1.8,14.6,14.6,0.102
1.8,1.8,14.7,14.7,0.112
1.8,1.8,14.8,14.8,0.112
1.8,1.8,14.9,14.9,0.098
1.8,1.8,15.0,15.0,0.122
1.8,1.8,15.1,15.1,0.106
1.9,1.9,0.1,0.1,0.074
1.9,1.9,0.2,0.2,0.144
1.9,1.9,0.3,0.3,0.196
1.9,1.9,0.4,0.4,0.238
1.9,1.9,0.5,0.5,0.308
1.9,1.9,0.6,0.6,0.328
1.9,1.9,0.7,0.7,0.422
1.9,1.9,0.8,0.8,0.434
1.9,1.9,0.9,0.9,0.494
1.9,1.9,1.0,1.0,0.512
1.9,1.9,1.1,1.1,0.522
1.9,1.9,1.2,1.2,0.562
1.9,1.9,1.3,1.3,0.542
1.9,1.9,1.4,1.4,0.598
1.9,1.9,1.5,1.5,0.644
1.9,1.9,1.6,1.6,0.618
1.9,1.9,1.7,1.7,0.68
1.9,1.9,1.8,1.8,0.642
1.9,1.9,1.9,1.9,0.724
1.9,1.9,2.0,2.0,0.668
1.9,1.9,2.1,2.1,0.712
1.9,1.9,2.2,2.2,0.73
1.9,1.9,2.3,2.3,0.742
1.9,1.9,2.4,2.4,0.762
1.9,1.9,2.5,2.5,0.726
1.9,1.9,2.6,2.6,0.758
1.9,1.9,2.7,2.7,0.756
1.9,1.9,2.8,2.8,0.752
1.9,1.9,2.9,2.9,0.76
1.9,1.9,3.0,3.0,0.768
1.9,1.9,3.1,3.1,0.776
1.9,1.9,3.2,3.2,0.756
1.9,1.9,3.3,3.3,0.746
1.9,1.9,3.4,3.4,0.802
1.9,1.9,3.5,3.5,0.786
1.9,1.9,3.6,3.6,0.728
1.9,1.9,3.7,3.7,0.746
1.9,1.9,3.8,3.8,0.766
1.9,1.9,3.9,3.9,0.76
1.9,1.9,4.0,4.0,0.77
1.9,1.9,4.1,4.1,0.744
1.9,1.9,4.2,4.2,0.738
1.9,1.9,4.3,4.3,0.72
1.9,1.9,4.4,4.4,0.72
1.9,1.9,4.5,4.5,0.706
1.9,1.9,4.6,4.6,0.722
1.9,1.9,4.7,4.7,0.704
1.9,1.9,4.8,4.8,0.698
1.9,1.9,4.9,4.9,0.714
1.9,1.9,5.0,5.0,0.668
1.9,1.9,5.1,5.1,0.664
1.9,1.9,5.2,5.2,0.628
1.9,1.9,5.3,5.3,0.606
1.9,1.9,5.4,5.4,0.612
1.9,1.9,5.5,5.5,0.578
1.9,1.9,5.6,5.6,0.554
1.9,1.9,5.7,5.7,0.51
1.9,1.9,5.8,5.8,0.46
1.9,1.9,5.9,5.9,0.486
1.9,1.9,6.0,6.0,0.476
1.9,1.9,6.1,6.1,0.434
1.9,1.9,6.2,6.2,0.416
1.9,1.9,6.3,6.3,0.408
1.9,1.9,6.4,6.4,0.382
1.9,1.9,6.5,6.5,0.378
1.9,1.9,6.6,6.6,0.35
1.9,1.9,6.7,6.7,0.32
1.9,1.9,6.8,6.8,0.326
1.9,1.9,6.9,6.9,0.278
1.9,1.9,7.0,7.0,0.302
1.9,1.9,7.1,7.1,0.278
1.9,1.9,7.2,7.2,0.258
1.9,1.9,7.3,7.3,0.252
1.9,1.9,7.4,7.4,0.25
1.9,1.9,7.5,7.5,0.236
1.9,1.9,7.6,7.6,0.242
1.9,1.9,7.7,7.7,0.264
1.9,1.9,7.8,7.8,0.186
1.9,1.9,7.9,7.9,0.23
1.9,1.9,8.0,8.0,0.236
1.9,1.9,8.1,8.1,0.2
1.9,1.9,8.2,8.2,0.228
1.9,1.9,8.3,8.3,0.208
1.9,1.9,8.4,8.4,0.226
1.9,1.9,8.5,8.5,0.168
1.9,1.9,8.6,8.6,0.21
1.9,1.9,8.7,8.7,0.236
1.9,1.9,8.8,8.8,0.182
1.9,1.9,8.9,8.9,0.208
1.9,1.9,9.0,9.0,0.162
1.9,1.9,9.1,9.1,0.172
1.9,1.9,9.2,9.2,0.188
1.9,1.9,9.3,9.3,0.154
1.9,1.9,9.4,9.4,0.168
1.9,1.9,9.5,9.5,0.166
1.9,1.9,9.6,9.6,0.156
1.9,1.9,9.7,9.7,0.156
1.9,1.9,9.8,9.8,0.164
1.9,1.9,9.9,9.9,0.152
1.9,1.9,10.0,10.0,0.144
1.9,1.9,10.1,10.1,0.152
1.9,1.9,10.2,10.2,0.156
1.9,1.9,10.3,10.3,0.13
1.9,1.9,10.4,10.4,0.152
1.9,1.9,10.5,10.5,0.158
1.9,1.9,10.6,10.6,0.134
1.9,1.9,10.7,10.7,0.118
1.9,1.9,10.8,10.8,0.124
1.9,1.9,10.9,10.9,0.146
1.9,1.9,11.0,11.0,0.126
1.9,1.9,11.1,11.1,0.142
1.9,1.9,11.2,11.2,0.122
1.9,1.9,11.3,11.3,0.142
1.9,1.9,11.4,11.4,0.136
1.9,1.9,11.5,11.5,0.15
1.9,1.9,11.6,11.6,0.15
1.9,1.9,11.7,11.7,0.126
1.9,1.9,11.8,11.8,0.134
1.9,1.9,11.9,11.9,0.11
1.9,1.9,12.0,12.0,0.112
1.9,1.9,12.1,12.1,0.116
1.9,1.9,12.2,12.2,0.106
1.9,1.9,12.3,12.3,0.122
1.9,1.9,12.4,12.4,0.126
1.9,1.9,12.5,12.5,0.094
1.9,1.9,12.6,12.6,0.11
1.9,1.9,12.7,12.7,0.11
1.9,1.9,12.8,12.8,0.128
1.9,1.9,12.9,12.9,0.104
1.9,1.9,13.0,13.0,0.104
1.9,1.9,13.1,13.1,0.118
1.9,1.9,13.2,13.2,0.114
1.9,1.9,13.3,13.3,0.124
1.9,1.9,13.4,13.4,0.09
1.9,1.9,13.5,13.5,0.138
1.9,1.9,13.6,13.6,0.126
1.9,1.9,13.7,13.7,0.12
1.9,1.9,13.8,13.8,0.132
1.9,1.9,13.9,13.9,0.13
1.9,1.9,14.0,14.0,0.1
1.9,1.9,14.1,14.1,0.108
1.9,1.9,14.2,14.2,0.112
1.9,1.9,14.3,14.3,0.136
1.9,1.9,14.4,14.4,0.108
1.9,1.9,14.5,14.5,0.096
1.9,1.9,14.6,14.6,0.102
1.9,1.9,14.7,14.7,0.092
1.9,1.9,14.8,14.8,0.102
1.9,1.9,14.9,14.9,0.12
1.9,1.9,15.0,15.0,0.096
1.9,1.9,15.1,15.1,0.112
2.0,2.0,0.1,0.1,0.062
2.0,2.0,0.2,0.2,0.112
2.0,2.0,0.3,0.3,0.184
2.0,2.0,0.4,0.4,0.242
2.0,2.0,0.5,0.5,0.29
2.0,2.0,0.6,0.6,0.342
2.0,2.0,0.7,0.7,0.298
2.0,2.0,0.8,0.8,0.372
2.0,2.0,0.9,0.9,0.422
2.0,2.0,1.0,1.0,0.51
2.0,2.0,1.1,1.1,0.472
2.0,2.0,1.2,1.2,0.602
2.0,2.0,1.3,1.3,0.556
2.0,2.0,1.4,1.4,0.576
2.0,2.0,1.5,1.5,0.638
2.0,2.0,1.6,1.6,0.594
2.0,2.0,1.7,1.7,0.7
2.0,2.0,1.8,1.8,0.642
2.0,2.0,1.9,1.9,0.674
2.0,2.0,2.0,2.0,0.68
2.0,2.0,2.1,2.1,0.71
2.0,2.0,2.2,2.2,0.716
2.0,2.0,2.3,2.3,0.726
2.0,2.0,2.4,2.4,0.752
2.0,2.0,2.5,2.5,0.76
2.0,2.0,2.6,2.6,0.716
2.0,2.0,2.7,2.7,0.754
2.0,2.0,2.8,2.8,0.76
2.0,2.0,2.9,2.9,0.782
2.0,2.0,3.0,3.0,0.748
2.0,2.0,3.1,3.1,0.826
2.0,2.0,3.2,3.2,0.784
2.0,2.0,3.3,3.3,0.79
2.0,2.0,3.4,3.4,0.77
2.0,2.0,3.5,3.5,0.752
2.0,2.0,3.6,3.6,0.806
2.0,2.0,3.7,3.7,0.782
2.0,2.0,3.8,3.8,0.766
2.0,2.0,3.9,3.9,0.746
2.0,2.0,4.0,4.0,0.73
2.0,2.0,4.1,4.1,0.792
2.0,2.0,4.2,4.2,0.764
2.0,2.0,4.3,4.3,0.74
2.0,2.0,4.4,4.4,0.774
2.0,2.0,4.5,4.5,0.758
2.0,2.0,4.6,4.6,0.74
2.0,2.0,4.7,4.7,0.748
2.0,2.0,4.8,4.8,0.686
2.0,2.0,4.9,4.9,0.708
2.0,2.0,5.0,5.0,0.686
2.0,2.0,5.1,5.1,0.682
2.0,2.0,5.2,5.2,0.652
2.0,2.0,5.3,5.3,0.662
2.0,2.0,5.4,5.4,0.622
2.0,2.0,5.5,5.5,0.632
2.0,2.0,5.6,5.6,0.636
2.0,2.0,5.7,5.7,0.626
2.0,2.0,5.8,5.8,0.55
2.0,2.0,5.9,5.9,0.56
2.0,2.0,6.0,6.0,0.572
2.0,2.0,6.1,6.1,0.498
2.0,2.0,6.2,6.2,0.46
2.0,2.0,6.3,6.3,0.434
2.0,2.0,6.4,6.4,0.462
2.0,2.0,6.5,6.5,0.432
2.0,2.0,6.6,6.6,0.452
2.0,2.0,6.7,6.7,0.368
2.0,2.0,6.8,6.8,0.418
2.0,2.0,6.9,6.9,0.36
2.0,2.0,7.0,7.0,0.344
2.0,2.0,7.1,7.1,0.318
2.0,2.0,7.2,7.2,0.304
2.0,2.0,7.3,7.3,0.314
2.0,2.0,7.4,7.4,0.286
2.0,2.0,7.5,7.5,0.28
2.0,2.0,7.6,7.6,0.254
2.0,2.0,7.7,7.7,0.278
2.0,2.0,7.8,7.8,0.22
2.0,2.0,7.9,7.9,0.222
2.0,2.0,8.0,8.0,0.246
2.0,2.0,8.1,8.1,0.22
2.0,2.0,8.2,8.2,0.232
2.0,2.0,8.3,8.3,0.216
2.0,2.0,8.4,8.4,0.204
2.0,2.0,8.5,8.5,0.228
2.0,2.0,8.6,8.6,0.19
2.0,2.0,8.7,8.7,0.198
2.0,2.0,8.8,8.8,0.202
2.0,2.0,8.9,8.9,0.21
2.0,2.0,9.0,9.0,0.206
2.0,2.0,9.1,9.1,0.176
2.0,2.0,9.2,9.2,0.194
2.0,2.0,9.3,9.3,0.196
2.0,2.0,9.4,9.4,0.172
2.0,2.0,9.5,9.5,0.188
2.0,2.0,9.6,9.6,0.168
2.0,2.0,9.7,9.7,0.148
2.0,2.0,9.8,9.8,0.156
2.0,2.0,9.9,9.9,0.184
2.0,2.0,10.0,10.0,0.178
2.0,2.0,10.1,10.1,0.144
2.0,2.0,10.2,10.2,0.188
2.0,2.0,10.3,10.3,0.146
2.0,2.0,10.4,10.4,0.158
2.0,2.0,10.5,10.5,0.15
2.0,2.0,10.6,10.6,0.128
2.0,2.0,10.7,10.7,0.17
2.0,2.0,10.8,10.8,0.166
2.0,2.0,10.9,10.9,0.162
2.0,2.0,11.0,11.0,0.146
2.0,2.0,11.1,11.1,0.172
2.0,2.0,11.2,11.2,0.162
2.0,2.0,11.3,11.3,0.15
2.0,2.0,11.4,11.4,0.144
2.0,2.0,11.5,11.5,0.142
2.0,2.0,11.6,11.6,0.142
2.0,2.0,11.7,11.7,0.136
2.0,2.0,11.8,11.8,0.118
2.0,2.0,11.9,11.9,0.144
2.0,2.0,12.0,12.0,0.118
2.0,2.0,12.1,12.1,0.152
2.0,2.0,12.2,12.2,0.13
2.0,2.0,12.3,12.3,0.138
2.0,2.0,12.4,12.4,0.126
2.0,2.0,12.5,12.5,0.146
2.0,2.0,12.6,12.6,0.104
2.0,2.0,12.7,12.7,0.104
2.0,2.0,12.8,12.8,0.124
2.0,2.0,12.9,12.9,0.126
2.0,2.0,13.0,13.0,0.136
2.0,2.0,13.1,13.1,0.114
2.0,2.0,13.2,13.2,0.128
2.0,2.0,13.3,13.3,0.12
2.0,2.0,13.4,13.4,0.128
2.0,2.0,13.5,13.5,0.124
2.0,2.0,13.6,13.6,0.128
2.0,2.0,13.7,13.7,0.114
2.0,2.0,13.8,13.8,0.14
2.0,2.0,13.9,13.9,0.11
2.0,2.0,14.0,14.0,0.15
2.0,2.0,14.1,14.1,0.1
2.0,2.0,14.2,14.2,0.132
2.0,2.0,14.3,14.3,0.126
2.0,2.0,14.4,14.4,0.116
2.0,2.0,14.5,14.5,0.1
2.0,2.0,14.6,14.6,0.1
2.0,2.0,14.7,14.7,0.1
2.0,2.0,14.8,14.8,0.11
2.0,2.0,14.9,14.9,0.082
2.0,2.0,15.0,15.0,0.096
2.0,2.0,15.1,15.1,0.098
2.1,2.1,0.1,0.1,0.082
2.1,2.1,0.2,0.2,0.14
2.1,2.1,0.3,0.3,0.196
2.1,2.1,0.4,0.4,0.252
2.1,2.1,0.5,0.5,0.264
2.1,2.1,0.6,0.6,0.31
2.1,2.1,0.7,0.7,0.362
2.1,2.1,0.8,0.8,0.416
2.1,2.1,0.9,0.9,0.432
2.1,2.1,1.0,1.0,0.456
2.1,2.1,1.1,1.1,0.482
2.1,2.1,1.2,1.2,0.538
2.1,2.1,1.3,1.3,0.574
2.1,2.1,1.4,1.4,0.552
2.1,2.1,1.5,1.5,0.58
2.1,2.1,1.6,1.6,0.596
2.1,2.1,1.7,1.7,0.632
2.1,2.1,1.8,1.8,0.64
2.1,2.1,1.9,1.9,0.648
2.1,2.1,2.0,2.0,0.678
2.1,2.1,2.1,2.1,0.692
2.1,2.1,2.2,2.2,0.688
2.1,2.1,2.3,2.3,0.698
2.1,2.1,2.4,2.4,0.708
2.1,2.1,2.5,2.5,0.734
2.1,2.1,2.6,2.6,0.75
2.1,2.1,2.7,2.7,0.758
2.1,2.1,2.8,2.8,0.74
2.1,2.1,2.9,2.9,0.74
2.1,2.1,3.0,3.0,0.758
2.1,2.1,3.1,3.1,0.736
2.1,2.1,3.2,3.2,0.778
2.1,2.1,3.3,3.3,0.756
2.1,2.1,3.4,3.4,0.8
2.1,2.1,3.5,3.5,0.774
2.1,2.1,3.6,3.6,0.758
2.1,2.1,3.7,3.7,0.77
2.1,2.1,3.8,3.8,0.772
2.1,2.1,3.9,3.9,0.756
2.1,2.1,4.0,4.0,0.756
2.1,2.1,4.1,4.1,0.76
2.1,2.1,4.2,4.2,0.778
2.1,2.1,4.3,4.3,0.758
2.1,2.1,4.4,4.4,0.772
2.1,2.1,4.5,4.5,0.756
2.1,2.1,4.6,4.6,0.762
2.1,2.1,4.7,4.7,0.734
2.1,2.1,4.8,4.8,0.74
2.1,2.1,4.9,4.9,0.774
2.1,2.1,5.0,5.0,0.718
2.1,2.1,5.1,5.1,0.7
2.1,2.1,5.2,5.2,0.692
2.1,2.1,5.3,5.3,0.712
2.1,2.1,5.4,5.4,0.712
2.1,2.1,5.5,5.5,0.678
2.1,2.1,5.6,5.6,0.674
2.1,2.1,5.7,5.7,0.622
2.1,2.1,5.8,5.8,0.66
2.1,2.1,5.9,5.9,0.628
2.1,2.1,6.0,6.0,0.618
2.1,2.1,6.1,6.1,0.58
2.1,2.1,6.2,6.2,0.558
2.1,2.1,6.3,6.3,0.554
2.1,2.1,6.4,6.4,0.498
2.1,2.1,6.5,6.5,0.458
2.1,2.1,6.6,6.6,0.476
2.1,2.1,6.7,6.7,0.47
2.1,2.1,6.8,6.8,0.442
2.1,2.1,6.9,6.9,0.418
2.1,2.1,7.0,7.0,0.402
2.1,2.1,7.1,7.1,0.354
2.1,2.1,7.2,7.2,0.328
2.1,2.1,7.3,7.3,0.344
2.1,2.1,7.4,7.4,0.358
2.1,2.1,7.5,7.5,0.362
2.1,2.1,7.6,7.6,0.336
2.1,2.1,7.7,7.7,0.282
2.1,2.1,7.8,7.8,0.276
2.1,2.1,7.9,7.9,0.27
2.1,2.1,8.0,8.0,0.238
2.1,2.1,8.1,8.1,0.258
2.1,2.1,8.2,8.2,0.3
2.1,2.1,8.3,8.3,0.238
2.1,2.1,8.4,8.4,0.23
2.1,2.1,8.5,8.5,0.26
2.1,2.1,8.6,8.6,0.222
2.1,2.1,8.7,8.7,0.22
2.1,2.1,8.8,8.8,0.24
2.1,2.1,8.9,8.9,0.214
2.1,2.1,9.0,9.0,0.234
2.1,2.1,9.1,9.1,0.19
2.1,2.1,9.2,9.2,0.174
2.1,2.1,9.3,9.3,0.188
2.1,2.1,9.4,9.4,0.194
2.1,2.1,9.5,9.5,0.228
2.1,2.1,9.6,9.6,0.174
2.1,2.1,9.7,9.7,0.186
2.1,2.1,9.8,9.8,0.19
2.1,2.1,9.9,9.9,0.18
2.1,2.1,10.0,10.0,0.186
2.1,2.1,10.1,10.1,0.18
2.1,2.1,10.2,10.2,0.222
2.1,2.1,10.3,10.3,0.184
2.1,2.1,10.4,10.4,0.124
2.1,2.1,10.5,10.5,0.196
2.1,2.1,10.6,10.6,0.16
2.1,2.1,10.7,10.7,0.182
2.1,2.1,10.8,10.8,0.178
2.1,2.1,10.9,10.9,0.148
2.1,2.1,11.0,11.0,0.164
2.1,2.1,11.1,11.1,0.148
2.1,2.1,11.2,11.2,0.144
2.1,2.1,11.3,11.3,0.15
2.1,2.1,11.4,11.4,0.144
2.1,2.1,11.5,11.5,0.158
2.1,2.1,11.6,11.6,0.124
2.1,2.1,11.7,11.7,0.124
2.1,2.1,11.8,11.8,0.132
2.1,2.1,11.9,11.9,0.122
2.1,2.1,12.0,12.0,0.134
2.1,2.1,12.1,12.1,0.144
2.1,2.1,12.2,12.2,0.174
2.1,2.1,12.3,12.3,0.146
2.1,2.1,12.4,12.4,0.14
2.1,2.1,12.5,12.5,0.172
2.1,2.1,12.6,12.6,0.126
2.1,2.1,12.7,12.7,0.112
2.1,2.1,12.8,12.8,0.136
2.1,2.1,12.9,12.9,0.15
2.1,2.1,13.0,13.0,0.108
2.1,2.1,13.1,13.1,0.158
2.1,2.1,13.2,13.2,0.148
2.1,2.1,13.3,13.3,0.136
2.1,2.1,13.4,13.4,0.15
2.1,2.1,13.5,13.5,0.118
2.1,2.1,13.6,13.6,0.132
2.1,2.1,13.7,13.7,0.104
2.1,2.1,13.8,13.8,0.126
2.1,2.1,13.9,13.9,0.124
2.1,2.1,14.0,14.0,0.108
2.1,2.1,14.1,14.1,0.11
2.1,2.1,14.2,14.2,0.146
2.1,2.1,14.3,14.3,0.142
2.1,2.1,14.4,14.4,0.106
2.1,2.1,14.5,14.5,0.112
2.1,2.1,14.6,14.6,0.136
2.1,2.1,14.7,14.7,0.122
2.1,2.1,14.8,14.8,0.112
2.1,2.1,14.9,14.9,0.122
2.1,2.1,15.0,15.0,0.112
2.1,2.1,15.1,15.1,0.138
2.2,2.2,0.1,0.1,0.084
2.2,2.2,0.2,0.2,0.124
2.2,2.2,0.3,0.3,0.194
2.2,2.2,0.4,0.4,0.206
2.2,2.2,0.5,0.5,0.268
2.2,2.2,0.6,0.6,0.324
2.2,2.2,0.7,0.7,0.308
2.2,2.2,0.8,0.8,0.4
2.2,2.2,0.9,0.9,0.432
2.2,2.2,1.0,1.0,0.444
2.2,2.2,1.1,1.1,0.498
2.2,2.2,1.2,1.2,0.482
2.2,2.2,1.3,1.3,0.504
2.2,2.2,1.4,1.4,0.54
2.2,2.2,1.5,1.5,0.596
2.2,2.2,1.6,1.6,0.596
2.2,2.2,1.7,1.7,0.576
2.2,2.2,1.8,1.8,0.656
2.2,2.2,1.9,1.9,0.656
2.2,2.2,2.0,2.0,0.688
2.2,2.2,2.1,2.1,0.686
2.2,2.2,2.2,2.2,0.682
2.2,2.2,2.3,2.3,0.69
2.2,2.2,2.4,2.4,0.724
2.2,2.2,2.5,2.5,0.722
2.2,2.2,2.6,2.6,0.724
2.2,2.2,2.7,2.7,0.726
2.2,2.2,2.8,2.8,0.732
2.2,2.2,2.9,2.9,0.726
2.2,2.2,3.0,3.0,0.77
2.2,2.2,3.1,3.1,0.782
2.2,2.2,3.2,3.2,0.746
2.2,2.2,3.3,3.3,0.768
2.2,2.2,3.4,3.4,0.802
2.2,2.2,3.5,3.5,0.772
2.2,2.2,3.6,3.6,0.764
2.2,2.2,3.7,3.7,0.754
2.2,2.2,3.8,3.8,0.736
2.2,2.2,3.9,3.9,0.726
2.2,2.2,4.0,4.0,0.74
2.2,2.2,4.1,4.1,0.774
2.2,2.2,4.2,4.2,0.752
2.2,2.2,4.3,4.3,0.752
2.2,2.2,4.4,4.4,0.774
2.2,2.2,4.5,4.5,0.77
2.2,2.2,4.6,4.6,0.74
2.2,2.2,4.7,4.7,0.76
2.2,2.2,4.8,4.8,0.716
2.2,2.2,4.9,4.9,0.75
2.2,2.2,5.0,5.0,0.732
2.2,2.2,5.1,5.1,0.722
2.2,2.2,5.2,5.2,0.728
2.2,2.2,5.3,5.3,0.706
2.2,2.2,5.4,5.4,0.694
2.2,2.2,5.5,5.5,0.714
2.2,2.2,5.6,5.6,0.678
2.2,2.2,5.7,5.7,0.656
2.2,2.2,5.8,5.8,0.68
2.2,2.2,5.9,5.9,0.634
2.2,2.2,6.0,6.0,0.618
2.2,2.2,6.1,6.1,0.616
2.2,2.2,6.2,6.2,0.584
2.2,2.2,6.3,6.3,0.564
2.2,2.2,6.4,6.4,0.58
2.2,2.2,6.5,6.5,0.588
2.2,2.2,6.6,6.6,0.492
2.2,2.2,6.7,6.7,0.532
2.2,2.2,6.8,6.8,0.458
2.2,2.2,6.9,6.9,0.5
2.2,2.2,7.0,7.0,0.408
2.2,2.2,7.1,7.1,0.376
2.2,2.2,7.2,7.2,0.452
2.2,2.2,7.3,7.3,0.414
2.2,2.2,7.4,7.4,0.396
2.2,2.2,7.5,7.5,0.338
2.2,2.2,7.6,7.6,0.328
2.2,2.2,7.7,7.7,0.308
2.2,2.2,7.8,7.8,0.302
2.2,2.2,7.9,7.9,0.342
2.2,2.2,8.0,8.0,0.292
2.2,2.2,8.1,8.1,0.318
2.2,2.2,8.2,8.2,0.316
2.2,2.2,8.3,8.3,0.276
2.2,2.2,8.4,8.4,0.266
2.2,2.2,8.5,8.5,0.266
2.2,2.2,8.6,8.6,0.28
2.2,2.2,8.7,8.7,0.24
2.2,2.2,8.8,8.8,0.226
2.2,2.2,8.9,8.9,0.21
2.2,2.2,9.0,9.0,0.256
2.2,2.2,9.1,9.1,0.174
2.2,2.2,9.2,9.2,0.222
2.2,2.2,9.3,9.3,0.242
2.2,2.2,9.4,9.4,0.242
2.2,2.2,9.5,9.5,0.23
2.2,2.2,9.6,9.6,0.212
2.2,2.2,9.7,9.7,0.21
2.2,2.2,9.8,9.8,0.194
2.2,2.2,9.9,9.9,0.18
2.2,2.2,10.0,10.0,0.206
2.2,2.2,10.1,10.1,0.212
2.2,2.2,10.2,10.2,0.184
2.2,2.2,10.3,10.3,0.182
2.2,2.2,10.4,10.4,0.15
2.2,2.2,10.5,10.5,0.136
2.2,2.2,10.6,10.6,0.188
2.2,2.2,10.7,10.7,0.168
2.2,2.2,10.8,10.8,0.172
2.2,2.2,10.9,10.9,0.184
2.2,2.2,11.0,11.0,0.162
2.2,2.2,11.1,11.1,0.15
2.2,2.2,11.2,11.2,0.166
2.2,2.2,11.3,11.3,0.156
2.2,2.2,11.4,11.4,0.148
2.2,2.2,11.5,11.5,0.16
2.2,2.2,11.6,11.6,0.16
2.2,2.2,11.7,11.7,0.138
2.2,2.2,11.8,11.8,0.148
2.2,2.2,11.9,11.9,0.148
2.2,2.2,12.0,12.0,0.128
2.2,2.2,12.1,12.1,0.142
2.2,2.2,12.2,12.2,0.114
2.2,2.2,12.3,12.3,0.128
2.2,2.2,12.4,12.4,0.158
2.2,2.2,12.5,12.5,0.126
2.2,2.2,12.6,12.6,0.156
2.2,2.2,12.7,12.7,0.134
2.2,2.2,12.8,12.8,0.116
2.2,2.2,12.9,12.9,0.14
2.2,2.2,13.0,13.0,0.146
2.2,2.2,13.1,13.1,0.13
2.2,2.2,13.2,13.2,0.174
2.2,2.2,13.3,13.3,0.11
2.2,2.2,13.4,13.4,0.114
2.2,2.2,13.5,13.5,0.128
2.2,2.2,13.6,13.6,0.122
2.2,2.2,13.7,13.7,0.13
2.2,2.2,13.8,13.8,0.138
2.2,2.2,13.9,13.9,0.102
2.2,2.2,14.0,14.0,0.132
2.2,2.2,14.1,14.1,0.13
2.2,2.2,14.2,14.2,0.136
2.2,2.2,14.3,14.3,0.116
2.2,2.2,14.4,14.4,0.146
2.2,2.2,14.5,14.5,0.098
2.2,2.2,14.6,14.6,0.104
2.2,2.2,14.7,14.7,0.112
2.2,2.2,14.8,14.8,0.108
2.2,2.2,14.9,14.9,0.126
2.2,2.2,15.0,15.0,0.116
2.2,2.2,15.1,15.1,0.142
2.3,2.3,0.1,0.1,0.062
2.3,2.3,0.2,0.2,0.12
2.3,2.3,0.3,0.3,0.154
2.3,2.3,0.4,0.4,0.26
2.3,2.3,0.5,0.5,0.246
2.3,2.3,0.6,0.6,0.316
2.3,2.3,0.7,0.7,0.326
2.3,2.3,0.8,0.8,0.396
2.3,2.3,0.9,0.9,0.406
2.3,2.3,1.0,1.0,0.42
2.3,2.3,1.1,1.1,0.44
2.3,2.3,1.2,1.2,0.474
2.3,2.3,1.3,1.3,0.494
2.3,2.3,1.4,1.4,0.55
2.3,2.3,1.5,1.5,0.586
2.3,2.3,1.6,1.6,0.64
2.3,2.3,1.7,1.7,0.636
2.3,2.3,1.8,1.8,0.6
2.3,2.3,1.9,1.9,0.624
2.3,2.3,2.0,2.0,0.634
2.3,2.3,2.1,2.1,0.66
2.3,2.3,2.2,2.2,0.678
2.3,2.3,2.3,2.3,0.658
2.3,2.3,2.4,2.4,0.7
2.3,2.3,2.5,2.5,0.704
2.3,2.3,2.6,2.6,0.726
2.3,2.3,2.7,2.7,0.732
2.3,2.3,2.8,2.8,0.734
2.3,2.3,2.9,2.9,0.746
2.3,2.3,3.0,3.0,0.756
2.3,2.3,3.1,3.1,0.778
2.3,2.3,3.2,3.2,0.756
2.3,2.3,3.3,3.3,0.754
2.3,2.3,3.4,3.4,0.756
2.3,2.3,3.5,3.5,0.792
2.3,2.3,3.6,3.6,0.754
2.3,2.3,3.7,3.7,0.76
2.3,2.3,3.8,3.8,0.794
2.3,2.3,3.9,3.9,0.792
2.3,2.3,4.0,4.0,0.73
2.3,2.3,4.1,4.1,0.752
2.3,2.3,4.2,4.2,0.766
2.3,2.3,4.3,4.3,0.786
2.3,2.3,4.4,4.4,0.78
2.3,2.3,4.5,4.5,0.776
2.3,2.3,4.6,4.6,0.742
2.3,2.3,4.7,4.7,0.772
2.3,2.3,4.8,4.8,0.772
2.3,2.3,4.9,4.9,0.748
2.3,2.3,5.0,5.0,0.78
2.3,2.3,5.1,5.1,0.722
2.3,2.3,5.2,5.2,0.728
2.3,2.3,5.3,5.3,0.734
2.3,2.3,5.4,5.4,0.744
2.3,2.3,5.5,5.5,0.686
2.3,2.3,5.6,5.6,0.684
2.3,2.3,5.7,5.7,0.716
2.3,2.3,5.8,5.8,0.674
2.3,2.3,5.9,5.9,0.648
2.3,2.3,6.0,6.0,0.666
2.3,2.3,6.1,6.1,0.682
2.3,2.3,6.2,6.2,0.67
2.3,2.3,6.3,6.3,0.628
2.3,2.3,6.4,6.4,0.636
2.3,2.3,6.5,6.5,0.628
2.3,2.3,6.6,6.6,0.572
2.3,2.3,6.7,6.7,0.548
2.3,2.3,6.8,6.8,0.546
2.3,2.3,6.9,6.9,0.542
2.3,2.3,7.0,7.0,0.504
2.3,2.3,7.1,7.1,0.516
2.3,2.3,7.2,7.2,0.426
2.3,2.3,7.3,7.3,0.438
2.3,2.3,7.4,7.4,0.458
2.3,2.3,7.5,7.5,0.448
2.3,2.3,7.6,7.6,0.412
2.3,2.3,7.7,7.7,0.364
2.3,2.3,7.8,7.8,0.362
2.3,2.3,7.9,7.9,0.384
2.3,2.3,8.0,8.0,0.326
2.3,2.3,8.1,8.1,0.348
2.3,2.3,8.2,8.2,0.3
2.3,2.3,8.3,8.3,0.322
2.3,2.3,8.4,8.4,0.298
2.3,2.3,8.5,8.5,0.266
2.3,2.3,8.6,8.6,0.31
2.3,2.3,8.7,8.7,0.266
2.3,2.3,8.8,8.8,0.29
2.3,2.3,8.9,8.9,0.254
2.3,2.3,9.0,9.0,0.24
2.3,2.3,9.1,9.1,0.25
2.3,2.3,9.2,9.2,0.238
2.3,2.3,9.3,9.3,0.248
2.3,2.3,9.4,9.4,0.212
2.3,2.3,9.5,9.5,0.232
2.3,2.3,9.6,9.6,0.222
2.3,2.3,9.7,9.7,0.22
2.3,2.3,9.8,9.8,0.22
2.3,2.3,9.9,9.9,0.22
2.3,2.3,10.0,10.0,0.194
2.3,2.3,10.1,10.1,0.21
2.3,2.3,10.2,10.2,0.208
2.3,2.3,10.3,10.3,0.208
2.3,2.3,10.4,10.4,0.174
2.3,2.3,10.5,10.5,0.222
2.3,2.3,10.6,10.6,0.196
2.3,2.3,10.7,10.7,0.17
2.3,2.3,10.8,10.8,0.178
2.3,2.3,10.9,10.9,0.17
2.3,2.3,11.0,11.0,0.18
2.3,2.3,11.1,11.1,0.176
2.3,2.3,11.2,11.2,0.164
2.3,2.3,11.3,11.3,0.18
2.3,2.3,11.4,11.4,0.154
2.3,2.3,11.5,11.5,0.156
2.3,2.3,11.6,11.6,0.156
2.3,2.3,11.7,11.7,0.158
2.3,2.3,11.8,11.8,0.172
2.3,2.3,11.9,11.9,0.168
2.3,2.3,12.0,12.0,0.176
2.3,2.3,12.1,12.1,0.158
2.3,2.3,12.2,12.2,0.158
2.3,2.3,12.3,12.3,0.144
2.3,2.3,12.4,12.4,0.138
2.3,2.3,12.5,12.5,0.14
2.3,2.3,12.6,12.6,0.15
2.3,2.3,12.7,12.7,0.136
2.3,2.3,12.8,12.8,0.112
2.3,2.3,12.9,12.9,0.146
2.3,2.3,13.0,13.0,0.144
2.3,2.3,13.1,13.1,0.146
2.3,2.3,13.2,13.2,0.156
2.3,2.3,13.3,13.3,0.142
2.3,2.3,13.4,13.4,0.12
2.3,2.3,13.5,13.5,0.126
2.3,2.3,13.6,13.6,0.138
2.3,2.3,13.7,13.7,0.124
2.3,2.3,13.8,13.8,0.156
2.3,2.3,13.9,13.9,0.15
2.3,2.3,14.0,14.0,0.14
2.3,2.3,14.1,14.1,0.116
2.3,2.3,14.2,14.2,0.108
2.3,2.3,14.3,14.3,0.142
2.3,2.3,14.4,14.4,0.116
2.3,2.3,14.5,14.5,0.126
2.3,2.3,14.6,14.6,0.14
2.3,2.3,14.7,14.7,0.11
2.3,2.3,14.8,14.8,0.13
2.3,2.3,14.9,14.9,0.116
2.3,2.3,15.0,15.0,0.13
2.3,2.3,15.1,15.1,0.11
2.4,2.4,0.1,0.1,0.076
2.4,2.4,0.2,0.2,0.096
2.4,2.4,0.3,0.3,0.204
2.4,2.4,0.4,0.4,0.23
2.4,2.4,0.5,0.5,0.266
2.4,2.4,0.6,0.6,0.26
2.4,2.4,0.7,0.7,0.354
2.4,2.4,0.8,0.8,0.388
2.4,2.4,0.9,0.9,0.378
2.4,2.4,1.0,1.0,0.416
2.4,2.4,1.1,1.1,0.476
2.4,2.4,1.2,1.2,0.466
2.4,2.4,1.3,1.3,0.528
2.4,2.4,1.4,1.4,0.558
2.4,2.4,1.5,1.5,0.546
2.4,2.4,1.6,1.6,0.568
2.4,2.4,1.7,1.7,0.552
2.4,2.4,1.8,1.8,0.614
2.4,2.4,1.9,1.9,0.662
2.4,2.4,2.0,2.0,0.662
2.4,2.4,2.1,2.1,0.666
2.4,2.4,2.2,2.2,0.654
2.4,2.4,2.3,2.3,0.688
2.4,2.4,2.4,2.4,0.678
2.4,2.4,2.5,2.5,0.682
2.4,2.4,2.6,2.6,0.716
2.4,2.4,2.7,2.7,0.722
2.4,2.4,2.8,2.8,0.766
2.4,2.4,2.9,2.9,0.73
2.4,2.4,3.0,3.0,0.736
2.4,2.4,3.1,3.1,0.716
2.4,2.4,3.2,3.2,0.758
2.4,2.4,3.3,3.3,0.792
2.4,2.4,3.4,3.4,0.744
2.4,2.4,3.5,3.5,0.796
2.4,2.4,3.6,3.6,0.772
2.4,2.4,3.7,3.7,0.77
2.4,2.4,3.8,3.8,0.77
2.4,2.4,3.9,3.9,0.762
2.4,2.4,4.0,4.0,0.786
2.4,2.4,4.1,4.1,0.77
2.4,2.4,4.2,4.2,0.776
2.4,2.4,4.3,4.3,0.794
2.4,2.4,4.4,4.4,0.792
2.4,2.4,4.5,4.5,0.812
2.4,2.4,4.6,4.6,0.804
2.4,2.4,4.7,4.7,0.754
2.4,2.4,4.8,4.8,0.758
2.4,2.4,4.9,4.9,0.75
2.4,2.4,5.0,5.0,0.744
2.4,2.4,5.1,5.1,0.754
2.4,2.4,5.2,5.2,0.748
2.4,2.4,5.3,5.3,0.72
2.4,2.4,5.4,5.4,0.758
2.4,2.4,5.5,5.5,0.744
2.4,2.4,5.6,5.6,0.722
2.4,2.4,5.7,5.7,0.722
2.4,2.4,5.8,5.8,0.702
2.4,2.4,5.9,5.9,0.71
2.4,2.4,6.0,6.0,0.688
2.4,2.4,6.1,6.1,0.676
2.4,2.4,6.2,6.2,0.656
2.4,2.4,6.3,6.3,0.69
2.4,2.4,6.4,6.4,0.694
2.4,2.4,6.5,6.5,0.654
2.4,2.4,6.6,6.6,0.59
2.4,2.4,6.7,6.7,0.584
2.4,2.4,6.8,6.8,0.62
2.4,2.4,6.9,6.9,0.58
2.4,2.4,7.0,7.0,0.518
2.4,2.4,7.1,7.1,0.566
2.4,2.4,7.2,7.2,0.54
2.4,2.4,7.3,7.3,0.526
2.4,2.4,7.4,7.4,0.55
2.4,2.4,7.5,7.5,0.462
2.4,2.4,7.6,7.6,0.464
2.4,2.4,7.7,7.7,0.43
2.4,2.4,7.8,7.8,0.442
2.4,2.4,7.9,7.9,0.404
2.4,2.4,8.0,8.0,0.408
2.4,2.4,8.1,8.1,0.358
2.4,2.4,8.2,8.2,0.366
2.4,2.4,8.3,8.3,0.362
2.4,2.4,8.4,8.4,0.332
2.4,2.4,8.5,8.5,0.332
2.4,2.4,8.6,8.6,0.338
2.4,2.4,8.7,8.7,0.3
2.4,2.4,8.8,8.8,0.266
2.4,2.4,8.9,8.9,0.282
2.4,2.4,9.0,9.0,0.296
2.4,2.4,9.1,9.1,0.292
2.4,2.4,9.2,9.2,0.236
2.4,2.4,9.3,9.3,0.242
2.4,2.4,9.4,9.4,0.248
2.4,2.4,9.5,9.5,0.252
2.4,2.4,9.6,9.6,0.244
2.4,2.4,9.7,9.7,0.232
2.4,2.4,9.8,9.8,0.236
2.4,2.4,9.9,9.9,0.254
2.4,2.4,10.0,10.0,0.192
2.4,2.4,10.1,10.1,0.22
2.4,2.4,10.2,10.2,0.246
2.4,2.4,10.3,10.3,0.216
2.4,2.4,10.4,10.4,0.216
2.4,2.4,10.5,10.5,0.238
2.4,2.4,10.6,10.6,0.21
2.4,2.4,10.7,10.7,0.174
2.4,2.4,10.8,10.8,0.174
2.4,2.4,10.9,10.9,0.17
2.4,2.4,11.0,11.0,0.196
2.4,2.4,11.1,11.1,0.162
2.4,2.4,11.2,11.2,0.168
2.4,2.4,11.3,11.3,0.18
2.4,2.4,11.4,11.4,0.188
2.4,2.4,11.5,11.5,0.17
2.4,2.4,11.6,11.6,0.124
2.4,2.4,11.7,11.7,0.17
2.4,2.4,11.8,11.8,0.164
2.4,2.4,11.9,11.9,0.19
2.4,2.4,12.0,12.0,0.164
2.4,2.4,12.1,12.1,0.19
2.4,2.4,12.2,12.2,0.142
2.4,2.4,12.3,12.3,0.162
2.4,2.4,12.4,12.4,0.182
2.4,2.4,12.5,12.5,0.15
2.4,2.4,12.6,12.6,0.134
2.4,2.4,12.7,12.7,0.144
2.4,2.4,12.8,12.8,0.146
2.4,2.4,12.9,12.9,0.142
2.4,2.4,13.0,13.0,0.188
2.4,2.4,13.1,13.1,0.152
2.4,2.4,13.2,13.2,0.154
2.4,2.4,13.3,13.3,0.158
2.4,2.4,13.4,13.4,0.152
2.4,2.4,13.5,13.5,0.152
2.4,2.4,13.6,13.6,0.114
2.4,2.4,13.7,13.7,0.134
2.4,2.4,13.8,13.8,0.146
2.4,2.4,13.9,13.9,0.124
2.4,2.4,14.0,14.0,0.146
2.4,2.4,14.1,14.1,0.138
2.4,2.4,14.2,14.2,0.134
2.4,2.4,14.3,14.3,0.14
2.4,2.4,14.4,14.4,0.12
2.4,2.4,14.5,14.5,0.134
2.4,2.4,14.6,14.6,0.134
2.4,2.4,14.7,14.7,0.136
2.4,2.4,14.8,14.8,0.112
2.4,2.4,14.9,14.9,0.114
2.4,2.4,15.0,15.0,0.098
2.4,2.4,15.1,15.1,0.11
2.5,2.5,0.1,0.1,0.08
2.5,2.5,0.2,0.2,0.1
2.5,2.5,0.3,0.3,0.152
2.5,2.5,0.4,0.4,0.202
2.5,2.5,0.5,0.5,0.242
2.5,2.5,0.6,0.6,0.25
2.5,2.5,0.7,0.7,0.334
2.5,2.5,0.8,0.8,0.366
2.5,2.5,0.9,0.9,0.406
2.5,2.5,1.0,1.0,0.424
2.5,2.5,1.1,1.1,0.396
2.5,2.5,1.2,1.2,0.5
2.5,2.5,1.3,1.3,0.488
2.5,2.5,1.4,1.4,0.506
2.5,2.5,1.5,1.5,0.528
2.5,2.5,1.6,1.6,0.514
2.5,2.5,1.7,1.7,0.56
2.5,2.5,1.8,1.8,0.578
2.5,2.5,1.9,1.9,0.628
2.5,2.5,2.0,2.0,0.646
2.5,2.5,2.1,2.1,0.644
2.5,2.5,2.2,2.2,0.656
2.5,2.5,2.3,2.3,0.66
2.5,2.5,2.4,2.4,0.67
2.5,2.5,2.5,2.5,0.668
2.5,2.5,2.6,2.6,0.722
2.5,2.5,2.7,2.7,0.724
2.5,2.5,2.8,2.8,0.746
2.5,2.5,2.9,2.9,0.718
2.5,2.5,3.0,3.0,0.714
2.5,2.5,3.1,3.1,0.716
2.5,2.5,3.2,3.2,0.766
2.5,2.5,3.3,3.3,0.768
2.5,2.5,3.4,3.4,0.742
2.5,2.5,3.5,3.5,0.772
2.5,2.5,3.6,3.6,0.796
2.5,2.5,3.7,3.7,0.772
2.5,2.5,3.8,3.8,0.774
2.5,2.5,3.9,3.9,0.768
2.5,2.5,4.0,4.0,0.758
2.5,2.5,4.1,4.1,0.778
2.5,2.5,4.2,4.2,0.766
2.5,2.5,4.3,4.3,0.74
2.5,2.5,4.4,4.4,0.75
2.5,2.5,4.5,4.5,0.764
2.5,2.5,4.6,4.6,0.752
2.5,2.5,4.7,4.7,0.78
2.5,2.5,4.8,4.8,0.79
2.5,2.5,4.9,4.9,0.734
2.5,2.5,5.0,5.0,0.75
2.5,2.5,5.1,5.1,0.764
2.5,2.5,5.2,5.2,0.712
2.5,2.5,5.3,5.3,0.718
2.5,2.5,5.4,5.4,0.786
2.5,2.5,5.5,5.5,0.738
2.5,2.5,5.6,5.6,0.756
2.5,2.5,5.7,5.7,0.728
2.5,2.5,5.8,5.8,0.712
2.5,2.5,5.9,5.9,0.708
2.5,2.5,6.0,6.0,0.702
2.5,2.5,6.1,6.1,0.716
2.5,2.5,6.2,6.2,0.71
2.5,2.5,6.3,6.3,0.69
2.5,2.5,6.4,6.4,0.672
2.5,2.5,6.5,6.5,0.702
2.5,2.5,6.6,6.6,0.642
2.5,2.5,6.7,6.7,0.688
2.5,2.5,6.8,6.8,0.648
2.5,2.5,6.9,6.9,0.622
2.5,2.5,7.0,7.0,0.612
2.5,2.5,7.1,7.1,0.602
2.5,2.5,7.2,7.2,0.576
2.5,2.5,7.3,7.3,0.552
2.5,2.5,7.4,7.4,0.54
2.5,2.5,7.5,7.5,0.52
2.5,2.5,7.6,7.6,0.51
2.5,2.5,7.7,7.7,0.496
2.5,2.5,7.8,7.8,0.474
2.5,2.5,7.9,7.9,0.472
2.5,2.5,8.0,8.0,0.446
2.5,2.5,8.1,8.1,0.438
2.5,2.5,8.2,8.2,0.426
2.5,2.5,8.3,8.3,0.362
2.5,2.5,8.4,8.4,0.356
2.5,2.5,8.5,8.5,0.368
2.5,2.5,8.6,8.6,0.34
2.5,2.5,8.7,8.7,0.332
2.5,2.5,8.8,8.8,0.318
2.5,2.5,8.9,8.9,0.324
2.5,2.5,9.0,9.0,0.308
2.5,2.5,9.1,9.1,0.33
2.5,2.5,9.2,9.2,0.298
2.5,2.5,9.3,9.3,0.266
2.5,2.5,9.4,9.4,0.25
2.5,2.5,9.5,9.5,0.268
2.5,2.5,9.6,9.6,0.234
2.5,2.5,9.7,9.7,0.236
2.5,2.5,9.8,9.8,0.25
2.5,2.5,9.9,9.9,0.23
2.5,2.5,10.0,10.0,0.248
2.5,2.5,10.1,10.1,0.206
2.5,2.5,10.2,10.2,0.212
2.5,2.5,10.3,10.3,0.24
2.5,2.5,10.4,10.4,0.224
2.5,2.5,10.5,10.5,0.192
2.5,2.5,10.6,10.6,0.19
2.5,2.5,10.7,10.7,0.186
2.5,2.5,10.8,10.8,0.2
2.5,2.5,10.9,10.9,0.24
2.5,2.5,11.0,11.0,0.204
2.5,2.5,11.1,11.1,0.192
2.5,2.5,11.2,11.2,0.17
2.5,2.5,11.3,11.3,0.208
2.5,2.5,11.4,11.4,0.176
2.5,2.5,11.5,11.5,0.184
2.5,2.5,11.6,11.6,0.218
2.5,2.5,11.7,11.7,0.182
2.5,2.5,11.8,11.8,0.206
2.5,2.5,11.9,11.9,0.206
2.5,2.5,12.0,12.0,0.188
2.5,2.5,12.1,12.1,0.186
2.5,2.5,12.2,12.2,0.182
2.5,2.5,12.3,12.3,0.164
2.5,2.5,12.4,12.4,0.17
2.5,2.5,12.5,12.5,0.158
2.5,2.5,12.6,12.6,0.144
2.5,2.5,12.7,12.7,0.142
2.5,2.5,12.8,12.8,0.132
2.5,2.5,12.9,12.9,0.146
2.5,2.5,13.0,13.0,0.138
2.5,2.5,13.1,13.1,0.158
2.5,2.5,13.2,13.2,0.166
2.5,2.5,13.3,13.3,0.144
2.5,2.5,13.4,13.4,0.13
2.5,2.5,13.5,13.5,0.16
2.5,2.5,13.6,13.6,0.126
2.5,2.5,13.7,13.7,0.146
2.5,2.5,13.8,13.8,0.158
2.5,2.5,13.9,13.9,0.146
2.5,2.5,14.0,14.0,0.124
2.5,2.5,14.1,14.1,0.13
2.5,2.5,14.2,14.2,0.18
2.5,2.5,14.3,14.3,0.158
2.5,2.5,14.4,14.4,0.15
2.5,2.5,14.5,14.5,0.116
2.5,2.5,14.6,14.6,0.14
2.5,2.5,14.7,14.7,0.158
2.5,2.5,14.8,14.8,0.122
2.5,2.5,14.9,14.9,0.162
2.5,2.5,15.0,15.0,0.116
2.5,2.5,15.1,15.1,0.154
2.6,2.6,0.1,0.1,0.066
2.6,2.6,0.2,0.2,0.102
2.6,2.6,0.3,0.3,0.148
2.6,2.6,0.4,0.4,0.216
2.6,2.6,0.5,0.5,0.25
2.6,2.6,0.6,0.6,0.224
2.6,2.6,0.7,0.7,0.308
2.6,2.6,0.8,0.8,0.326
2.6,2.6,0.9,0.9,0.384
2.6,2.6,1.0,1.0,0.42
2.6,2.6,1.1,1.1,0.436
2.6,2.6,1.2,1.2,0.43
2.6,2.6,1.3,1.3,0.466
2.6,2.6,1.4,1.4,0.526
2.6,2.6,1.5,1.5,0.516
2.6,2.6,1.6,1.6,0.556
2.6,2.6,1.7,1.7,0.572
2.6,2.6,1.8,1.8,0.58
2.6,2.6,1.9,1.9,0.628
2.6,2.6,2.0,2.0,0.6
2.6,2.6,2.1,2.1,0.646
2.6,2.6,2.2,2.2,0.638
2.6,2.6,2.3,2.3,0.664
2.6,2.6,2.4,2.4,0.616
2.6,2.6,2.5,2.5,0.684
2.6,2.6,2.6,2.6,0.702
2.6,2.6,2.7,2.7,0.712
2.6,2.6,2.8,2.8,0.704
2.6,2.6,2.9,2.9,0.692
2.6,2.6,3.0,3.0,0.712
2.6,2.6,3.1,3.1,0.716
2.6,2.6,3.2,3.2,0.712
2.6,2.6,3.3,3.3,0.752
2.6,2.6,3.4,3.4,0.718
2.6,2.6,3.5,3.5,0.754
2.6,2.6,3.6,3.6,0.782
2.6,2.6,3.7,3.7,0.748
2.6,2.6,3.8,3.8,0.76
2.6,2.6,3.9,3.9,0.766
2.6,2.6,4.0,4.0,0.764
2.6,2.6,4.1,4.1,0.746
2.6,2.6,4.2,4.2,0.762
2.6,2.6,4.3,4.3,0.744
2.6,2.6,4.4,4.4,0.756
2.6,2.6,4.5,4.5,0.778
2.6,2.6,4.6,4.6,0.8
2.6,2.6,4.7,4.7,0.782
2.6,2.6,4.8,4.8,0.746
2.6,2.6,4.9,4.9,0.736
2.6,2.6,5.0,5.0,0.794
2.6,2.6,5.1,5.1,0.786
2.6,2.6,5.2,5.2,0.75
2.6,2.6,5.3,5.3,0.742
2.6,2.6,5.4,5.4,0.772
2.6,2.6,5.5,5.5,0.774
2.6,2.6,5.6,5.6,0.776
2.6,2.6,5.7,5.7,0.722
2.6,2.6,5.8,5.8,0.75
2.6,2.6,5.9,5.9,0.742
2.6,2.6,6.0,6.0,0.746
2.6,2.6,6.1,6.1,0.76
2.6,2.6,6.2,6.2,0.74
2.6,2.6,6.3,6.3,0.714
2.6,2.6,6.4,6.4,0.712
2.6,2.6,6.5,6.5,0.712
2.6,2.6,6.6,6.6,0.694
2.6,2.6,6.7,6.7,0.658
2.6,2.6,6.8,6.8,0.664
2.6,2.6,6.9,6.9,0.642
2.6,2.6,7.0,7.0,0.628
2.6,2.6,7.1,7.1,0.676
2.6,2.6,7.2,7.2,0.62
2.6,2.6,7.3,7.3,0.622
2.6,2.6,7.4,7.4,0.574
2.6,2.6,7.5,7.5,0.582
2.6,2.6,7.6,7.6,0.55
2.6,2.6,7.7,7.7,0.544
2.6,2.6,7.8,7.8,0.542
2.6,2.6,7.9,7.9,0.526
2.6,2.6,8.0,8.0,0.454
2.6,2.6,8.1,8.1,0.522
2.6,2.6,8.2,8.2,0.466
2.6,2.6,8.3,8.3,0.452
2.6,2.6,8.4,8.4,0.432
2.6,2.6,8.5,8.5,0.424
2.6,2.6,8.6,8.6,0.432
2.6,2.6,8.7,8.7,0.384
2.6,2.6,8.8,8.8,0.366
2.6,2.6,8.9,8.9,0.374
2.6,2.6,9.0,9.0,0.362
2.6,2.6,9.1,9.1,0.298
2.6,2.6,9.2,9.2,0.334
2.6,2.6,9.3,9.3,0.34
2.6,2.6,9.4,9.4,0.324
2.6,2.6,9.5,9.5,0.27
2.6,2.6,9.6,9.6,0.248
2.6,2.6,9.7,9.7,0.282
2.6,2.6,9.8,9.8,0.258
2.6,2.6,9.9,9.9,0.25
2.6,2.6,10.0,10.0,0.258
2.6,2.6,10.1,10.1,0.242
2.6,2.6,10.2,10.2,0.25
2.6,2.6,10.3,10.3,0.228
2.6,2.6,10.4,10.4,0.22
2.6,2.6,10.5,10.5,0.212
2.6,2.6,10.6,10.6,0.22
2.6,2.6,10.7,10.7,0.224
2.6,2.6,10.8,10.8,0.192
2.6,2.6,10.9,10.9,0.22
2.6,2.6,11.0,11.0,0.216
2.6,2.6,11.1,11.1,0.2
2.6,2.6,11.2,11.2,0.21
2.6,2.6,11.3,11.3,0.204
2.6,2.6,11.4,11.4,0.202
2.6,2.6,11.5,11.5,0.188
2.6,2.6,11.6,11.6,0.214
2.6,2.6,11.7,11.7,0.184
2.6,2.6,11.8,11.8,0.214
2.6,2.6,11.9,11.9,0.178
2.6,2.6,12.0,12.0,0.204
2.6,2.6,12.1,12.1,0.212
2.6,2.6,12.2,12.2,0.184
2.6,2.6,12.3,12.3,0.158
2.6,2.6,12.4,12.4,0.188
2.6,2.6,12.5,12.5,0.196
2.6,2.6,12.6,12.6,0.172
2.6,2.6,12.7,12.7,0.168
2.6,2.6,12.8,12.8,0.17
2.6,2.6,12.9,12.9,0.17
2.6,2.6,13.0,13.0,0.154
2.6,2.6,13.1,13.1,0.156
2.6,2.6,13.2,13.2,0.152
2.6,2.6,13.3,13.3,0.156
2.6,2.6,13.4,13.4,0.15
2.6,2.6,13.5,13.5,0.178
2.6,2.6,13.6,13.6,0.162
2.6,2.6,13.7,13.7,0.14
2.6,2.6,13.8,13.8,0.136
2.6,2.6,13.9,13.9,0.15
2.6,2.6,14.0,14.0,0.166
2.6,2.6,14.1,14.1,0.138
2.6,2.6,14.2,14.2,0.136
2.6,2.6,14.3,14.3,0.136
2.6,2.6,14.4,14.4,0.142
2.6,2.6,14.5,14.5,0.168
2.6,2.6,14.6,14.6,0.138
2.6,2.6,14.7,14.7,0.132
2.6,2.6,14.8,14.8,0.158
2.6,2.6,14.9,14.9,0.132
2.6,2.6,15.0,15.0,0.134
2.6,2.6,15.1,15.1,0.148
2.7,2.7,0.1,0.1,0.084
2.7,2.7,0.2,0.2,0.096
2.7,2.7,0.3,0.3,0.15
2.7,2.7,0.4,0.4,0.184
2.7,2.7,0.5,0.5,0.214
2.7,2.7,0.6,0.6,0.232
2.7,2.7,0.7,0.7,0.29
2.7,2.7,0.8,0.8,0.316
2.7,2.7,0.9,0.9,0.326
2.7,2.7,1.0,1.0,0.372
2.7,2.7,1.1,1.1,0.43
2.7,2.7,1.2,1.2,0.448
2.7,2.7,1.3,1.3,0.468
2.7,2.7,1.4,1.4,0.504
2.7,2.7,1.5,1.5,0.506
2.7,2.7,1.6,1.6,0.544
2.7,2.7,1.7,1.7,0.554
2.7,2.7,1.8,1.8,0.568
2.7,2.7,1.9,1.9,0.578
2.7,2.7,2.0,2.0,0.598
2.7,2.7,2.1,2.1,0.636
2.7,2.7,2.2,2.2,0.658
2.7,2.7,2.3,2.3,0.632
2.7,2.7,2.4,2.4,0.67
2.7,2.7,2.5,2.5,0.664
2.7,2.7,2.6,2.6,0.662
2.7,2.7,2.7,2.7,0.738
2.7,2.7,2.8,2.8,0.662
2.7,2.7,2.9,2.9,0.692
2.7,2.7,3.0,3.0,0.706
2.7,2.7,3.1,3.1,0.732
2.7,2.7,3.2,3.2,0.684
2.7,2.7,3.3,3.3,0.746
2.7,2.7,3.4,3.4,0.744
2.7,2.7,3.5,3.5,0.764
2.7,2.7,3.6,3.6,0.752
2.7,2.7,3.7,3.7,0.732
2.7,2.7,3.8,3.8,0.766
2.7,2.7,3.9,3.9,0.742
2.7,2.7,4.0,4.0,0.774
2.7,2.7,4.1,4.1,0.77
2.7,2.7,4.2,4.2,0.742
2.7,2.7,4.3,4.3,0.798
2.7,2.7,4.4,4.4,0.754
2.7,2.7,4.5,4.5,0.792
2.7,2.7,4.6,4.6,0.754
2.7,2.7,4.7,4.7,0.744
2.7,2.7,4.8,4.8,0.772
2.7,2.7,4.9,4.9,0.806
2.7,2.7,5.0,5.0,0.784
2.7,2.7,5.1,5.1,0.786
2.7,2.7,5.2,5.2,0.792
2.7,2.7,5.3,5.3,0.778
2.7,2.7,5.4,5.4,0.774
2.7,2.7,5.5,5.5,0.75
2.7,2.7,5.6,5.6,0.764
2.7,2.7,5.7,5.7,0.778
2.7,2.7,5.8,5.8,0.786
2.7,2.7,5.9,5.9,0.704
2.7,2.7,6.0,6.0,0.726
2.7,2.7,6.1,6.1,0.76
2.7,2.7,6.2,6.2,0.752
2.7,2.7,6.3,6.3,0.734
2.7,2.7,6.4,6.4,0.712
2.7,2.7,6.5,6.5,0.768
2.7,2.7,6.6,6.6,0.724
2.7,2.7,6.7,6.7,0.716
2.7,2.7,6.8,6.8,0.678
2.7,2.7,6.9,6.9,0.738
2.7,2.7,7.0,7.0,0.714
2.7,2.7,7.1,7.1,0.674
2.7,2.7,7.2,7.2,0.67
2.7,2.7,7.3,7.3,0.644
2.7,2.7,7.4,7.4,0.618
2.7,2.7,7.5,7.5,0.612
2.7,2.7,7.6,7.6,0.61
2.7,2.7,7.7,7.7,0.552
2.7,2.7,7.8,7.8,0.534
2.7,2.7,7.9,7.9,0.578
2.7,2.7,8.0,8.0,0.558
2.7,2.7,8.1,8.1,0.526
2.7,2.7,8.2,8.2,0.522
2.7,2.7,8.3,8.3,0.512
2.7,2.7,8.4,8.4,0.458
2.7,2.7,8.5,8.5,0.474
2.7,2.7,8.6,8.6,0.426
2.7,2.7,8.7,8.7,0.436
2.7,2.7,8.8,8.8,0.396
2.7,2.7,8.9,8.9,0.384
2.7,2.7,9.0,9.0,0.388
2.7,2.7,9.1,9.1,0.408
2.7,2.7,9.2,9.2,0.378
2.7,2.7,9.3,9.3,0.39
2.7,2.7,9.4,9.4,0.364
2.7,2.7,9.5,9.5,0.332
2.7,2.7,9.6,9.6,0.312
2.7,2.7,9.7,9.7,0.316
2.7,2.7,9.8,9.8,0.326
2.7,2.7,9.9,9.9,0.366
2.7,2.7,10.0,10.0,0.328
2.7,2.7,10.1,10.1,0.32
2.7,2.7,10.2,10.2,0.302
2.7,2.7,10.3,10.3,0.278
2.7,2.7,10.4,10.4,0.284
2.7,2.7,10.5,10.5,0.28
2.7,2.7,10.6,10.6,0.252
2.7,2.7,10.7,10.7,0.264
2.7,2.7,10.8,10.8,0.266
2.7,2.7,10.9,10.9,0.248
2.7,2.7,11.0,11.0,0.252
2.7,2.7,11.1,11.1,0.246
2.7,2.7,11.2,11.2,0.248
2.7,2.7,11.3,11.3,0.186
2.7,2.7,11.4,11.4,0.214
2.7,2.7,11.5,11.5,0.21
2.7,2.7,11.6,11.6,0.168
2.7,2.7,11.7,11.7,0.22
2.7,2.7,11.8,11.8,0.188
2.7,2.7,11.9,11.9,0.2
2.7,2.7,12.0,12.0,0.188
2.7,2.7,12.1,12.1,0.192
2.7,2.7,12.2,12.2,0.162
2.7,2.7,12.3,12.3,0.202
2.7,2.7,12.4,12.4,0.164
2.7,2.7,12.5,12.5,0.166
2.7,2.7,12.6,12.6,0.178
2.7,2.7,12.7,12.7,0.176
2.7,2.7,12.8,12.8,0.146
2.7,2.7,12.9,12.9,0.166
2.7,2.7,13.0,13.0,0.18
2.7,2.7,13.1,13.1,0.174
2.7,2.7,13.2,13.2,0.16
2.7,2.7,13.3,13.3,0.182
2.7,2.7,13.4,13.4,0.14
2.7,2.7,13.5,13.5,0.134
2.7,2.7,13.6,13.6,0.13
2.7,2.7,13.7,13.7,0.162
2.7,2.7,13.8,13.8,0.17
2.7,2.7,13.9,13.9,0.18
2.7,2.7,14.0,14.0,0.16
2.7,2.7,14.1,14.1,0.154
2.7,2.7,14.2,14.2,0.146
2.7,2.7,14.3,14.3,0.168
2.7,2.7,14.4,14.4,0.146
2.7,2.7,14.5,14.5,0.16
2.7,2.7,14.6,14.6,0.154
2.7,2.7,14.7,14.7,0.172
2.7,2.7,14.8,14.8,0.164
2.7,2.7,14.9,14.9,0.124
2.7,2.7,15.0,15.0,0.134
2.7,2.7,15.1,15.1,0.156
2.8,2.8,0.1,0.1,0.046
2.8,2.8,0.2,0.2,0.112
2.8,2.8,0.3,0.3,0.142
2.8,2.8,0.4,0.4,0.196
2.8,2.8,0.5,0.5,0.242
2.8,2.8,0.6,0.6,0.29
2.8,2.8,0.7,0.7,0.29
2.8,2.8,0.8,0.8,0.352
2.8,2.8,0.9,0.9,0.362
2.8,2.8,1.0,1.0,0.398
2.8,2.8,1.1,1.1,0.446
2.8,2.8,1.2,1.2,0.436
2.8,2.8,1.3,1.3,0.442
2.8,2.8,1.4,1.4,0.474
2.8,2.8,1.5,1.5,0.502
2.8,2.8,1.6,1.6,0.506
2.8,2.8,1.7,1.7,0.532
2.8,2.8,1.8,1.8,0.544
2.8,2.8,1.9,1.9,0.598
2.8,2.8,2.0,2.0,0.618
2.8,2.8,2.1,2.1,0.574
2.8,2.8,2.2,2.2,0.606
2.8,2.8,2.3,2.3,0.636
2.8,2.8,2.4,2.4,0.63
2.8,2.8,2.5,2.5,0.678
2.8,2.8,2.6,2.6,0.668
2.8,2.8,2.7,2.7,0.688
2.8,2.8,2.8,2.8,0.724
2.8,2.8,2.9,2.9,0.698
2.8,2.8,3.0,3.0,0.684
2.8,2.8,3.1,3.1,0.714
2.8,2.8,3.2,3.2,0.692
2.8,2.8,3.3,3.3,0.744
2.8,2.8,3.4,3.4,0.776
2.8,2.8,3.5,3.5,0.758
2.8,2.8,3.6,3.6,0.734
2.8,2.8,3.7,3.7,0.736
2.8,2.8,3.8,3.8,0.754
2.8,2.8,3.9,3.9,0.738
2.8,2.8,4.0,4.0,0.772
2.8,2.8,4.1,4.1,0.766
2.8,2.8,4.2,4.2,0.746
2.8,2.8,4.3,4.3,0.776
2.8,2.8,4.4,4.4,0.744
2.8,2.8,4.5,4.5,0.744
2.8,2.8,4.6,4.6,0.802
2.8,2.8,4.7,4.7,0.78
2.8,2.8,4.8,4.8,0.758
2.8,2.8,4.9,4.9,0.774
2.8,2.8,5.0,5.0,0.764
2.8,2.8,5.1,5.1,0.762
2.8,2.8,5.2,5.2,0.78
2.8,2.8,5.3,5.3,0.746
2.8,2.8,5.4,5.4,0.78
2.8,2.8,5.5,5.5,0.77
2.8,2.8,5.6,5.6,0.74
2.8,2.8,5.7,5.7,0.756
2.8,2.8,5.8,5.8,0.734
2.8,2.8,5.9,5.9,0.79
2.8,2.8,6.0,6.0,0.768
2.8,2.8,6.1,6.1,0.73
2.8,2.8,6.2,6.2,0.742
2.8,2.8,6.3,6.3,0.772
2.8,2.8,6.4,6.4,0.734
2.8,2.8,6.5,6.5,0.706
2.8,2.8,6.6,6.6,0.746
2.8,2.8,6.7,6.7,0.724
2.8,2.8,6.8,6.8,0.716
2.8,2.8,6.9,6.9,0.674
2.8,2.8,7.0,7.0,0.75
2.8,2.8,7.1,7.1,0.69
2.8,2.8,7.2,7.2,0.648
2.8,2.8,7.3,7.3,0.692
2.8,2.8,7.4,7.4,0.642
2.8,2.8,7.5,7.5,0.656
2.8,2.8,7.6,7.6,0.634
2.8,2.8,7.7,7.7,0.63
2.8,2.8,7.8,7.8,0.588
2.8,2.8,7.9,7.9,0.612
2.8,2.8,8.0,8.0,0.594
2.8,2.8,8.1,8.1,0.612
2.8,2.8,8.2,8.2,0.536
2.8,2.8,8.3,8.3,0.554
2.8,2.8,8.4,8.4,0.56
2.8,2.8,8.5,8.5,0.462
2.8,2.8,8.6,8.6,0.52
2.8,2.8,8.7,8.7,0.508
2.8,2.8,8.8,8.8,0.458
2.8,2.8,8.9,8.9,0.478
2.8,2.8,9.0,9.0,0.446
2.8,2.8,9.1,9.1,0.446
2.8,2.8,9.2,9.2,0.364
2.8,2.8,9.3,9.3,0.424
2.8,2.8,9.4,9.4,0.41
2.8,2.8,9.5,9.5,0.352
2.8,2.8,9.6,9.6,0.36
2.8,2.8,9.7,9.7,0.378
2.8,2.8,9.8,9.8,0.32
2.8,2.8,9.9,9.9,0.328
2.8,2.8,10.0,10.0,0.376
2.8,2.8,10.1,10.1,0.312
2.8,2.8,10.2,10.2,0.29
2.8,2.8,10.3,10.3,0.288
2.8,2.8,10.4,10.4,0.312
2.8,2.8,10.5,10.5,0.312
2.8,2.8,10.6,10.6,0.302
2.8,2.8,10.7,10.7,0.302
2.8,2.8,10.8,10.8,0.264
2.8,2.8,10.9,10.9,0.26
2.8,2.8,11.0,11.0,0.252
2.8,2.8,11.1,11.1,0.266
2.8,2.8,11.2,11.2,0.288
2.8,2.8,11.3,11.3,0.24
2.8,2.8,11.4,11.4,0.22
2.8,2.8,11.5,11.5,0.216
2.8,2.8,11.6,11.6,0.222
2.8,2.8,11.7,11.7,0.224
2.8,2.8,11.8,11.8,0.202
2.8,2.8,11.9,11.9,0.164
2.8,2.8,12.0,12.0,0.214
2.8,2.8,12.1,12.1,0.21
2.8,2.8,12.2,12.2,0.224
2.8,2.8,12.3,12.3,0.18
2.8,2.8,12.4,12.4,0.188
2.8,2.8,12.5,12.5,0.192
2.8,2.8,12.6,12.6,0.18
2.8,2.8,12.7,12.7,0.156
2.8,2.8,12.8,12.8,0.172
2.8,2.8,12.9,12.9,0.188
2.8,2.8,13.0,13.0,0.18
2.8,2.8,13.1,13.1,0.154
2.8,2.8,13.2,13.2,0.148
2.8,2.8,13.3,13.3,0.19
2.8,2.8,13.4,13.4,0.132
2.8,2.8,13.5,13.5,0.164
2.8,2.8,13.6,13.6,0.178
2.8,2.8,13.7,13.7,0.176
2.8,2.8,13.8,13.8,0.144
2.8,2.8,13.9,13.9,0.148
2.8,2.8,14.0,14.0,0.164
2.8,2.8,14.1,14.1,0.174
2.8,2.8,14.2,14.2,0.18
2.8,2.8,14.3,14.3,0.164
2.8,2.8,14.4,14.4,0.16
2.8,2.8,14.5,14.5,0.182
2.8,2.8,14.6,14.6,0.158
2.8,2.8,14.7,14.7,0.16
2.8,2.8,14.8,14.8,0.156
2.8,2.8,14.9,14.9,0.116
2.8,2.8,15.0,15.0,0.136
2.8,2.8,15.1,15.1,0.154
2.9,2.9,0.1,0.1,0.064
2.9,2.9,0.2,0.2,0.122
2.9,2.9,0.3,0.3,0.152
2.9,2.9,0.4,0.4,0.142
2.9,2.9,0.5,0.5,0.226
2.9,2.9,0.6,0.6,0.22
2.9,2.9,0.7,0.7,0.28
2.9,2.9,0.8,0.8,0.314
2.9,2.9,0.9,0.9,0.33
2.9,2.9,1.0,1.0,0.364
2.9,2.9,1.1,1.1,0.402
2.9,2.9,1.2,1.2,0.374
2.9,2.9,1.3,1.3,0.466
2.9,2.9,1.4,1.4,0.472
2.9,2.9,1.5,1.5,0.486
2.9,2.9,1.6,1.6,0.548
2.9,2.9,1.7,1.7,0.48
2.9,2.9,1.8,1.8,0.52
2.9,2.9,1.9,1.9,0.55
2.9,2.9,2.0,2.0,0.54
2.9,2.9,2.1,2.1,0.622
2.9,2.9,2.2,2.2,0.632
2.9,2.9,2.3,2.3,0.636
2.9,2.9,2.4,2.4,0.632
2.9,2.9,2.5,2.5,0.646
2.9,2.9,2.6,2.6,0.686
2.9,2.9,2.7,2.7,0.658
2.9,2.9,2.8,2.8,0.722
2.9,2.9,2.9,2.9,0.692
2.9,2.9,3.0,3.0,0.704
2.9,2.9,3.1,3.1,0.69
2.9,2.9,3.2,3.2,0.724
2.9,2.9,3.3,3.3,0.74
2.9,2.9,3.4,3.4,0.754
2.9,2.9,3.5,3.5,0.772
2.9,2.9,3.6,3.6,0.722
2.9,2.9,3.7,3.7,0.742
2.9,2.9,3.8,3.8,0.712
2.9,2.9,3.9,3.9,0.768
2.9,2.9,4.0,4.0,0.736
2.9,2.9,4.1,4.1,0.758
2.9,2.9,4.2,4.2,0.79
2.9,2.9,4.3,4.3,0.794
2.9,2.9,4.4,4.4,0.774
2.9,2.9,4.5,4.5,0.764
2.9,2.9,4.6,4.6,0.744
2.9,2.9,4.7,4.7,0.758
2.9,2.9,4.8,4.8,0.77
2.9,2.9,4.9,4.9,0.774
2.9,2.9,5.0,5.0,0.75
2.9,2.9,5.1,5.1,0.734
2.9,2.9,5.2,5.2,0.752
2.9,2.9,5.3,5.3,0.752
2.9,2.9,5.4,5.4,0.754
2.9,2.9,5.5,5.5,0.738
2.9,2.9,5.6,5.6,0.754
2.9,2.9,5.7,5.7,0.758
2.9,2.9,5.8,5.8,0.766
2.9,2.9,5.9,5.9,0.782
2.9,2.9,6.0,6.0,0.782
2.9,2.9,6.1,6.1,0.764
2.9,2.9,6.2,6.2,0.74
2.9,2.9,6.3,6.3,0.782
2.9,2.9,6.4,6.4,0.748
2.9,2.9,6.5,6.5,0.758
2.9,2.9,6.6,6.6,0.762
2.9,2.9,6.7,6.7,0.738
2.9,2.9,6.8,6.8,0.736
2.9,2.9,6.9,6.9,0.71
2.9,2.9,7.0,7.0,0.706
2.9,2.9,7.1,7.1,0.698
2.9,2.9,7.2,7.2,0.68
2.9,2.9,7.3,7.3,0.69
2.9,2.9,7.4,7.4,0.708
2.9,2.9,7.5,7.5,0.696
2.9,2.9,7.6,7.6,0.71
2.9,2.9,7.7,7.7,0.654
2.9,2.9,7.8,7.8,0.622
2.9,2.9,7.9,7.9,0.67
2.9,2.9,8.0,8.0,0.652
2.9,2.9,8.1,8.1,0.64
2.9,2.9,8.2,8.2,0.596
2.9,2.9,8.3,8.3,0.588
2.9,2.9,8.4,8.4,0.578
2.9,2.9,8.5,8.5,0.594
2.9,2.9,8.6,8.6,0.486
2.9,2.9,8.7,8.7,0.564
2.9,2.9,8.8,8.8,0.52
2.9,2.9,8.9,8.9,0.512
2.9,2.9,9.0,9.0,0.502
2.9,2.9,9.1,9.1,0.506
2.9,2.9,9.2,9.2,0.45
2.9,2.9,9.3,9.3,0.422
2.9,2.9,9.4,9.4,0.41
2.9,2.9,9.5,9.5,0.392
2.9,2.9,9.6,9.6,0.404
2.9,2.9,9.7,9.7,0.376
2.9,2.9,9.8,9.8,0.37
2.9,2.9,9.9,9.9,0.386
2.9,2.9,10.0,10.0,0.352
2.9,2.9,10.1,10.1,0.332
2.9,2.9,10.2,10.2,0.348
2.9,2.9,10.3,10.3,0.358
2.9,2.9,10.4,10.4,0.336
2.9,2.9,10.5,10.5,0.266
2.9,2.9,10.6,10.6,0.316
2.9,2.9,10.7,10.7,0.27
2.9,2.9,10.8,10.8,0.278
2.9,2.9,10.9,10.9,0.28
2.9,2.9,11.0,11.0,0.262
2.9,2.9,11.1,11.1,0.292
2.9,2.9,11.2,11.2,0.262
2.9,2.9,11.3,11.3,0.286
2.9,2.9,11.4,11.4,0.23
2.9,2.9,11.5,11.5,0.28
2.9,2.9,11.6,11.6,0.238
2.9,2.9,11.7,11.7,0.246
2.9,2.9,11.8,11.8,0.254
2.9,2.9,11.9,11.9,0.252
2.9,2.9,12.0,12.0,0.256
2.9,2.9,12.1,12.1,0.238
2.9,2.9,12.2,12.2,0.23
2.9,2.9,12.3,12.3,0.226
2.9,2.9,12.4,12.4,0.228
2.9,2.9,12.5,12.5,0.202
2.9,2.9,12.6,12.6,0.222
2.9,2.9,12.7,12.7,0.228
2.9,2.9,12.8,12.8,0.212
2.9,2.9,12.9,12.9,0.198
2.9,2.9,13.0,13.0,0.182
2.9,2.9,13.1,13.1,0.21
2.9,2.9,13.2,13.2,0.152
2.9,2.9,13.3,13.3,0.168
2.9,2.9,13.4,13.4,0.18
2.9,2.9,13.5,13.5,0.158
2.9,2.9,13.6,13.6,0.174
2.9,2.9,13.7,13.7,0.168
2.9,2.9,13.8,13.8,0.172
2.9,2.9,13.9,13.9,0.16
2.9,2.9,14.0,14.0,0.162
2.9,2.9,14.1,14.1,0.182
2.9,2.9,14.2,14.2,0.168
2.9,2.9,14.3,14.3,0.17
2.9,2.9,14.4,14.4,0.174
2.9,2.9,14.5,14.5,0.144
2.9,2.9,14.6,14.6,0.184
2.9,2.9,14.7,14.7,0.16
2.9,2.9,14.8,14.8,0.172
2.9,2.9,14.9,14.9,0.172
2.9,2.9,15.0,15.0,0.156
2.9,2.9,15.1,15.1,0.17
3.0,3.0,0.1,0.1,0.056
3.0,3.0,0.2,0.2,0.086
3.0,3.0,0.3,0.3,0.142
3.0,3.0,0.4,0.4,0.162
3.0,3.0,0.5,0.5,0.148
3.0,3.0,0.6,0.6,0.222
3.0,3.0,0.7,0.7,0.262
3.0,3.0,0.8,0.8,0.324
3.0,3.0,0.9,0.9,0.342
3.0,3.0,1.0,1.0,0.382
3.0,3.0,1.1,1.1,0.382
3.0,3.0,1.2,1.2,0.4
3.0,3.0,1.3,1.3,0.454
3.0,3.0,1.4,1.4,0.368
3.0,3.0,1.5,1.5,0.5
3.0,3.0,1.6,1.6,0.518
3.0,3.0,1.7,1.7,0.51
3.0,3.0,1.8,1.8,0.596
3.0,3.0,1.9,1.9,0.566
3.0,3.0,2.0,2.0,0.566
3.0,3.0,2.1,2.1,0.6
3.0,3.0,2.2,2.2,0.584
3.0,3.0,2.3,2.3,0.626
3.0,3.0,2.4,2.4,0.62
3.0,3.0,2.5,2.5,0.634
3.0,3.0,2.6,2.6,0.638
3.0,3.0,2.7,2.7,0.65
3.0,3.0,2.8,2.8,0.676
3.0,3.0,2.9,2.9,0.698
3.0,3.0,3.0,3.0,0.726
3.0,3.0,3.1,3.1,0.692
3.0,3.0,3.2,3.2,0.656
3.0,3.0,3.3,3.3,0.656
3.0,3.0,3.4,3.4,0.748
3.0,3.0,3.5,3.5,0.7
3.0,3.0,3.6,3.6,0.724
3.0,3.0,3.7,3.7,0.7
3.0,3.0,3.8,3.8,0.742
3.0,3.0,3.9,3.9,0.746
3.0,3.0,4.0,4.0,0.784
3.0,3.0,4.1,4.1,0.756
3.0,3.0,4.2,4.2,0.75
3.0,3.0,4.3,4.3,0.762
3.0,3.0,4.4,4.4,0.754
3.0,3.0,4.5,4.5,0.738
3.0,3.0,4.6,4.6,0.8
3.0,3.0,4.7,4.7,0.73
3.0,3.0,4.8,4.8,0.746
3.0,3.0,4.9,4.9,0.782
3.0,3.0,5.0,5.0,0.784
3.0,3.0,5.1,5.1,0.778
3.0,3.0,5.2,5.2,0.762
3.0,3.0,5.3,5.3,0.774
3.0,3.0,5.4,5.4,0.75
3.0,3.0,5.5,5.5,0.794
3.0,3.0,5.6,5.6,0.77
3.0,3.0,5.7,5.7,0.748
3.0,3.0,5.8,5.8,0.78
3.0,3.0,5.9,5.9,0.774
3.0,3.0,6.0,6.0,0.778
3.0,3.0,6.1,6.1,0.746
3.0,3.0,6.2,6.2,0.772
3.0,3.0,6.3,6.3,0.744
3.0,3.0,6.4,6.4,0.756
3.0,3.0,6.5,6.5,0.742
3.0,3.0,6.6,6.6,0.742
3.0,3.0,6.7,6.7,0.738
3.0,3.0,6.8,6.8,0.712
3.0,3.0,6.9,6.9,0.716
3.0,3.0,7.0,7.0,0.726
3.0,3.0,7.1,7.1,0.72
3.0,3.0,7.2,7.2,0.734
3.0,3.0,7.3,7.3,0.746
3.0,3.0,7.4,7.4,0.692
3.0,3.0,7.5,7.5,0.7
3.0,3.0,7.6,7.6,0.698
3.0,3.0,7.7,7.7,0.682
3.0,3.0,7.8,7.8,0.666
3.0,3.0,7.9,7.9,0.654
3.0,3.0,8.0,8.0,0.65
3.0,3.0,8.1,8.1,0.638
3.0,3.0,8.2,8.2,0.618
3.0,3.0,8.3,8.3,0.628
3.0,3.0,8.4,8.4,0.574
3.0,3.0,8.5,8.5,0.592
3.0,3.0,8.6,8.6,0.588
3.0,3.0,8.7,8.7,0.596
3.0,3.0,8.8,8.8,0.576
3.0,3.0,8.9,8.9,0.564
3.0,3.0,9.0,9.0,0.512
3.0,3.0,9.1,9.1,0.498
3.0,3.0,9.2,9.2,0.456
3.0,3.0,9.3,9.3,0.494
3.0,3.0,9.4,9.4,0.434
3.0,3.0,9.5,9.5,0.46
3.0,3.0,9.6,9.6,0.43
3.0,3.0,9.7,9.7,0.388
3.0,3.0,9.8,9.8,0.442
3.0,3.0,9.9,9.9,0.412
3.0,3.0,10.0,10.0,0.406
3.0,3.0,10.1,10.1,0.414
3.0,3.0,10.2,10.2,0.376
3.0,3.0,10.3,10.3,0.36
3.0,3.0,10.4,10.4,0.356
3.0,3.0,10.5,10.5,0.322
3.0,3.0,10.6,10.6,0.316
3.0,3.0,10.7,10.7,0.32
3.0,3.0,10.8,10.8,0.296
3.0,3.0,10.9,10.9,0.278
3.0,3.0,11.0,11.0,0.3
3.0,3.0,11.1,11.1,0.296
3.0,3.0,11.2,11.2,0.28
3.0,3.0,11.3,11.3,0.258
3.0,3.0,11.4,11.4,0.298
3.0,3.0,11.5,11.5,0.274
3.0,3.0,11.6,11.6,0.308
3.0,3.0,11.7,11.7,0.238
3.0,3.0,11.8,11.8,0.252
3.0,3.0,11.9,11.9,0.26
3.0,3.0,12.0,12.0,0.212
3.0,3.0,12.1,12.1,0.254
3.0,3.0,12.2,12.2,0.256
3.0,3.0,12.3,12.3,0.248
3.0,3.0,12.4,12.4,0.258
3.0,3.0,12.5,12.5,0.254
3.0,3.0,12.6,12.6,0.214
3.0,3.0,12.7,12.7,0.238
3.0,3.0,12.8,12.8,0.24
3.0,3.0,12.9,12.9,0.202
3.0,3.0,13.0,13.0,0.184
3.0,3.0,13.1,13.1,0.216
3.0,3.0,13.2,13.2,0.206
3.0,3.0,13.3,13.3,0.198
3.0,3.0,13.4,13.4,0.174
3.0,3.0,13.5,13.5,0.206
3.0,3.0,13.6,13.6,0.192
3.0,3.0,13.7,13.7,0.162
3.0,3.0,13.8,13.8,0.186
3.0,3.0,13.9,13.9,0.202
3.0,3.0,14.0,14.0,0.168
3.0,3.0,14.1,14.1,0.146
3.0,3.0,14.2,14.2,0.158
3.0,3.0,14.3,14.3,0.188
3.0,3.0,14.4,14.4,0.184
3.0,3.0,14.5,14.5,0.164
3.0,3.0,14.6,14.6,0.188
3.0,3.0,14.7,14.7,0.152
3.0,3.0,14.8,14.8,0.152
3.0,3.0,14.9,14.9,0.192
3.0,3.0,15.0,15.0,0.158
3.0,3.0,15.1,15.1,0.148
3.1,3.1,0.1,0.1,0.074
3.1,3.1,0.2,0.2,0.106
3.1,3.1,0.3,0.3,0.144
3.1,3.1,0.4,0.4,0.164
3.1,3.1,0.5,0.5,0.208
3.1,3.1,0.6,0.6,0.246
3.1,3.1,0.7,0.7,0.266
3.1,3.1,0.8,0.8,0.266
3.1,3.1,0.9,0.9,0.34
3.1,3.1,1.0,1.0,0.372
3.1,3.1,1.1,1.1,0.408
3.1,3.1,1.2,1.2,0.368
3.1,3.1,1.3,1.3,0.432
3.1,3.1,1.4,1.4,0.462
3.1,3.1,1.5,1.5,0.452
3.1,3.1,1.6,1.6,0.454
3.1,3.1,1.7,1.7,0.5
3.1,3.1,1.8,1.8,0.548
3.1,3.1,1.9,1.9,0.522
3.1,3.1,2.0,2.0,0.58
3.1,3.1,2.1,2.1,0.602
3.1,3.1,2.2,2.2,0.586
3.1,3.1,2.3,2.3,0.61
3.1,3.1,2.4,2.4,0.614
3.1,3.1,2.5,2.5,0.636
3.1,3.1,2.6,2.6,0.616
3.1,3.1,2.7,2.7,0.654
3.1,3.1,2.8,2.8,0.654
3.1,3.1,2.9,2.9,0.708
3.1,3.1,3.0,3.0,0.7
3.1,3.1,3.1,3.1,0.722
3.1,3.1,3.2,3.2,0.754
3.1,3.1,3.3,3.3,0.714
3.1,3.1,3.4,3.4,0.686
3.1,3.1,3.5,3.5,0.748
3.1,3.1,3.6,3.6,0.722
3.1,3.1,3.7,3.7,0.728
3.1,3.1,3.8,3.8,0.694
3.1,3.1,3.9,3.9,0.756
3.1,3.1,4.0,4.0,0.776
3.1,3.1,4.1,4.1,0.72
3.1,3.1,4.2,4.2,0.722
3.1,3.1,4.3,4.3,0.786
3.1,3.1,4.4,4.4,0.734
3.1,3.1,4.5,4.5,0.794
3.1,3.1,4.6,4.6,0.778
3.1,3.1,4.7,4.7,0.766
3.1,3.1,4.8,4.8,0.782
3.1,3.1,4.9,4.9,0.766
3.1,3.1,5.0,5.0,0.794
3.1,3.1,5.1,5.1,0.748
3.1,3.1,5.2,5.2,0.752
3.1,3.1,5.3,5.3,0.778
3.1,3.1,5.4,5.4,0.764
3.1,3.1,5.5,5.5,0.786
3.1,3.1,5.6,5.6,0.77
3.1,3.1,5.7,5.7,0.772
3.1,3.1,5.8,5.8,0.786
3.1,3.1,5.9,5.9,0.744
3.1,3.1,6.0,6.0,0.764
3.1,3.1,6.1,6.1,0.748
3.1,3.1,6.2,6.2,0.762
3.1,3.1,6.3,6.3,0.78
3.1,3.1,6.4,6.4,0.77
3.1,3.1,6.5,6.5,0.748
3.1,3.1,6.6,6.6,0.76
3.1,3.1,6.7,6.7,0.716
3.1,3.1,6.8,6.8,0.744
3.1,3.1,6.9,6.9,0.758
3.1,3.1,7.0,7.0,0.738
3.1,3.1,7.1,7.1,0.724
3.1,3.1,7.2,7.2,0.742
3.1,3.1,7.3,7.3,0.724
3.1,3.1,7.4,7.4,0.73
3.1,3.1,7.5,7.5,0.736
3.1,3.1,7.6,7.6,0.712
3.1,3.1,7.7,7.7,0.69
3.1,3.1,7.8,7.8,0.712
3.1,3.1,7.9,7.9,0.712
3.1,3.1,8.0,8.0,0.684
3.1,3.1,8.1,8.1,0.676
3.1,3.1,8.2,8.2,0.694
3.1,3.1,8.3,8.3,0.646
3.1,3.1,8.4,8.4,0.62
3.1,3.1,8.5,8.5,0.66
3.1,3.1,8.6,8.6,0.596
3.1,3.1,8.7,8.7,0.624
3.1,3.1,8.8,8.8,0.61
3.1,3.1,8.9,8.9,0.57
3.1,3.1,9.0,9.0,0.58
3.1,3.1,9.1,9.1,0.566
3.1,3.1,9.2,9.2,0.544
3.1,3.1,9.3,9.3,0.532
3.1,3.1,9.4,9.4,0.536
3.1,3.1,9.5,9.5,0.49
3.1,3.1,9.6,9.6,0.512
3.1,3.1,9.7,9.7,0.502
3.1,3.1,9.8,9.8,0.46
3.1,3.1,9.9,9.9,0.45
3.1,3.1,10.0,10.0,0.452
3.1,3.1,10.1,10.1,0.424
3.1,3.1,10.2,10.2,0.42
3.1,3.1,10.3,10.3,0.394
3.1,3.1,10.4,10.4,0.396
3.1,3.1,10.5,10.5,0.372
3.1,3.1,10.6,10.6,0.42
3.1,3.1,10.7,10.7,0.342
3.1,3.1,10.8,10.8,0.36
3.1,3.1,10.9,10.9,0.344
3.1,3.1,11.0,11.0,0.338
3.1,3.1,11.1,11.1,0.296
3.1,3.1,11.2,11.2,0.306
3.1,3.1,11.3,11.3,0.266
3.1,3.1,11.4,11.4,0.282
3.1,3.1,11.5,11.5,0.29
3.1,3.1,11.6,11.6,0.286
3.1,3.1,11.7,11.7,0.298
3.1,3.1,11.8,11.8,0.282
3.1,3.1,11.9,11.9,0.262
3.1,3.1,12.0,12.0,0.258
3.1,3.1,12.1,12.1,0.23
3.1,3.1,12.2,12.2,0.25
3.1,3.1,12.3,12.3,0.266
3.1,3.1,12.4,12.4,0.264
3.1,3.1,12.5,12.5,0.218
3.1,3.1,12.6,12.6,0.254
3.1,3.1,12.7,12.7,0.196
3.1,3.1,12.8,12.8,0.23
3.1,3.1,12.9,12.9,0.226
3.1,3.1,13.0,13.0,0.242
3.1,3.1,13.1,13.1,0.206
3.1,3.1,13.2,13.2,0.216
3.1,3.1,13.3,13.3,0.21
3.1,3.1,13.4,13.4,0.174
3.1,3.1,13.5,13.5,0.188
3.1,3.1,13.6,13.6,0.194
3.1,3.1,13.7,13.7,0.196
3.1,3.1,13.8,13.8,0.184
3.1,3.1,13.9,13.9,0.164
3.1,3.1,14.0,14.0,0.2
3.1,3.1,14.1,14.1,0.184
3.1,3.1,14.2,14.2,0.186
3.1,3.1,14.3,14.3,0.202
3.1,3.1,14.4,14.4,0.194
3.1,3.1,14.5,14.5,0.162
3.1,3.1,14.6,14.6,0.18
3.1,3.1,14.7,14.7,0.16
3.1,3.1,14.8,14.8,0.162
3.1,3.1,14.9,14.9,0.142
3.1,3.1,15.0,15.0,0.148
3.1,3.1,15.1,15.1,0.172
3.2,3.2,0.1,0.1,0.066
3.2,3.2,0.2,0.2,0.086
3.2,3.2,0.3,0.3,0.136
3.2,3.2,0.4,0.4,0.146
3.2,3.2,0.5,0.5,0.19
3.2,3.2,0.6,0.6,0.248
3.2,3.2,0.7,0.7,0.24
3.2,3.2,0.8,0.8,0.284
3.2,3.2,0.9,0.9,0.28
3.2,3.2,1.0,1.0,0.32
3.2,3.2,1.1,1.1,0.366
3.2,3.2,1.2,1.2,0.416
3.2,3.2,1.3,1.3,0.41
3.2,3.2,1.4,1.4,0.446
3.2,3.2,1.5,1.5,0.462
3.2,3.2,1.6,1.6,0.436
3.2,3.2,1.7,1.7,0.512
3.2,3.2,1.8,1.8,0.506
3.2,3.2,1.9,1.9,0.516
3.2,3.2,2.0,2.0,0.53
3.2,3.2,2.1,2.1,0.546
3.2,3.2,2.2,2.2,0.592
3.2,3.2,2.3,2.3,0.612
3.2,3.2,2.4,2.4,0.618
3.2,3.2,2.5,2.5,0.654
3.2,3.2,2.6,2.6,0.626
3.2,3.2,2.7,2.7,0.59
3.2,3.2,2.8,2.8,0.67
3.2,3.2,2.9,2.9,0.656
3.2,3.2,3.0,3.0,0.694
3.2,3.2,3.1,3.1,0.658
3.2,3.2,3.2,3.2,0.716
3.2,3.2,3.3,3.3,0.66
3.2,3.2,3.4,3.4,0.722
3.2,3.2,3.5,3.5,0.708
3.2,3.2,3.6,3.6,0.702
3.2,3.2,3.7,3.7,0.762
3.2,3.2,3.8,3.8,0.77
3.2,3.2,3.9,3.9,0.744
3.2,3.2,4.0,4.0,0.754
3.2,3.2,4.1,4.1,0.74
3.2,3.2,4.2,4.2,0.718
3.2,3.2,4.3,4.3,0.752
3.2,3.2,4.4,4.4,0.776
3.2,3.2,4.5,4.5,0.768
3.2,3.2,4.6,4.6,0.782
3.2,3.2,4.7,4.7,0.752
3.2,3.2,4.8,4.8,0.776
3.2,3.2,4.9,4.9,0.772
3.2,3.2,5.0,5.0,0.75
3.2,3.2,5.1,5.1,0.766
3.2,3.2,5.2,5.2,0.724
3.2,3.2,5.3,5.3,0.756
3.2,3.2,5.4,5.4,0.79
3.2,3.2,5.5,5.5,0.768
3.2,3.2,5.6,5.6,0.776
3.2,3.2,5.7,5.7,0.76
3.2,3.2,5.8,5.8,0.754
3.2,3.2,5.9,5.9,0.8
3.2,3.2,6.0,6.0,0.79
3.2,3.2,6.1,6.1,0.776
3.2,3.2,6.2,6.2,0.734
3.2,3.2,6.3,6.3,0.79
3.2,3.2,6.4,6.4,0.782
3.2,3.2,6.5,6.5,0.758
3.2,3.2,6.6,6.6,0.726
3.2,3.2,6.7,6.7,0.748
3.2,3.2,6.8,6.8,0.74
3.2,3.2,6.9,6.9,0.728
3.2,3.2,7.0,7.0,0.75
3.2,3.2,7.1,7.1,0.72
3.2,3.2,7.2,7.2,0.706
3.2,3.2,7.3,7.3,0.712
3.2,3.2,7.4,7.4,0.772
3.2,3.2,7.5,7.5,0.758
3.2,3.2,7.6,7.6,0.688
3.2,3.2,7.7,7.7,0.71
3.2,3.2,7.8,7.8,0.71
3.2,3.2,7.9,7.9,0.702
3.2,3.2,8.0,8.0,0.708
3.2,3.2,8.1,8.1,0.69
3.2,3.2,8.2,8.2,0.688
3.2,3.2,8.3,8.3,0.666
3.2,3.2,8.4,8.4,0.734
3.2,3.2,8.5,8.5,0.668
3.2,3.2,8.6,8.6,0.612
3.2,3.2,8.7,8.7,0.628
3.2,3.2,8.8,8.8,0.644
3.2,3.2,8.9,8.9,0.652
3.2,3.2,9.0,9.0,0.584
3.2,3.2,9.1,9.1,0.622
3.2,3.2,9.2,9.2,0.57
3.2,3.2,9.3,9.3,0.558
3.2,3.2,9.4,9.4,0.528
3.2,3.2,9.5,9.5,0.508
3.2,3.2,9.6,9.6,0.54
3.2,3.2,9.7,9.7,0.524
3.2,3.2,9.8,9.8,0.472
3.2,3.2,9.9,9.9,0.526
3.2,3.2,10.0,10.0,0.48
3.2,3.2,10.1,10.1,0.492
3.2,3.2,10.2,10.2,0.426
3.2,3.2,10.3,10.3,0.468
3.2,3.2,10.4,10.4,0.428
3.2,3.2,10.5,10.5,0.394
3.2,3.2,10.6,10.6,0.394
3.2,3.2,10.7,10.7,0.376
3.2,3.2,10.8,10.8,0.358
3.2,3.2,10.9,10.9,0.374
3.2,3.2,11.0,11.0,0.378
3.2,3.2,11.1,11.1,0.37
3.2,3.2,11.2,11.2,0.33
3.2,3.2,11.3,11.3,0.358
3.2,3.2,11.4,11.4,0.296
3.2,3.2,11.5,11.5,0.322
3.2,3.2,11.6,11.6,0.288
3.2,3.2,11.7,11.7,0.306
3.2,3.2,11.8,11.8,0.264
3.2,3.2,11.9,11.9,0.296
3.2,3.2,12.0,12.0,0.32
3.2,3.2,12.1,12.1,0.312
3.2,3.2,12.2,12.2,0.288
3.2,3.2,12.3,12.3,0.278
3.2,3.2,12.4,12.4,0.25
3.2,3.2,12.5,12.5,0.224
3.2,3.2,12.6,12.6,0.256
3.2,3.2,12.7,12.7,0.258
3.2,3.2,12.8,12.8,0.272
3.2,3.2,12.9,12.9,0.272
3.2,3.2,13.0,13.0,0.214
3.2,3.2,13.1,13.1,0.192
3.2,3.2,13.2,13.2,0.216
3.2,3.2,13.3,13.3,0.176
3.2,3.2,13.4,13.4,0.214
3.2,3.2,13.5,13.5,0.222
3.2,3.2,13.6,13.6,0.232
3.2,3.2,13.7,13.7,0.218
3.2,3.2,13.8,13.8,0.164
3.2,3.2,13.9,13.9,0.18
3.2,3.2,14.0,14.0,0.176
3.2,3.2,14.1,14.1,0.192
3.2,3.2,14.2,14.2,0.202
3.2,3.2,14.3,14.3,0.204
3.2,3.2,14.4,14.4,0.182
3.2,3.2,14.5,14.5,0.186
3.2,3.2,14.6,14.6,0.194
3.2,3.2,14.7,14.7,0.178
3.2,3.2,14.8,14.8,0.204
3.2,3.2,14.9,14.9,0.166
3.2,3.2,15.0,15.0,0.202
3.2,3.2,15.1,15.1,0.166
3.3,3.3,0.1,0.1,0.054
3.3,3.3,0.2,0.2,0.074
3.3,3.3,0.3,0.3,0.124
3.3,3.3,0.4,0.4,0.156
3.3,3.3,0.5,0.5,0.212
3.3,3.3,0.6,0.6,0.192
3.3,3.3,0.7,0.7,0.226
3.3,3.3,0.8,0.8,0.286
3.3,3.3,0.9,0.9,0.292
3.3,3.3,1.0,1.0,0.338
3.3,3.3,1.1,1.1,0.392
3.3,3.3,1.2,1.2,0.356
3.3,3.3,1.3,1.3,0.41
3.3,3.3,1.4,1.4,0.45
3.3,3.3,1.5,1.5,0.43
3.3,3.3,1.6,1.6,0.496
3.3,3.3,1.7,1.7,0.482
3.3,3.3,1.8,1.8,0.498
3.3,3.3,1.9,1.9,0.514
3.3,3.3,2.0,2.0,0.546
3.3,3.3,2.1,2.1,0.548
3.3,3.3,2.2,2.2,0.58
3.3,3.3,2.3,2.3,0.596
3.3,3.3,2.4,2.4,0.56
3.3,3.3,2.5,2.5,0.588
3.3,3.3,2.6,2.6,0.602
3.3,3.3,2.7,2.7,0.634
3.3,3.3,2.8,2.8,0.65
3.3,3.3,2.9,2.9,0.69
3.3,3.3,3.0,3.0,0.668
3.3,3.3,3.1,3.1,0.698
3.3,3.3,3.2,3.2,0.684
3.3,3.3,3.3,3.3,0.68
3.3,3.3,3.4,3.4,0.702
3.3,3.3,3.5,3.5,0.71
3.3,3.3,3.6,3.6,0.698
3.3,3.3,3.7,3.7,0.742
3.3,3.3,3.8,3.8,0.688
3.3,3.3,3.9,3.9,0.742
3.3,3.3,4.0,4.0,0.714
3.3,3.3,4.1,4.1,0.754
3.3,3.3,4.2,4.2,0.742
3.3,3.3,4.3,4.3,0.754
3.3,3.3,4.4,4.4,0.75
3.3,3.3,4.5,4.5,0.77
3.3,3.3,4.6,4.6,0.77
3.3,3.3,4.7,4.7,0.782
3.3,3.3,4.8,4.8,0.778
3.3,3.3,4.9,4.9,0.754
3.3,3.3,5.0,5.0,0.764
3.3,3.3,5.1,5.1,0.748
3.3,3.3,5.2,5.2,0.81
3.3,3.3,5.3,5.3,0.738
3.3,3.3,5.4,5.4,0.734
3.3,3.3,5.5,5.5,0.73
3.3,3.3,5.6,5.6,0.734
3.3,3.3,5.7,5.7,0.79
3.3,3.3,5.8,5.8,0.792
3.3,3.3,5.9,5.9,0.754
3.3,3.3,6.0,6.0,0.772
3.3,3.3,6.1,6.1,0.77
3.3,3.3,6.2,6.2,0.764
3.3,3.3,6.3,6.3,0.772
3.3,3.3,6.4,6.4,0.78
3.3,3.3,6.5,6.5,0.758
3.3,3.3,6.6,6.6,0.73
3.3,3.3,6.7,6.7,0.728
3.3,3.3,6.8,6.8,0.76
3.3,3.3,6.9,6.9,0.76
3.3,3.3,7.0,7.0,0.738
3.3,3.3,7.1,7.1,0.754
3.3,3.3,7.2,7.2,0.768
3.3,3.3,7.3,7.3,0.758
3.3,3.3,7.4,7.4,0.754
3.3,3.3,7.5,7.5,0.756
3.3,3.3,7.6,7.6,0.758
3.3,3.3,7.7,7.7,0.742
3.3,3.3,7.8,7.8,0.698
3.3,3.3,7.9,7.9,0.716
3.3,3.3,8.0,8.0,0.702
3.3,3.3,8.1,8.1,0.71
3.3,3.3,8.2,8.2,0.728
3.3,3.3,8.3,8.3,0.662
3.3,3.3,8.4,8.4,0.728
3.3,3.3,8.5,8.5,0.656
3.3,3.3,8.6,8.6,0.638
3.3,3.3,8.7,8.7,0.67
3.3,3.3,8.8,8.8,0.698
3.3,3.3,8.9,8.9,0.664
3.3,3.3,9.0,9.0,0.64
3.3,3.3,9.1,9.1,0.636
3.3,3.3,9.2,9.2,0.626
3.3,3.3,9.3,9.3,0.638
3.3,3.3,9.4,9.4,0.572
3.3,3.3,9.5,9.5,0.566
3.3,3.3,9.6,9.6,0.554
3.3,3.3,9.7,9.7,0.55
3.3,3.3,9.8,9.8,0.56
3.3,3.3,9.9,9.9,0.516
3.3,3.3,10.0,10.0,0.502
3.3,3.3,10.1,10.1,0.5
3.3,3.3,10.2,10.2,0.528
3.3,3.3,10.3,10.3,0.504
3.3,3.3,10.4,10.4,0.474
3.3,3.3,10.5,10.5,0.474
3.3,3.3,10.6,10.6,0.478
3.3,3.3,10.7,10.7,0.408
3.3,3.3,10.8,10.8,0.404
3.3,3.3,10.9,10.9,0.384
3.3,3.3,11.0,11.0,0.408
3.3,3.3,11.1,11.1,0.37
3.3,3.3,11.2,11.2,0.366
3.3,3.3,11.3,11.3,0.346
3.3,3.3,11.4,11.4,0.388
3.3,3.3,11.5,11.5,0.32
3.3,3.3,11.6,11.6,0.366
3.3,3.3,11.7,11.7,0.318
3.3,3.3,11.8,11.8,0.304
3.3,3.3,11.9,11.9,0.338
3.3,3.3,12.0,12.0,0.316
3.3,3.3,12.1,12.1,0.268
3.3,3.3,12.2,12.2,0.288
3.3,3.3,12.3,12.3,0.328
3.3,3.3,12.4,12.4,0.282
3.3,3.3,12.5,12.5,0.282
3.3,3.3,12.6,12.6,0.314
3.3,3.3,12.7,12.7,0.264
3.3,3.3,12.8,12.8,0.238
3.3,3.3,12.9,12.9,0.286
3.3,3.3,13.0,13.0,0.206
3.3,3.3,13.1,13.1,0.23
3.3,3.3,13.2,13.2,0.242
3.3,3.3,13.3,13.3,0.236
3.3,3.3,13.4,13.4,0.256
3.3,3.3,13.5,13.5,0.194
3.3,3.3,13.6,13.6,0.22
3.3,3.3,13.7,13.7,0.236
3.3,3.3,13.8,13.8,0.208
3.3,3.3,13.9,13.9,0.198
3.3,3.3,14.0,14.0,0.202
3.3,3.3,14.1,14.1,0.224
3.3,3.3,14.2,14.2,0.19
3.3,3.3,14.3,14.3,0.214
3.3,3.3,14.4,14.4,0.226
3.3,3.3,14.5,14.5,0.218
3.3,3.3,14.6,14.6,0.204
3.3,3.3,14.7,14.7,0.17
3.3,3.3,14.8,14.8,0.202
3.3,3.3,14.9,14.9,0.198
3.3,3.3,15.0,15.0,0.172
3.3,3.3,15.1,15.1,0.214
3.4,3.4,0.1,0.1,0.068
3.4,3.4,0.2,0.2,0.078
3.4,3.4,0.3,0.3,0.124
3.4,3.4,0.4,0.4,0.12
3.4,3.4,0.5,0.5,0.19
3.4,3.4,0.6,0.6,0.238
3.4,3.4,0.7,0.7,0.224
3.4,3.4,0.8,0.8,0.282
3.4,3.4,0.9,0.9,0.31
3.4,3.4,1.0,1.0,0.306
3.4,3.4,1.1,1.1,0.292
3.4,3.4,1.2,1.2,0.37
3.4,3.4,1.3,1.3,0.376
3.4,3.4,1.4,1.4,0.438
3.4,3.4,1.5,1.5,0.448
3.4,3.4,1.6,1.6,0.476
3.4,3.4,1.7,1.7,0.47
3.4,3.4,1.8,1.8,0.484
3.4,3.4,1.9,1.9,0.484
3.4,3.4,2.0,2.0,0.498
3.4,3.4,2.1,2.1,0.526
3.4,3.4,2.2,2.2,0.558
3.4,3.4,2.3,2.3,0.602
3.4,3.4,2.4,2.4,0.57
3.4,3.4,2.5,2.5,0.592
3.4,3.4,2.6,2.6,0.614
3.4,3.4,2.7,2.7,0.652
3.4,3.4,2.8,2.8,0.648
3.4,3.4,2.9,2.9,0.666
3.4,3.4,3.0,3.0,0.634
3.4,3.4,3.1,3.1,0.662
3.4,3.4,3.2,3.2,0.65
3.4,3.4,3.3,3.3,0.686
3.4,3.4,3.4,3.4,0.7
3.4,3.4,3.5,3.5,0.718
3.4,3.4,3.6,3.6,0.692
3.4,3.4,3.7,3.7,0.744
3.4,3.4,3.8,3.8,0.694
3.4,3.4,3.9,3.9,0.736
3.4,3.4,4.0,4.0,0.7
3.4,3.4,4.1,4.1,0.71
3.4,3.4,4.2,4.2,0.744
3.4,3.4,4.3,4.3,0.732
3.4,3.4,4.4,4.4,0.746
3.4,3.4,4.5,4.5,0.704
3.4,3.4,4.6,4.6,0.754
3.4,3.4,4.7,4.7,0.738
3.4,3.4,4.8,4.8,0.754
3.4,3.4,4.9,4.9,0.7
3.4,3.4,5.0,5.0,0.77
3.4,3.4,5.1,5.1,0.78
3.4,3.4,5.2,5.2,0.8
3.4,3.4,5.3,5.3,0.718
3.4,3.4,5.4,5.4,0.764
3.4,3.4,5.5,5.5,0.734
3.4,3.4,5.6,5.6,0.764
3.4,3.4,5.7,5.7,0.804
3.4,3.4,5.8,5.8,0.73
3.4,3.4,5.9,5.9,0.744
3.4,3.4,6.0,6.0,0.76
3.4,3.4,6.1,6.1,0.718
3.4,3.4,6.2,6.2,0.776
3.4,3.4,6.3,6.3,0.752
3.4,3.4,6.4,6.4,0.754
3.4,3.4,6.5,6.5,0.774
3.4,3.4,6.6,6.6,0.77
3.4,3.4,6.7,6.7,0.784
3.4,3.4,6.8,6.8,0.736
3.4,3.4,6.9,6.9,0.738
3.4,3.4,7.0,7.0,0.74
3.4,3.4,7.1,7.1,0.764
3.4,3.4,7.2,7.2,0.752
3.4,3.4,7.3,7.3,0.748
3.4,3.4,7.4,7.4,0.758
3.4,3.4,7.5,7.5,0.726
3.4,3.4,7.6,7.6,0.738
3.4,3.4,7.7,7.7,0.698
3.4,3.4,7.8,7.8,0.768
3.4,3.4,7.9,7.9,0.756
3.4,3.4,8.0,8.0,0.708
3.4,3.4,8.1,8.1,0.762
3.4,3.4,8.2,8.2,0.726
3.4,3.4,8.3,8.3,0.704
3.4,3.4,8.4,8.4,0.672
3.4,3.4,8.5,8.5,0.69
3.4,3.4,8.6,8.6,0.648
3.4,3.4,8.7,8.7,0.682
3.4,3.4,8.8,8.8,0.664
3.4,3.4,8.9,8.9,0.688
3.4,3.4,9.0,9.0,0.666
3.4,3.4,9.1,9.1,0.664
3.4,3.4,9.2,9.2,0.632
3.4,3.4,9.3,9.3,0.642
3.4,3.4,9.4,9.4,0.65
3.4,3.4,9.5,9.5,0.608
3.4,3.4,9.6,9.6,0.608
3.4,3.4,9.7,9.7,0.6
3.4,3.4,9.8,9.8,0.576
3.4,3.4,9.9,9.9,0.62
3.4,3.4,10.0,10.0,0.524
3.4,3.4,10.1,10.1,0.526
3.4,3.4,10.2,10.2,0.52
3.4,3.4,10.3,10.3,0.476
3.4,3.4,10.4,10.4,0.502
3.4,3.4,10.5,10.5,0.508
3.4,3.4,10.6,10.6,0.454
3.4,3.4,10.7,10.7,0.488
3.4,3.4,10.8,10.8,0.45
3.4,3.4,10.9,10.9,0.436
3.4,3.4,11.0,11.0,0.45
3.4,3.4,11.1,11.1,0.42
3.4,3.4,11.2,11.2,0.396
3.4,3.4,11.3,11.3,0.384
3.4,3.4,11.4,11.4,0.386
3.4,3.4,11.5,11.5,0.38
3.4,3.4,11.6,11.6,0.386
3.4,3.4,11.7,11.7,0.354
3.4,3.4,11.8,11.8,0.378
3.4,3.4,11.9,11.9,0.364
3.4,3.4,12.0,12.0,0.34
3.4,3.4,12.1,12.1,0.308
3.4,3.4,12.2,12.2,0.326
3.4,3.4,12.3,12.3,0.282
3.4,3.4,12.4,12.4,0.31
3.4,3.4,12.5,12.5,0.296
3.4,3.4,12.6,12.6,0.272
3.4,3.4,12.7,12.7,0.31
3.4,3.4,12.8,12.8,0.274
3.4,3.4,12.9,12.9,0.282
3.4,3.4,13.0,13.0,0.26
3.4,3.4,13.1,13.1,0.276
3.4,3.4,13.2,13.2,0.246
3.4,3.4,13.3,13.3,0.284
3.4,3.4,13.4,13.4,0.246
3.4,3.4,13.5,13.5,0.242
3.4,3.4,13.6,13.6,0.27
3.4,3.4,13.7,13.7,0.226
3.4,3.4,13.8,13.8,0.202
3.4,3.4,13.9,13.9,0.226
3.4,3.4,14.0,14.0,0.202
3.4,3.4,14.1,14.1,0.224
3.4,3.4,14.2,14.2,0.226
3.4,3.4,14.3,14.3,0.214
3.4,3.4,14.4,14.4,0.216
3.4,3.4,14.5,14.5,0.164
3.4,3.4,14.6,14.6,0.218
3.4,3.4,14.7,14.7,0.214
3.4,3.4,14.8,14.8,0.202
3.4,3.4,14.9,14.9,0.196
3.4,3.4,15.0,15.0,0.204
3.4,3.4,15.1,15.1,0.204
3.5,3.5,0.1,0.1,0.062
3.5,3.5,0.2,0.2,0.082
3.5,3.5,0.3,0.3,0.106
3.5,3.5,0.4,0.4,0.166
3.5,3.5,0.5,0.5,0.156
3.5,3.5,0.6,0.6,0.192
3.5,3.5,0.7,0.7,0.228
3.5,3.5,0.8,0.8,0.236
3.5,3.5,0.9,0.9,0.298
3.5,3.5,1.0,1.0,0.296
3.5,3.5,1.1,1.1,0.354
3.5,3.5,1.2,1.2,0.36
3.5,3.5,1.3,1.3,0.358
3.5,3.5,1.4,1.4,0.374
3.5,3.5,1.5,1.5,0.456
3.5,3.5,1.6,1.6,0.462
3.5,3.5,1.7,1.7,0.488
3.5,3.5,1.8,1.8,0.516
3.5,3.5,1.9,1.9,0.53
3.5,3.5,2.0,2.0,0.514
3.5,3.5,2.1,2.1,0.56
3.5,3.5,2.2,2.2,0.588
3.5,3.5,2.3,2.3,0.61
3.5,3.5,2.4,2.4,0.574
3.5,3.5,2.5,2.5,0.594
3.5,3.5,2.6,2.6,0.618
3.5,3.5,2.7,2.7,0.61
3.5,3.5,2.8,2.8,0.672
3.5,3.5,2.9,2.9,0.702
3.5,3.5,3.0,3.0,0.636
3.5,3.5,3.1,3.1,0.67
3.5,3.5,3.2,3.2,0.66
3.5,3.5,3.3,3.3,0.714
3.5,3.5,3.4,3.4,0.684
3.5,3.5,3.5,3.5,0.682
3.5,3.5,3.6,3.6,0.706
3.5,3.5,3.7,3.7,0.72
3.5,3.5,3.8,3.8,0.704
3.5,3.5,3.9,3.9,0.682
3.5,3.5,4.0,4.0,0.744
3.5,3.5,4.1,4.1,0.776
3.5,3.5,4.2,4.2,0.718
3.5,3.5,4.3,4.3,0.752
3.5,3.5,4.4,4.4,0.716
3.5,3.5,4.5,4.5,0.744
3.5,3.5,4.6,4.6,0.722
3.5,3.5,4.7,4.7,0.73
3.5,3.5,4.8,4.8,0.79
3.5,3.5,4.9,4.9,0.758
3.5,3.5,5.0,5.0,0.748
3.5,3.5,5.1,5.1,0.736
3.5,3.5,5.2,5.2,0.762
3.5,3.5,5.3,5.3,0.762
3.5,3.5,5.4,5.4,0.786
3.5,3.5,5.5,5.5,0.774
3.5,3.5,5.6,5.6,0.79
3.5,3.5,5.7,5.7,0.766
3.5,3.5,5.8,5.8,0.744
3.5,3.5,5.9,5.9,0.776
3.5,3.5,6.0,6.0,0.772
3.5,3.5,6.1,6.1,0.766
3.5,3.5,6.2,6.2,0.776
3.5,3.5,6.3,6.3,0.798
3.5,3.5,6.4,6.4,0.78
3.5,3.5,6.5,6.5,0.758
3.5,3.5,6.6,6.6,0.788
3.5,3.5,6.7,6.7,0.746
3.5,3.5,6.8,6.8,0.762
3.5,3.5,6.9,6.9,0.762
3.5,3.5,7.0,7.0,0.738
3.5,3.5,7.1,7.1,0.766
3.5,3.5,7.2,7.2,0.764
3.5,3.5,7.3,7.3,0.744
3.5,3.5,7.4,7.4,0.76
3.5,3.5,7.5,7.5,0.742
3.5,3.5,7.6,7.6,0.754
3.5,3.5,7.7,7.7,0.726
3.5,3.5,7.8,7.8,0.742
3.5,3.5,7.9,7.9,0.698
3.5,3.5,8.0,8.0,0.726
3.5,3.5,8.1,8.1,0.738
3.5,3.5,8.2,8.2,0.77
3.5,3.5,8.3,8.3,0.672
3.5,3.5,8.4,8.4,0.71
3.5,3.5,8.5,8.5,0.696
3.5,3.5,8.6,8.6,0.738
3.5,3.5,8.7,8.7,0.7
3.5,3.5,8.8,8.8,0.688
3.5,3.5,8.9,8.9,0.68
3.5,3.5,9.0,9.0,0.664
3.5,3.5,9.1,9.1,0.664
3.5,3.5,9.2,9.2,0.634
3.5,3.5,9.3,9.3,0.674
3.5,3.5,9.4,9.4,0.636
3.5,3.5,9.5,9.5,0.64
3.5,3.5,9.6,9.6,0.636
3.5,3.5,9.7,9.7,0.64
3.5,3.5,9.8,9.8,0.628
3.5,3.5,9.9,9.9,0.616
3.5,3.5,10.0,10.0,0.54
3.5,3.5,10.1,10.1,0.596
3.5,3.5,10.2,10.2,0.542
3.5,3.5,10.3,10.3,0.594
3.5,3.5,10.4,10.4,0.51
3.5,3.5,10.5,10.5,0.532
3.5,3.5,10.6,10.6,0.56
3.5,3.5,10.7,10.7,0.5
3.5,3.5,10.8,10.8,0.51
3.5,3.5,10.9,10.9,0.446
3.5,3.5,11.0,11.0,0.472
3.5,3.5,11.1,11.1,0.478
3.5,3.5,11.2,11.2,0.452
3.5,3.5,11.3,11.3,0.432
3.5,3.5,11.4,11.4,0.438
3.5,3.5,11.5,11.5,0.412
3.5,3.5,11.6,11.6,0.384
3.5,3.5,11.7,11.7,0.442
3.5,3.5,11.8,11.8,0.38
3.5,3.5,11.9,11.9,0.37
3.5,3.5,12.0,12.0,0.356
3.5,3.5,12.1,12.1,0.364
3.5,3.5,12.2,12.2,0.322
3.5,3.5,12.3,12.3,0.354
3.5,3.5,12.4,12.4,0.3
3.5,3.5,12.5,12.5,0.306
3.5,3.5,12.6,12.6,0.302
3.5,3.5,12.7,12.7,0.304
3.5,3.5,12.8,12.8,0.308
3.5,3.5,12.9,12.9,0.314
3.5,3.5,13.0,13.0,0.28
3.5,3.5,13.1,13.1,0.276
3.5,3.5,13.2,13.2,0.326
3.5,3.5,13.3,13.3,0.256
3.5,3.5,13.4,13.4,0.282
3.5,3.5,13.5,13.5,0.258
3.5,3.5,13.6,13.6,0.272
3.5,3.5,13.7,13.7,0.23
3.5,3.5,13.8,13.8,0.252
3.5,3.5,13.9,13.9,0.216
3.5,3.5,14.0,14.0,0.254
3.5,3.5,14.1,14.1,0.276
3.5,3.5,14.2,14.2,0.214
3.5,3.5,14.3,14.3,0.258
3.5,3.5,14.4,14.4,0.246
3.5,3.5,14.5,14.5,0.212
3.5,3.5,14.6,14.6,0.214
3.5,3.5,14.7,14.7,0.202
3.5,3.5,14.8,14.8,0.204
3.5,3.5,14.9,14.9,0.232
3.5,3.5,15.0,15.0,0.194
3.5,3.5,15.1,15.1,0.208
3.6,3.6,0.1,0.1,0.056
3.6,3.6,0.2,0.2,0.104
3.6,3.6,0.3,0.3,0.136
3.6,3.6,0.4,0.4,0.138
3.6,3.6,0.5,0.5,0.198
3.6,3.6,0.6,0.6,0.208
3.6,3.6,0.7,0.7,0.238
3.6,3.6,0.8,0.8,0.304
3.6,3.6,0.9,0.9,0.278
3.6,3.6,1.0,1.0,0.284
3.6,3.6,1.1,1.1,0.324
3.6,3.6,1.2,1.2,0.382
3.6,3.6,1.3,1.3,0.342
3.6,3.6,1.4,1.4,0.406
3.6,3.6,1.5,1.5,0.428
3.6,3.6,1.6,1.6,0.44
3.6,3.6,1.7,1.7,0.476
3.6,3.6,1.8,1.8,0.504
3.6,3.6,1.9,1.9,0.498
3.6,3.6,2.0,2.0,0.502
3.6,3.6,2.1,2.1,0.492
3.6,3.6,2.2,2.2,0.592
3.6,3.6,2.3,2.3,0.558
3.6,3.6,2.4,2.4,0.584
3.6,3.6,2.5,2.5,0.618
3.6,3.6,2.6,2.6,0.582
3.6,3.6,2.7,2.7,0.646
3.6,3.6,2.8,2.8,0.608
3.6,3.6,2.9,2.9,0.624
3.6,3.6,3.0,3.0,0.674
3.6,3.6,3.1,3.1,0.602
3.6,3.6,3.2,3.2,0.654
3.6,3.6,3.3,3.3,0.696
3.6,3.6,3.4,3.4,0.686
3.6,3.6,3.5,3.5,0.65
3.6,3.6,3.6,3.6,0.67
3.6,3.6,3.7,3.7,0.714
3.6,3.6,3.8,3.8,0.722
3.6,3.6,3.9,3.9,0.72
3.6,3.6,4.0,4.0,0.724
3.6,3.6,4.1,4.1,0.748
3.6,3.6,4.2,4.2,0.73
3.6,3.6,4.3,4.3,0.726
3.6,3.6,4.4,4.4,0.712
3.6,3.6,4.5,4.5,0.716
3.6,3.6,4.6,4.6,0.776
3.6,3.6,4.7,4.7,0.786
3.6,3.6,4.8,4.8,0.772
3.6,3.6,4.9,4.9,0.754
3.6,3.6,5.0,5.0,0.778
3.6,3.6,5.1,5.1,0.756
3.6,3.6,5.2,5.2,0.784
3.6,3.6,5.3,5.3,0.776
3.6,3.6,5.4,5.4,0.772
3.6,3.6,5.5,5.5,0.75
3.6,3.6,5.6,5.6,0.78
3.6,3.6,5.7,5.7,0.786
3.6,3.6,5.8,5.8,0.788
3.6,3.6,5.9,5.9,0.76
3.6,3.6,6.0,6.0,0.73
3.6,3.6,6.1,6.1,0.758
3.6,3.6,6.2,6.2,0.764
3.6,3.6,6.3,6.3,0.742
3.6,3.6,6.4,6.4,0.772
3.6,3.6,6.5,6.5,0.77
3.6,3.6,6.6,6.6,0.776
3.6,3.6,6.7,6.7,0.77
3.6,3.6,6.8,6.8,0.776
3.6,3.6,6.9,6.9,0.74
3.6,3.6,7.0,7.0,0.732
3.6,3.6,7.1,7.1,0.79
3.6,3.6,7.2,7.2,0.802
3.6,3.6,7.3,7.3,0.776
3.6,3.6,7.4,7.4,0.788
3.6,3.6,7.5,7.5,0.766
3.6,3.6,7.6,7.6,0.744
3.6,3.6,7.7,7.7,0.732
3.6,3.6,7.8,7.8,0.766
3.6,3.6,7.9,7.9,0.738
3.6,3.6,8.0,8.0,0.76
3.6,3.6,8.1,8.1,0.728
3.6,3.6,8.2,8.2,0.722
3.6,3.6,8.3,8.3,0.736
3.6,3.6,8.4,8.4,0.75
3.6,3.6,8.5,8.5,0.726
3.6,3.6,8.6,8.6,0.726
3.6,3.6,8.7,8.7,0.684
3.6,3.6,8.8,8.8,0.71
3.6,3.6,8.9,8.9,0.712
3.6,3.6,9.0,9.0,0.67
3.6,3.6,9.1,9.1,0.708
3.6,3.6,9.2,9.2,0.654
3.6,3.6,9.3,9.3,0.66
3.6,3.6,9.4,9.4,0.66
3.6,3.6,9.5,9.5,0.688
3.6,3.6,9.6,9.6,0.614
3.6,3.6,9.7,9.7,0.628
3.6,3.6,9.8,9.8,0.652
3.6,3.6,9.9,9.9,0.626
3.6,3.6,10.0,10.0,0.584
3.6,3.6,10.1,10.1,0.612
3.6,3.6,10.2,10.2,0.622
3.6,3.6,10.3,10.3,0.596
3.6,3.6,10.4,10.4,0.572
3.6,3.6,10.5,10.5,0.57
3.6,3.6,10.6,10.6,0.554
3.6,3.6,10.7,10.7,0.556
3.6,3.6,10.8,10.8,0.562
3.6,3.6,10.9,10.9,0.472
3.6,3.6,11.0,11.0,0.524
3.6,3.6,11.1,11.1,0.508
3.6,3.6,11.2,11.2,0.488
3.6,3.6,11.3,11.3,0.484
3.6,3.6,11.4,11.4,0.478
3.6,3.6,11.5,11.5,0.42
3.6,3.6,11.6,11.6,0.456
3.6,3.6,11.7,11.7,0.422
3.6,3.6,11.8,11.8,0.404
3.6,3.6,11.9,11.9,0.406
3.6,3.6,12.0,12.0,0.422
3.6,3.6,12.1,12.1,0.414
3.6,3.6,12.2,12.2,0.338
3.6,3.6,12.3,12.3,0.36
3.6,3.6,12.4,12.4,0.37
3.6,3.6,12.5,12.5,0.37
3.6,3.6,12.6,12.6,0.346
3.6,3.6,12.7,12.7,0.332
3.6,3.6,12.8,12.8,0.306
3.6,3.6,12.9,12.9,0.31
3.6,3.6,13.0,13.0,0.334
3.6,3.6,13.1,13.1,0.312
3.6,3.6,13.2,13.2,0.318
3.6,3.6,13.3,13.3,0.296
3.6,3.6,13.4,13.4,0.24
3.6,3.6,13.5,13.5,0.27
3.6,3.6,13.6,13.6,0.31
3.6,3.6,13.7,13.7,0.288
3.6,3.6,13.8,13.8,0.28
3.6,3.6,13.9,13.9,0.264
3.6,3.6,14.0,14.0,0.258
3.6,3.6,14.1,14.1,0.28
3.6,3.6,14.2,14.2,0.282
3.6,3.6,14.3,14.3,0.258
3.6,3.6,14.4,14.4,0.264
3.6,3.6,14.5,14.5,0.238
3.6,3.6,14.6,14.6,0.274
3.6,3.6,14.7,14.7,0.24
3.6,3.6,14.8,14.8,0.256
3.6,3.6,14.9,14.9,0.21
3.6,3.6,15.0,15.0,0.232
3.6,3.6,15.1,15.1,0.212
3.7,3.7,0.1,0.1,0.062
3.7,3.7,0.2,0.2,0.118
3.7,3.7,0.3,0.3,0.114
3.7,3.7,0.4,0.4,0.136
3.7,3.7,0.5,0.5,0.186
3.7,3.7,0.6,0.6,0.202
3.7,3.7,0.7,0.7,0.246
3.7,3.7,0.8,0.8,0.258
3.7,3.7,0.9,0.9,0.258
3.7,3.7,1.0,1.0,0.308
3.7,3.7,1.1,1.1,0.31
3.7,3.7,1.2,1.2,0.354
3.7,3.7,1.3,1.3,0.388
3.7,3.7,1.4,1.4,0.416
3.7,3.7,1.5,1.5,0.408
3.7,3.7,1.6,1.6,0.424
3.7,3.7,1.7,1.7,0.472
3.7,3.7,1.8,1.8,0.434
3.7,3.7,1.9,1.9,0.482
3.7,3.7,2.0,2.0,0.488
3.7,3.7,2.1,2.1,0.536
3.7,3.7,2.2,2.2,0.552
3.7,3.7,2.3,2.3,0.546
3.7,3.7,2.4,2.4,0.604
3.7,3.7,2.5,2.5,0.55
3.7,3.7,2.6,2.6,0.596
3.7,3.7,2.7,2.7,0.574
3.7,3.7,2.8,2.8,0.588
3.7,3.7,2.9,2.9,0.6
3.7,3.7,3.0,3.0,0.648
3.7,3.7,3.1,3.1,0.688
3.7,3.7,3.2,3.2,0.62
3.7,3.7,3.3,3.3,0.64
3.7,3.7,3.4,3.4,0.676
3.7,3.7,3.5,3.5,0.72
3.7,3.7,3.6,3.6,0.674
3.7,3.7,3.7,3.7,0.692
3.7,3.7,3.8,3.8,0.676
3.7,3.7,3.9,3.9,0.682
3.7,3.7,4.0,4.0,0.694
3.7,3.7,4.1,4.1,0.7
3.7,3.7,4.2,4.2,0.73
3.7,3.7,4.3,4.3,0.718
3.7,3.7,4.4,4.4,0.718
3.7,3.7,4.5,4.5,0.704
3.7,3.7,4.6,4.6,0.716
3.7,3.7,4.7,4.7,0.776
3.7,3.7,4.8,4.8,0.748
3.7,3.7,4.9,4.9,0.758
3.7,3.7,5.0,5.0,0.722
3.7,3.7,5.1,5.1,0.778
3.7,3.7,5.2,5.2,0.752
3.7,3.7,5.3,5.3,0.744
3.7,3.7,5.4,5.4,0.774
3.7,3.7,5.5,5.5,0.766
3.7,3.7,5.6,5.6,0.752
3.7,3.7,5.7,5.7,0.772
3.7,3.7,5.8,5.8,0.804
3.7,3.7,5.9,5.9,0.722
3.7,3.7,6.0,6.0,0.768
3.7,3.7,6.1,6.1,0.812
3.7,3.7,6.2,6.2,0.784
3.7,3.7,6.3,6.3,0.744
3.7,3.7,6.4,6.4,0.774
3.7,3.7,6.5,6.5,0.752
3.7,3.7,6.6,6.6,0.808
3.7,3.7,6.7,6.7,0.772
3.7,3.7,6.8,6.8,0.784
3.7,3.7,6.9,6.9,0.784
3.7,3.7,7.0,7.0,0.736
3.7,3.7,7.1,7.1,0.786
3.7,3.7,7.2,7.2,0.782
3.7,3.7,7.3,7.3,0.764
3.7,3.7,7.4,7.4,0.718
3.7,3.7,7.5,7.5,0.776
3.7,3.7,7.6,7.6,0.78
3.7,3.7,7.7,7.7,0.77
3.7,3.7,7.8,7.8,0.744
3.7,3.7,7.9,7.9,0.754
3.7,3.7,8.0,8.0,0.756
3.7,3.7,8.1,8.1,0.768
3.7,3.7,8.2,8.2,0.728
3.7,3.7,8.3,8.3,0.738
3.7,3.7,8.4,8.4,0.75
3.7,3.7,8.5,8.5,0.718
3.7,3.7,8.6,8.6,0.674
3.7,3.7,8.7,8.7,0.746
3.7,3.7,8.8,8.8,0.726
3.7,3.7,8.9,8.9,0.728
3.7,3.7,9.0,9.0,0.746
3.7,3.7,9.1,9.1,0.68
3.7,3.7,9.2,9.2,0.732
3.7,3.7,9.3,9.3,0.704
3.7,3.7,9.4,9.4,0.674
3.7,3.7,9.5,9.5,0.66
3.7,3.7,9.6,9.6,0.66
3.7,3.7,9.7,9.7,0.66
3.7,3.7,9.8,9.8,0.644
3.7,3.7,9.9,9.9,0.678
3.7,3.7,10.0,10.0,0.64
3.7,3.7,10.1,10.1,0.648
3.7,3.7,10.2,10.2,0.62
3.7,3.7,10.3,10.3,0.584
3.7,3.7,10.4,10.4,0.582
3.7,3.7,10.5,10.5,0.562
3.7,3.7,10.6,10.6,0.576
3.7,3.7,10.7,10.7,0.62
3.7,3.7,10.8,10.8,0.572
3.7,3.7,10.9,10.9,0.546
3.7,3.7,11.0,11.0,0.49
3.7,3.7,11.1,11.1,0.522
3.7,3.7,11.2,11.2,0.464
3.7,3.7,11.3,11.3,0.51
3.7,3.7,11.4,11.4,0.45
3.7,3.7,11.5,11.5,0.498
3.7,3.7,11.6,11.6,0.466
3.7,3.7,11.7,11.7,0.448
3.7,3.7,11.8,11.8,0.45
3.7,3.7,11.9,11.9,0.452
3.7,3.7,12.0,12.0,0.438
3.7,3.7,12.1,12.1,0.43
3.7,3.7,12.2,12.2,0.434
3.7,3.7,12.3,12.3,0.396
3.7,3.7,12.4,12.4,0.448
3.7,3.7,12.5,12.5,0.348
3.7,3.7,12.6,12.6,0.358
3.7,3.7,12.7,12.7,0.364
3.7,3.7,12.8,12.8,0.354
3.7,3.7,12.9,12.9,0.394
3.7,3.7,13.0,13.0,0.306
3.7,3.7,13.1,13.1,0.34
3.7,3.7,13.2,13.2,0.322
3.7,3.7,13.3,13.3,0.298
3.7,3.7,13.4,13.4,0.318
3.7,3.7,13.5,13.5,0.318
3.7,3.7,13.6,13.6,0.296
3.7,3.7,13.7,13.7,0.292
3.7,3.7,13.8,13.8,0.294
3.7,3.7,13.9,13.9,0.31
3.7,3.7,14.0,14.0,0.274
3.7,3.7,14.1,14.1,0.248
3.7,3.7,14.2,14.2,0.27
3.7,3.7,14.3,14.3,0.236
3.7,3.7,14.4,14.4,0.246
3.7,3.7,14.5,14.5,0.26
3.7,3.7,14.6,14.6,0.244
3.7,3.7,14.7,14.7,0.23
3.7,3.7,14.8,14.8,0.258
3.7,3.7,14.9,14.9,0.222
3.7,3.7,15.0,15.0,0.22
3.7,3.7,15.1,15.1,0.252
3.8,3.8,0.1,0.1,0.062
3.8,3.8,0.2,0.2,0.086
3.8,3.8,0.3,0.3,0.112
3.8,3.8,0.4,0.4,0.146
3.8,3.8,0.5,0.5,0.156
3.8,3.8,0.6,0.6,0.186
3.8,3.8,0.7,0.7,0.238
3.8,3.8,0.8,0.8,0.306
3.8,3.8,0.9,0.9,0.242
3.8,3.8,1.0,1.0,0.302
3.8,3.8,1.1,1.1,0.33
3.8,3.8,1.2,1.2,0.322
3.8,3.8,1.3,1.3,0.364
3.8,3.8,1.4,1.4,0.39
3.8,3.8,1.5,1.5,0.38
3.8,3.8,1.6,1.6,0.412
3.8,3.8,1.7,1.7,0.424
3.8,3.8,1.8,1.8,0.478
3.8,3.8,1.9,1.9,0.47
3.8,3.8,2.0,2.0,0.482
3.8,3.8,2.1,2.1,0.504
3.8,3.8,2.2,2.2,0.532
3.8,3.8,2.3,2.3,0.584
3.8,3.8,2.4,2.4,0.524
3.8,3.8,2.5,2.5,0.586
3.8,3.8,2.6,2.6,0.588
3.8,3.8,2.7,2.7,0.57
3.8,3.8,2.8,2.8,0.596
3.8,3.8,2.9,2.9,0.618
3.8,3.8,3.0,3.0,0.602
3.8,3.8,3.1,3.1,0.626
3.8,3.8,3.2,3.2,0.672
3.8,3.8,3.3,3.3,0.634
3.8,3.8,3.4,3.4,0.652
3.8,3.8,3.5,3.5,0.652
3.8,3.8,3.6,3.6,0.66
3.8,3.8,3.7,3.7,0.692
3.8,3.8,3.8,3.8,0.712
3.8,3.8,3.9,3.9,0.682
3.8,3.8,4.0,4.0,0.682
3.8,3.8,4.1,4.1,0.772
3.8,3.8,4.2,4.2,0.714
3.8,3.8,4.3,4.3,0.696
3.8,3.8,4.4,4.4,0.71
3.8,3.8,4.5,4.5,0.694
3.8,3.8,4.6,4.6,0.754
3.8,3.8,4.7,4.7,0.714
3.8,3.8,4.8,4.8,0.738
3.8,3.8,4.9,4.9,0.742
3.8,3.8,5.0,5.0,0.736
3.8,3.8,5.1,5.1,0.778
3.8,3.8,5.2,5.2,0.754
3.8,3.8,5.3,5.3,0.796
3.8,3.8,5.4,5.4,0.752
3.8,3.8,5.5,5.5,0.734
3.8,3.8,5.6,5.6,0.756
3.8,3.8,5.7,5.7,0.724
3.8,3.8,5.8,5.8,0.772
3.8,3.8,5.9,5.9,0.74
3.8,3.8,6.0,6.0,0.774
3.8,3.8,6.1,6.1,0.786
3.8,3.8,6.2,6.2,0.76
3.8,3.8,6.3,6.3,0.784
3.8,3.8,6.4,6.4,0.782
3.8,3.8,6.5,6.5,0.776
3.8,3.8,6.6,6.6,0.768
3.8,3.8,6.7,6.7,0.786
3.8,3.8,6.8,6.8,0.764
3.8,3.8,6.9,6.9,0.746
3.8,3.8,7.0,7.0,0.752
3.8,3.8,7.1,7.1,0.774
3.8,3.8,7.2,7.2,0.794
3.8,3.8,7.3,7.3,0.772
3.8,3.8,7.4,7.4,0.78
3.8,3.8,7.5,7.5,0.758
3.8,3.8,7.6,7.6,0.748
3.8,3.8,7.7,7.7,0.778
3.8,3.8,7.8,7.8,0.758
3.8,3.8,7.9,7.9,0.742
3.8,3.8,8.0,8.0,0.766
3.8,3.8,8.1,8.1,0.774
3.8,3.8,8.2,8.2,0.706
3.8,3.8,8.3,8.3,0.78
3.8,3.8,8.4,8.4,0.772
3.8,3.8,8.5,8.5,0.7
3.8,3.8,8.6,8.6,0.76
3.8,3.8,8.7,8.7,0.728
3.8,3.8,8.8,8.8,0.752
3.8,3.8,8.9,8.9,0.724
3.8,3.8,9.0,9.0,0.706
3.8,3.8,9.1,9.1,0.73
3.8,3.8,9.2,9.2,0.702
3.8,3.8,9.3,9.3,0.684
3.8,3.8,9.4,9.4,0.664
3.8,3.8,9.5,9.5,0.724
3.8,3.8,9.6,9.6,0.71
3.8,3.8,9.7,9.7,0.658
3.8,3.8,9.8,9.8,0.694
3.8,3.8,9.9,9.9,0.67
3.8,3.8,10.0,10.0,0.662
3.8,3.8,10.1,10.1,0.65
3.8,3.8,10.2,10.2,0.65
3.8,3.8,10.3,10.3,0.624
3.8,3.8,10.4,10.4,0.646
3.8,3.8,10.5,10.5,0.604
3.8,3.8,10.6,10.6,0.576
3.8,3.8,10.7,10.7,0.622
3.8,3.8,10.8,10.8,0.606
3.8,3.8,10.9,10.9,0.618
3.8,3.8,11.0,11.0,0.596
3.8,3.8,11.1,11.1,0.528
3.8,3.8,11.2,11.2,0.54
3.8,3.8,11.3,11.3,0.53
3.8,3.8,11.4,11.4,0.52
3.8,3.8,11.5,11.5,0.526
3.8,3.8,11.6,11.6,0.482
3.8,3.8,11.7,11.7,0.456
3.8,3.8,11.8,11.8,0.494
3.8,3.8,11.9,11.9,0.47
3.8,3.8,12.0,12.0,0.454
3.8,3.8,12.1,12.1,0.434
3.8,3.8,12.2,12.2,0.452
3.8,3.8,12.3,12.3,0.426
3.8,3.8,12.4,12.4,0.428
3.8,3.8,12.5,12.5,0.416
3.8,3.8,12.6,12.6,0.448
3.8,3.8,12.7,12.7,0.4
3.8,3.8,12.8,12.8,0.352
3.8,3.8,12.9,12.9,0.35
3.8,3.8,13.0,13.0,0.368
3.8,3.8,13.1,13.1,0.366
3.8,3.8,13.2,13.2,0.384
3.8,3.8,13.3,13.3,0.312
3.8,3.8,13.4,13.4,0.35
3.8,3.8,13.5,13.5,0.3
3.8,3.8,13.6,13.6,0.296
3.8,3.8,13.7,13.7,0.328
3.8,3.8,13.8,13.8,0.294
3.8,3.8,13.9,13.9,0.31
3.8,3.8,14.0,14.0,0.272
3.8,3.8,14.1,14.1,0.3
3.8,3.8,14.2,14.2,0.298
3.8,3.8,14.3,14.3,0.262
3.8,3.8,14.4,14.4,0.282
3.8,3.8,14.5,14.5,0.278
3.8,3.8,14.6,14.6,0.27
3.8,3.8,14.7,14.7,0.256
3.8,3.8,14.8,14.8,0.24
3.8,3.8,14.9,14.9,0.244
3.8,3.8,15.0,15.0,0.278
3.8,3.8,15.1,15.1,0.212
3.9,3.9,0.1,0.1,0.062
3.9,3.9,0.2,0.2,0.088
3.9,3.9,0.3,0.3,0.108
3.9,3.9,0.4,0.4,0.122
3.9,3.9,0.5,0.5,0.162
3.9,3.9,0.6,0.6,0.188
3.9,3.9,0.7,0.7,0.23
3.9,3.9,0.8,0.8,0.236
3.9,3.9,0.9,0.9,0.242
3.9,3.9,1.0,1.0,0.282
3.9,3.9,1.1,1.1,0.316
3.9,3.9,1.2,1.2,0.312
3.9,3.9,1.3,1.3,0.36
3.9,3.9,1.4,1.4,0.354
3.9,3.9,1.5,1.5,0.394
3.9,3.9,1.6,1.6,0.418
3.9,3.9,1.7,1.7,0.458
3.9,3.9,1.8,1.8,0.444
3.9,3.9,1.9,1.9,0.46
3.9,3.9,2.0,2.0,0.508
3.9,3.9,2.1,2.1,0.522
3.9,3.9,2.2,2.2,0.516
3.9,3.9,2.3,2.3,0.522
3.9,3.9,2.4,2.4,0.554
3.9,3.9,2.5,2.5,0.592
3.9,3.9,2.6,2.6,0.588
3.9,3.9,2.7,2.7,0.574
3.9,3.9,2.8,2.8,0.632
3.9,3.9,2.9,2.9,0.61
3.9,3.9,3.0,3.0,0.654
3.9,3.9,3.1,3.1,0.64
3.9,3.9,3.2,3.2,0.64
3.9,3.9,3.3,3.3,0.636
3.9,3.9,3.4,3.4,0.706
3.9,3.9,3.5,3.5,0.668
3.9,3.9,3.6,3.6,0.656
3.9,3.9,3.7,3.7,0.666
3.9,3.9,3.8,3.8,0.676
3.9,3.9,3.9,3.9,0.7
3.9,3.9,4.0,4.0,0.662
3.9,3.9,4.1,4.1,0.678
3.9,3.9,4.2,4.2,0.74
3.9,3.9,4.3,4.3,0.72
3.9,3.9,4.4,4.4,0.702
3.9,3.9,4.5,4.5,0.682
3.9,3.9,4.6,4.6,0.73
3.9,3.9,4.7,4.7,0.696
3.9,3.9,4.8,4.8,0.724
3.9,3.9,4.9,4.9,0.74
3.9,3.9,5.0,5.0,0.69
3.9,3.9,5.1,5.1,0.726
3.9,3.9,5.2,5.2,0.728
3.9,3.9,5.3,5.3,0.752
3.9,3.9,5.4,5.4,0.756
3.9,3.9,5.5,5.5,0.72
3.9,3.9,5.6,5.6,0.766
3.9,3.9,5.7,5.7,0.76
3.9,3.9,5.8,5.8,0.748
3.9,3.9,5.9,5.9,0.734
3.9,3.9,6.0,6.0,0.75
3.9,3.9,6.1,6.1,0.758
3.9,3.9,6.2,6.2,0.798
3.9,3.9,6.3,6.3,0.772
3.9,3.9,6.4,6.4,0.792
3.9,3.9,6.5,6.5,0.77
3.9,3.9,6.6,6.6,0.802
3.9,3.9,6.7,6.7,0.746
3.9,3.9,6.8,6.8,0.788
3.9,3.9,6.9,6.9,0.802
3.9,3.9,7.0,7.0,0.758
3.9,3.9,7.1,7.1,0.754
3.9,3.9,7.2,7.2,0.78
3.9,3.9,7.3,7.3,0.754
3.9,3.9,7.4,7.4,0.752
3.9,3.9,7.5,7.5,0.776
3.9,3.9,7.6,7.6,0.756
3.9,3.9,7.7,7.7,0.786
3.9,3.9,7.8,7.8,0.774
3.9,3.9,7.9,7.9,0.762
3.9,3.9,8.0,8.0,0.736
3.9,3.9,8.1,8.1,0.784
3.9,3.9,8.2,8.2,0.754
3.9,3.9,8.3,8.3,0.732
3.9,3.9,8.4,8.4,0.752
3.9,3.9,8.5,8.5,0.78
3.9,3.9,8.6,8.6,0.74
3.9,3.9,8.7,8.7,0.762
3.9,3.9,8.8,8.8,0.768
3.9,3.9,8.9,8.9,0.7
3.9,3.9,9.0,9.0,0.756
3.9,3.9,9.1,9.1,0.732
3.9,3.9,9.2,9.2,0.71
3.9,3.9,9.3,9.3,0.722
3.9,3.9,9.4,9.4,0.718
3.9,3.9,9.5,9.5,0.714
3.9,3.9,9.6,9.6,0.666
3.9,3.9,9.7,9.7,0.734
3.9,3.9,9.8,9.8,0.708
3.9,3.9,9.9,9.9,0.694
3.9,3.9,10.0,10.0,0.692
3.9,3.9,10.1,10.1,0.698
3.9,3.9,10.2,10.2,0.634
3.9,3.9,10.3,10.3,0.65
3.9,3.9,10.4,10.4,0.656
3.9,3.9,10.5,10.5,0.674
3.9,3.9,10.6,10.6,0.594
3.9,3.9,10.7,10.7,0.64
3.9,3.9,10.8,10.8,0.662
3.9,3.9,10.9,10.9,0.602
3.9,3.9,11.0,11.0,0.586
3.9,3.9,11.1,11.1,0.618
3.9,3.9,11.2,11.2,0.584
3.9,3.9,11.3,11.3,0.568
3.9,3.9,11.4,11.4,0.61
3.9,3.9,11.5,11.5,0.494
3.9,3.9,11.6,11.6,0.524
3.9,3.9,11.7,11.7,0.534
3.9,3.9,11.8,11.8,0.524
3.9,3.9,11.9,11.9,0.506
3.9,3.9,12.0,12.0,0.532
3.9,3.9,12.1,12.1,0.492
3.9,3.9,12.2,12.2,0.494
3.9,3.9,12.3,12.3,0.466
3.9,3.9,12.4,12.4,0.442
3.9,3.9,12.5,12.5,0.426
3.9,3.9,12.6,12.6,0.42
3.9,3.9,12.7,12.7,0.408
3.9,3.9,12.8,12.8,0.388
3.9,3.9,12.9,12.9,0.386
3.9,3.9,13.0,13.0,0.366
3.9,3.9,13.1,13.1,0.394
3.9,3.9,13.2,13.2,0.414
3.9,3.9,13.3,13.3,0.354
3.9,3.9,13.4,13.4,0.362
3.9,3.9,13.5,13.5,0.328
3.9,3.9,13.6,13.6,0.348
3.9,3.9,13.7,13.7,0.32
3.9,3.9,13.8,13.8,0.342
3.9,3.9,13.9,13.9,0.344
3.9,3.9,14.0,14.0,0.304
3.9,3.9,14.1,14.1,0.298
3.9,3.9,14.2,14.2,0.27
3.9,3.9,14.3,14.3,0.272
3.9,3.9,14.4,14.4,0.328
3.9,3.9,14.5,14.5,0.31
3.9,3.9,14.6,14.6,0.284
3.9,3.9,14.7,14.7,0.256
3.9,3.9,14.8,14.8,0.274
3.9,3.9,14.9,14.9,0.294
3.9,3.9,15.0,15.0,0.26
3.9,3.9,15.1,15.1,0.244
4.0,4.0,0.1,0.1,0.054
4.0,4.0,0.2,0.2,0.094
4.0,4.0,0.3,0.3,0.112
4.0,4.0,0.4,0.4,0.152
4.0,4.0,0.5,0.5,0.146
4.0,4.0,0.6,0.6,0.176
4.0,4.0,0.7,0.7,0.202
4.0,4.0,0.8,0.8,0.224
4.0,4.0,0.9,0.9,0.274
4.0,4.0,1.0,1.0,0.294
4.0,4.0,1.1,1.1,0.346
4.0,4.0,1.2,1.2,0.32
4.0,4.0,1.3,1.3,0.38
4.0,4.0,1.4,1.4,0.424
4.0,4.0,1.5,1.5,0.386
4.0,4.0,1.6,1.6,0.4
4.0,4.0,1.7,1.7,0.446
4.0,4.0,1.8,1.8,0.462
4.0,4.0,1.9,1.9,0.458
4.0,4.0,2.0,2.0,0.448
4.0,4.0,2.1,2.1,0.536
4.0,4.0,2.2,2.2,0.534
4.0,4.0,2.3,2.3,0.494
4.0,4.0,2.4,2.4,0.558
4.0,4.0,2.5,2.5,0.57
4.0,4.0,2.6,2.6,0.552
4.0,4.0,2.7,2.7,0.622
4.0,4.0,2.8,2.8,0.588
4.0,4.0,2.9,2.9,0.576
4.0,4.0,3.0,3.0,0.632
4.0,4.0,3.1,3.1,0.598
4.0,4.0,3.2,3.2,0.654
4.0,4.0,3.3,3.3,0.65
4.0,4.0,3.4,3.4,0.616
4.0,4.0,3.5,3.5,0.64
4.0,4.0,3.6,3.6,0.64
4.0,4.0,3.7,3.7,0.658
4.0,4.0,3.8,3.8,0.696
4.0,4.0,3.9,3.9,0.69
4.0,4.0,4.0,4.0,0.696
4.0,4.0,4.1,4.1,0.692
4.0,4.0,4.2,4.2,0.724
4.0,4.0,4.3,4.3,0.716
4.0,4.0,4.4,4.4,0.696
4.0,4.0,4.5,4.5,0.77
4.0,4.0,4.6,4.6,0.7
4.0,4.0,4.7,4.7,0.738
4.0,4.0,4.8,4.8,0.696
4.0,4.0,4.9,4.9,0.71
4.0,4.0,5.0,5.0,0.75
4.0,4.0,5.1,5.1,0.73
4.0,4.0,5.2,5.2,0.766
4.0,4.0,5.3,5.3,0.768
4.0,4.0,5.4,5.4,0.76
4.0,4.0,5.5,5.5,0.742
4.0,4.0,5.6,5.6,0.77
4.0,4.0,5.7,5.7,0.794
4.0,4.0,5.8,5.8,0.762
4.0,4.0,5.9,5.9,0.774
4.0,4.0,6.0,6.0,0.792
4.0,4.0,6.1,6.1,0.778
4.0,4.0,6.2,6.2,0.78
4.0,4.0,6.3,6.3,0.77
4.0,4.0,6.4,6.4,0.782
4.0,4.0,6.5,6.5,0.77
4.0,4.0,6.6,6.6,0.756
4.0,4.0,6.7,6.7,0.742
4.0,4.0,6.8,6.8,0.754
4.0,4.0,6.9,6.9,0.764
4.0,4.0,7.0,7.0,0.782
4.0,4.0,7.1,7.1,0.768
4.0,4.0,7.2,7.2,0.758
4.0,4.0,7.3,7.3,0.772
4.0,4.0,7.4,7.4,0.768
4.0,4.0,7.5,7.5,0.782
4.0,4.0,7.6,7.6,0.77
4.0,4.0,7.7,7.7,0.774
4.0,4.0,7.8,7.8,0.76
4.0,4.0,7.9,7.9,0.736
4.0,4.0,8.0,8.0,0.74
4.0,4.0,8.1,8.1,0.774
4.0,4.0,8.2,8.2,0.722
4.0,4.0,8.3,8.3,0.756
4.0,4.0,8.4,8.4,0.732
4.0,4.0,8.5,8.5,0.75
4.0,4.0,8.6,8.6,0.744
4.0,4.0,8.7,8.7,0.716
4.0,4.0,8.8,8.8,0.752
4.0,4.0,8.9,8.9,0.76
4.0,4.0,9.0,9.0,0.782
4.0,4.0,9.1,9.1,0.742
4.0,4.0,9.2,9.2,0.72
4.0,4.0,9.3,9.3,0.712
4.0,4.0,9.4,9.4,0.76
4.0,4.0,9.5,9.5,0.746
4.0,4.0,9.6,9.6,0.71
4.0,4.0,9.7,9.7,0.686
4.0,4.0,9.8,9.8,0.694
4.0,4.0,9.9,9.9,0.722
4.0,4.0,10.0,10.0,0.688
4.0,4.0,10.1,10.1,0.698
4.0,4.0,10.2,10.2,0.668
4.0,4.0,10.3,10.3,0.678
4.0,4.0,10.4,10.4,0.698
4.0,4.0,10.5,10.5,0.69
4.0,4.0,10.6,10.6,0.67
4.0,4.0,10.7,10.7,0.646
4.0,4.0,10.8,10.8,0.616
4.0,4.0,10.9,10.9,0.626
4.0,4.0,11.0,11.0,0.65
4.0,4.0,11.1,11.1,0.596
4.0,4.0,11.2,11.2,0.622
4.0,4.0,11.3,11.3,0.582
4.0,4.0,11.4,11.4,0.598
4.0,4.0,11.5,11.5,0.58
4.0,4.0,11.6,11.6,0.608
4.0,4.0,11.7,11.7,0.586
4.0,4.0,11.8,11.8,0.546
4.0,4.0,11.9,11.9,0.55
4.0,4.0,12.0,12.0,0.498
4.0,4.0,12.1,12.1,0.52
4.0,4.0,12.2,12.2,0.496
4.0,4.0,12.3,12.3,0.484
4.0,4.0,12.4,12.4,0.512
4.0,4.0,12.5,12.5,0.474
4.0,4.0,12.6,12.6,0.448
4.0,4.0,12.7,12.7,0.458
4.0,4.0,12.8,12.8,0.452
4.0,4.0,12.9,12.9,0.448
4.0,4.0,13.0,13.0,0.398
4.0,4.0,13.1,13.1,0.454
4.0,4.0,13.2,13.2,0.396
4.0,4.0,13.3,13.3,0.404
4.0,4.0,13.4,13.4,0.388
4.0,4.0,13.5,13.5,0.374
4.0,4.0,13.6,13.6,0.384
4.0,4.0,13.7,13.7,0.348
4.0,4.0,13.8,13.8,0.356
4.0,4.0,13.9,13.9,0.364
4.0,4.0,14.0,14.0,0.31
4.0,4.0,14.1,14.1,0.378
4.0,4.0,14.2,14.2,0.288
4.0,4.0,14.3,14.3,0.296
4.0,4.0,14.4,14.4,0.308
4.0,4.0,14.5,14.5,0.314
4.0,4.0,14.6,14.6,0.302
4.0,4.0,14.7,14.7,0.35
4.0,4.0,14.8,14.8,0.33
4.0,4.0,14.9,14.9,0.306
4.0,4.0,15.0,15.0,0.28
4.0,4.0,15.1,15.1,0.268
4.1,4.1,0.1,0.1,0.058
4.1,4.1,0.2,0.2,0.09
4.1,4.1,0.3,0.3,0.104
4.1,4.1,0.4,0.4,0.138
4.1,4.1,0.5,0.5,0.16
4.1,4.1,0.6,0.6,0.196
4.1,4.1,0.7,0.7,0.238
4.1,4.1,0.8,0.8,0.258
4.1,4.1,0.9,0.9,0.264
4.1,4.1,1.0,1.0,0.264
4.1,4.1,1.1,1.1,0.28
4.1,4.1,1.2,1.2,0.322
4.1,4.1,1.3,1.3,0.352
4.1,4.1,1.4,1.4,0.346
4.1,4.1,1.5,1.5,0.398
4.1,4.1,1.6,1.6,0.366
4.1,4.1,1.7,1.7,0.41
4.1,4.1,1.8,1.8,0.444
4.1,4.1,1.9,1.9,0.464
4.1,4.1,2.0,2.0,0.482
4.1,4.1,2.1,2.1,0.476
4.1,4.1,2.2,2.2,0.478
4.1,4.1,2.3,2.3,0.522
4.1,4.1,2.4,2.4,0.544
4.1,4.1,2.5,2.5,0.51
4.1,4.1,2.6,2.6,0.534
4.1,4.1,2.7,2.7,0.546
4.1,4.1,2.8,2.8,0.572
4.1,4.1,2.9,2.9,0.586
4.1,4.1,3.0,3.0,0.594
4.1,4.1,3.1,3.1,0.598
4.1,4.1,3.2,3.2,0.582
4.1,4.1,3.3,3.3,0.644
4.1,4.1,3.4,3.4,0.658
4.1,4.1,3.5,3.5,0.63
4.1,4.1,3.6,3.6,0.638
4.1,4.1,3.7,3.7,0.664
4.1,4.1,3.8,3.8,0.678
4.1,4.1,3.9,3.9,0.672
4.1,4.1,4.0,4.0,0.666
4.1,4.1,4.1,4.1,0.688
4.1,4.1,4.2,4.2,0.66
4.1,4.1,4.3,4.3,0.73
4.1,4.1,4.4,4.4,0.714
4.1,4.1,4.5,4.5,0.72
4.1,4.1,4.6,4.6,0.708
4.1,4.1,4.7,4.7,0.74
4.1,4.1,4.8,4.8,0.72
4.1,4.1,4.9,4.9,0.716
4.1,4.1,5.0,5.0,0.734
4.1,4.1,5.1,5.1,0.746
4.1,4.1,5.2,5.2,0.742
4.1,4.1,5.3,5.3,0.73
4.1,4.1,5.4,5.4,0.75
4.1,4.1,5.5,5.5,0.74
4.1,4.1,5.6,5.6,0.764
4.1,4.1,5.7,5.7,0.76
4.1,4.1,5.8,5.8,0.788
4.1,4.1,5.9,5.9,0.736
4.1,4.1,6.0,6.0,0.752
4.1,4.1,6.1,6.1,0.766
4.1,4.1,6.2,6.2,0.77
4.1,4.1,6.3,6.3,0.758
4.1,4.1,6.4,6.4,0.768
4.1,4.1,6.5,6.5,0.774
4.1,4.1,6.6,6.6,0.746
4.1,4.1,6.7,6.7,0.77
4.1,4.1,6.8,6.8,0.778
4.1,4.1,6.9,6.9,0.736
4.1,4.1,7.0,7.0,0.796
4.1,4.1,7.1,7.1,0.786
4.1,4.1,7.2,7.2,0.802
4.1,4.1,7.3,7.3,0.768
4.1,4.1,7.4,7.4,0.752
4.1,4.1,7.5,7.5,0.772
4.1,4.1,7.6,7.6,0.772
4.1,4.1,7.7,7.7,0.734
4.1,4.1,7.8,7.8,0.774
4.1,4.1,7.9,7.9,0.788
4.1,4.1,8.0,8.0,0.752
4.1,4.1,8.1,8.1,0.768
4.1,4.1,8.2,8.2,0.77
4.1,4.1,8.3,8.3,0.744
4.1,4.1,8.4,8.4,0.768
4.1,4.1,8.5,8.5,0.78
4.1,4.1,8.6,8.6,0.784
4.1,4.1,8.7,8.7,0.736
4.1,4.1,8.8,8.8,0.756
4.1,4.1,8.9,8.9,0.724
4.1,4.1,9.0,9.0,0.764
4.1,4.1,9.1,9.1,0.75
4.1,4.1,9.2,9.2,0.76
4.1,4.1,9.3,9.3,0.73
4.1,4.1,9.4,9.4,0.744
4.1,4.1,9.5,9.5,0.72
4.1,4.1,9.6,9.6,0.718
4.1,4.1,9.7,9.7,0.738
4.1,4.1,9.8,9.8,0.748
4.1,4.1,9.9,9.9,0.756
4.1,4.1,10.0,10.0,0.688
4.1,4.1,10.1,10.1,0.712
4.1,4.1,10.2,10.2,0.72
4.1,4.1,10.3,10.3,0.712
4.1,4.1,10.4,10.4,0.706
4.1,4.1,10.5,10.5,0.684
4.1,4.1,10.6,10.6,0.676
4.1,4.1,10.7,10.7,0.638
4.1,4.1,10.8,10.8,0.654
4.1,4.1,10.9,10.9,0.652
4.1,4.1,11.0,11.0,0.682
4.1,4.1,11.1,11.1,0.64
4.1,4.1,11.2,11.2,0.628
4.1,4.1,11.3,11.3,0.616
4.1,4.1,11.4,11.4,0.614
4.1,4.1,11.5,11.5,0.606
4.1,4.1,11.6,11.6,0.624
4.1,4.1,11.7,11.7,0.556
4.1,4.1,11.8,11.8,0.598
4.1,4.1,11.9,11.9,0.564
4.1,4.1,12.0,12.0,0.54
4.1,4.1,12.1,12.1,0.554
4.1,4.1,12.2,12.2,0.572
4.1,4.1,12.3,12.3,0.51
4.1,4.1,12.4,12.4,0.506
4.1,4.1,12.5,12.5,0.514
4.1,4.1,12.6,12.6,0.492
4.1,4.1,12.7,12.7,0.446
4.1,4.1,12.8,12.8,0.496
4.1,4.1,12.9,12.9,0.476
4.1,4.1,13.0,13.0,0.478
4.1,4.1,13.1,13.1,0.452
4.1,4.1,13.2,13.2,0.448
4.1,4.1,13.3,13.3,0.366
4.1,4.1,13.4,13.4,0.424
4.1,4.1,13.5,13.5,0.378
4.1,4.1,13.6,13.6,0.392
4.1,4.1,13.7,13.7,0.398
4.1,4.1,13.8,13.8,0.362
4.1,4.1,13.9,13.9,0.33
4.1,4.1,14.0,14.0,0.396
4.1,4.1,14.1,14.1,0.38
4.1,4.1,14.2,14.2,0.332
4.1,4.1,14.3,14.3,0.35
4.1,4.1,14.4,14.4,0.378
4.1,4.1,14.5,14.5,0.316
4.1,4.1,14.6,14.6,0.302
4.1,4.1,14.7,14.7,0.32
4.1,4.1,14.8,14.8,0.332
4.1,4.1,14.9,14.9,0.282
4.1,4.1,15.0,15.0,0.322
4.1,4.1,15.1,15.1,0.312
4.2,4.2,0.1,0.1,0.048
4.2,4.2,0.2,0.2,0.074
4.2,4.2,0.3,0.3,0.094
4.2,4.2,0.4,0.4,0.12
4.2,4.2,0.5,0.5,0.138
4.2,4.2,0.6,0.6,0.166
4.2,4.2,0.7,0.7,0.222
4.2,4.2,0.8,0.8,0.258
4.2,4.2,0.9,0.9,0.23
4.2,4.2,1.0,1.0,0.316
4.2,4.2,1.1,1.1,0.304
4.2,4.2,1.2,1.2,0.316
4.2,4.2,1.3,1.3,0.37
4.2,4.2,1.4,1.4,0.32
4.2,4.2,1.5,1.5,0.35
4.2,4.2,1.6,1.6,0.382
4.2,4.2,1.7,1.7,0.408
4.2,4.2,1.8,1.8,0.448
4.2,4.2,1.9,1.9,0.462
4.2,4.2,2.0,2.0,0.434
4.2,4.2,2.1,2.1,0.452
4.2,4.2,2.2,2.2,0.498
4.2,4.2,2.3,2.3,0.496
4.2,4.2,2.4,2.4,0.502
4.2,4.2,2.5,2.5,0.53
4.2,4.2,2.6,2.6,0.548
4.2,4.2,2.7,2.7,0.522
4.2,4.2,2.8,2.8,0.548
4.2,4.2,2.9,2.9,0.56
4.2,4.2,3.0,3.0,0.588
4.2,4.2,3.1,3.1,0.606
4.2,4.2,3.2,3.2,0.594
4.2,4.2,3.3,3.3,0.618
4.2,4.2,3.4,3.4,0.624
4.2,4.2,3.5,3.5,0.614
4.2,4.2,3.6,3.6,0.678
4.2,4.2,3.7,3.7,0.666
4.2,4.2,3.8,3.8,0.704
4.2,4.2,3.9,3.9,0.676
4.2,4.2,4.0,4.0,0.66
4.2,4.2,4.1,4.1,0.658
4.2,4.2,4.2,4.2,0.7
4.2,4.2,4.3,4.3,0.73
4.2,4.2,4.4,4.4,0.71
4.2,4.2,4.5,4.5,0.684
4.2,4.2,4.6,4.6,0.704
4.2,4.2,4.7,4.7,0.696
4.2,4.2,4.8,4.8,0.722
4.2,4.2,4.9,4.9,0.712
4.2,4.2,5.0,5.0,0.726
4.2,4.2,5.1,5.1,0.74
4.2,4.2,5.2,5.2,0.71
4.2,4.2,5.3,5.3,0.74
4.2,4.2,5.4,5.4,0.774
4.2,4.2,5.5,5.5,0.734
4.2,4.2,5.6,5.6,0.722
4.2,4.2,5.7,5.7,0.716
4.2,4.2,5.8,5.8,0.75
4.2,4.2,5.9,5.9,0.778
4.2,4.2,6.0,6.0,0.78
4.2,4.2,6.1,6.1,0.756
4.2,4.2,6.2,6.2,0.762
4.2,4.2,6.3,6.3,0.732
4.2,4.2,6.4,6.4,0.784
4.2,4.2,6.5,6.5,0.786
4.2,4.2,6.6,6.6,0.76
4.2,4.2,6.7,6.7,0.738
4.2,4.2,6.8,6.8,0.764
4.2,4.2,6.9,6.9,0.77
4.2,4.2,7.0,7.0,0.754
4.2,4.2,7.1,7.1,0.77
4.2,4.2,7.2,7.2,0.758
4.2,4.2,7.3,7.3,0.78
4.2,4.2,7.4,7.4,0.744
4.2,4.2,7.5,7.5,0.762
4.2,4.2,7.6,7.6,0.75
4.2,4.2,7.7,7.7,0.782
4.2,4.2,7.8,7.8,0.782
4.2,4.2,7.9,7.9,0.77
4.2,4.2,8.0,8.0,0.768
4.2,4.2,8.1,8.1,0.742
4.2,4.2,8.2,8.2,0.754
4.2,4.2,8.3,8.3,0.77
4.2,4.2,8.4,8.4,0.782
4.2,4.2,8.5,8.5,0.768
4.2,4.2,8.6,8.6,0.752
4.2,4.2,8.7,8.7,0.742
4.2,4.2,8.8,8.8,0.774
4.2,4.2,8.9,8.9,0.762
4.2,4.2,9.0,9.0,0.742
4.2,4.2,9.1,9.1,0.738
4.2,4.2,9.2,9.2,0.77
4.2,4.2,9.3,9.3,0.732
4.2,4.2,9.4,9.4,0.744
4.2,4.2,9.5,9.5,0.726
4.2,4.2,9.6,9.6,0.764
4.2,4.2,9.7,9.7,0.738
4.2,4.2,9.8,9.8,0.718
4.2,4.2,9.9,9.9,0.744
4.2,4.2,10.0,10.0,0.728
4.2,4.2,10.1,10.1,0.682
4.2,4.2,10.2,10.2,0.72
4.2,4.2,10.3,10.3,0.674
4.2,4.2,10.4,10.4,0.726
4.2,4.2,10.5,10.5,0.722
4.2,4.2,10.6,10.6,0.696
4.2,4.2,10.7,10.7,0.654
4.2,4.2,10.8,10.8,0.662
4.2,4.2,10.9,10.9,0.658
4.2,4.2,11.0,11.0,0.676
4.2,4.2,11.1,11.1,0.674
4.2,4.2,11.2,11.2,0.65
4.2,4.2,11.3,11.3,0.652
4.2,4.2,11.4,11.4,0.602
4.2,4.2,11.5,11.5,0.632
4.2,4.2,11.6,11.6,0.6
4.2,4.2,11.7,11.7,0.62
4.2,4.2,11.8,11.8,0.588
4.2,4.2,11.9,11.9,0.608
4.2,4.2,12.0,12.0,0.568
4.2,4.2,12.1,12.1,0.598
4.2,4.2,12.2,12.2,0.608
4.2,4.2,12.3,12.3,0.562
4.2,4.2,12.4,12.4,0.56
4.2,4.2,12.5,12.5,0.52
4.2,4.2,12.6,12.6,0.536
4.2,4.2,12.7,12.7,0.482
4.2,4.2,12.8,12.8,0.516
4.2,4.2,12.9,12.9,0.494
4.2,4.2,13.0,13.0,0.532
4.2,4.2,13.1,13.1,0.474
4.2,4.2,13.2,13.2,0.472
4.2,4.2,13.3,13.3,0.498
4.2,4.2,13.4,13.4,0.454
4.2,4.2,13.5,13.5,0.468
4.2,4.2,13.6,13.6,0.416
4.2,4.2,13.7,13.7,0.46
4.2,4.2,13.8,13.8,0.406
4.2,4.2,13.9,13.9,0.41
4.2,4.2,14.0,14.0,0.402
4.2,4.2,14.1,14.1,0.378
4.2,4.2,14.2,14.2,0.382
4.2,4.2,14.3,14.3,0.388
4.2,4.2,14.4,14.4,0.382
4.2,4.2,14.5,14.5,0.374
4.2,4.2,14.6,14.6,0.35
4.2,4.2,14.7,14.7,0.354
4.2,4.2,14.8,14.8,0.372
4.2,4.2,14.9,14.9,0.316
4.2,4.2,15.0,15.0,0.332
4.2,4.2,15.1,15.1,0.314
4.3,4.3,0.1,0.1,0.04
4.3,4.3,0.2,0.2,0.07
4.3,4.3,0.3,0.3,0.13
4.3,4.3,0.4,0.4,0.116
4.3,4.3,0.5,0.5,0.12
4.3,4.3,0.6,0.6,0.212
4.3,4.3,0.7,0.7,0.204
4.3,4.3,0.8,0.8,0.252
4.3,4.3,0.9,0.9,0.238
4.3,4.3,1.0,1.0,0.276
4.3,4.3,1.1,1.1,0.314
4.3,4.3,1.2,1.2,0.32
4.3,4.3,1.3,1.3,0.332
4.3,4.3,1.4,1.4,0.374
4.3,4.3,1.5,1.5,0.348
4.3,4.3,1.6,1.6,0.368
4.3,4.3,1.7,1.7,0.394
4.3,4.3,1.8,1.8,0.448
4.3,4.3,1.9,1.9,0.466
4.3,4.3,2.0,2.0,0.472
4.3,4.3,2.1,2.1,0.486
4.3,4.3,2.2,2.2,0.53
4.3,4.3,2.3,2.3,0.52
4.3,4.3,2.4,2.4,0.516
4.3,4.3,2.5,2.5,0.564
4.3,4.3,2.6,2.6,0.58
4.3,4.3,2.7,2.7,0.548
4.3,4.3,2.8,2.8,0.536
4.3,4.3,2.9,2.9,0.524
4.3,4.3,3.0,3.0,0.572
4.3,4.3,3.1,3.1,0.612
4.3,4.3,3.2,3.2,0.582
4.3,4.3,3.3,3.3,0.62
4.3,4.3,3.4,3.4,0.604
4.3,4.3,3.5,3.5,0.638
4.3,4.3,3.6,3.6,0.652
4.3,4.3,3.7,3.7,0.604
4.3,4.3,3.8,3.8,0.66
4.3,4.3,3.9,3.9,0.62
4.3,4.3,4.0,4.0,0.68
4.3,4.3,4.1,4.1,0.684
4.3,4.3,4.2,4.2,0.656
4.3,4.3,4.3,4.3,0.698
4.3,4.3,4.4,4.4,0.668
4.3,4.3,4.5,4.5,0.694
4.3,4.3,4.6,4.6,0.694
4.3,4.3,4.7,4.7,0.716
4.3,4.3,4.8,4.8,0.714
4.3,4.3,4.9,4.9,0.71
4.3,4.3,5.0,5.0,0.716
4.3,4.3,5.1,5.1,0.706
4.3,4.3,5.2,5.2,0.734
4.3,4.3,5.3,5.3,0.728
4.3,4.3,5.4,5.4,0.728
4.3,4.3,5.5,5.5,0.764
4.3,4.3,5.6,5.6,0.718
4.3,4.3,5.7,5.7,0.766
4.3,4.3,5.8,5.8,0.76
4.3,4.3,5.9,5.9,0.752
4.3,4.3,6.0,6.0,0.77
4.3,4.3,6.1,6.1,0.782
4.3,4.3,6.2,6.2,0.742
4.3,4.3,6.3,6.3,0.788
4.3,4.3,6.4,6.4,0.738
4.3,4.3,6.5,6.5,0.794
4.3,4.3,6.6,6.6,0.756
4.3,4.3,6.7,6.7,0.768
4.3,4.3,6.8,6.8,0.758
4.3,4.3,6.9,6.9,0.748
4.3,4.3,7.0,7.0,0.75
4.3,4.3,7.1,7.1,0.766
4.3,4.3,7.2,7.2,0.778
4.3,4.3,7.3,7.3,0.762
4.3,4.3,7.4,7.4,0.77
4.3,4.3,7.5,7.5,0.748
4.3,4.3,7.6,7.6,0.744
4.3,4.3,7.7,7.7,0.764
4.3,4.3,7.8,7.8,0.766
4.3,4.3,7.9,7.9,0.758
4.3,4.3,8.0,8.0,0.748
4.3,4.3,8.1,8.1,0.81
4.3,4.3,8.2,8.2,0.748
4.3,4.3,8.3,8.3,0.798
4.3,4.3,8.4,8.4,0.754
4.3,4.3,8.5,8.5,0.754
4.3,4.3,8.6,8.6,0.784
4.3,4.3,8.7,8.7,0.77
4.3,4.3,8.8,8.8,0.78
4.3,4.3,8.9,8.9,0.754
4.3,4.3,9.0,9.0,0.772
4.3,4.3,9.1,9.1,0.748
4.3,4.3,9.2,9.2,0.768
4.3,4.3,9.3,9.3,0.78
4.3,4.3,9.4,9.4,0.73
4.3,4.3,9.5,9.5,0.746
4.3,4.3,9.6,9.6,0.756
4.3,4.3,9.7,9.7,0.724
4.3,4.3,9.8,9.8,0.714
4.3,4.3,9.9,9.9,0.72
4.3,4.3,10.0,10.0,0.744
4.3,4.3,10.1,10.1,0.718
4.3,4.3,10.2,10.2,0.714
4.3,4.3,10.3,10.3,0.718
4.3,4.3,10.4,10.4,0.696
4.3,4.3,10.5,10.5,0.68
4.3,4.3,10.6,10.6,0.7
4.3,4.3,10.7,10.7,0.702
4.3,4.3,10.8,10.8,0.704
4.3,4.3,10.9,10.9,0.672
4.3,4.3,11.0,11.0,0.652
4.3,4.3,11.1,11.1,0.662
4.3,4.3,11.2,11.2,0.672
4.3,4.3,11.3,11.3,0.71
4.3,4.3,11.4,11.4,0.612
4.3,4.3,11.5,11.5,0.638
4.3,4.3,11.6,11.6,0.65
4.3,4.3,11.7,11.7,0.62
4.3,4.3,11.8,11.8,0.626
4.3,4.3,11.9,11.9,0.588
4.3,4.3,12.0,12.0,0.576
4.3,4.3,12.1,12.1,0.624
4.3,4.3,12.2,12.2,0.554
4.3,4.3,12.3,12.3,0.584
4.3,4.3,12.4,12.4,0.566
4.3,4.3,12.5,12.5,0.602
4.3,4.3,12.6,12.6,0.556
4.3,4.3,12.7,12.7,0.534
4.3,4.3,12.8,12.8,0.548
4.3,4.3,12.9,12.9,0.542
4.3,4.3,13.0,13.0,0.466
4.3,4.3,13.1,13.1,0.482
4.3,4.3,13.2,13.2,0.48
4.3,4.3,13.3,13.3,0.484
4.3,4.3,13.4,13.4,0.484
4.3,4.3,13.5,13.5,0.472
4.3,4.3,13.6,13.6,0.484
4.3,4.3,13.7,13.7,0.478
4.3,4.3,13.8,13.8,0.438
4.3,4.3,13.9,13.9,0.47
4.3,4.3,14.0,14.0,0.412
4.3,4.3,14.1,14.1,0.452
4.3,4.3,14.2,14.2,0.388
4.3,4.3,14.3,14.3,0.368
4.3,4.3,14.4,14.4,0.384
4.3,4.3,14.5,14.5,0.358
4.3,4.3,14.6,14.6,0.39
4.3,4.3,14.7,14.7,0.38
4.3,4.3,14.8,14.8,0.376
4.3,4.3,14.9,14.9,0.364
4.3,4.3,15.0,15.0,0.342
4.3,4.3,15.1,15.1,0.288
4.4,4.4,0.1,0.1,0.046
4.4,4.4,0.2,0.2,0.086
4.4,4.4,0.3,0.3,0.114
4.4,4.4,0.4,0.4,0.1
4.4,4.4,0.5,0.5,0.142
4.4,4.4,0.6,0.6,0.168
4.4,4.4,0.7,0.7,0.188
4.4,4.4,0.8,0.8,0.218
4.4,4.4,0.9,0.9,0.208
4.4,4.4,1.0,1.0,0.276
4.4,4.4,1.1,1.1,0.29
4.4,4.4,1.2,1.2,0.32
4.4,4.4,1.3,1.3,0.336
4.4,4.4,1.4,1.4,0.324
4.4,4.4,1.5,1.5,0.384
4.4,4.4,1.6,1.6,0.378
4.4,4.4,1.7,1.7,0.404
4.4,4.4,1.8,1.8,0.468
4.4,4.4,1.9,1.9,0.468
4.4,4.4,2.0,2.0,0.46
4.4,4.4,2.1,2.1,0.456
4.4,4.4,2.2,2.2,0.474
4.4,4.4,2.3,2.3,0.512
4.4,4.4,2.4,2.4,0.5
4.4,4.4,2.5,2.5,0.534
4.4,4.4,2.6,2.6,0.538
4.4,4.4,2.7,2.7,0.564
4.4,4.4,2.8,2.8,0.538
4.4,4.4,2.9,2.9,0.574
4.4,4.4,3.0,3.0,0.554
4.4,4.4,3.1,3.1,0.566
4.4,4.4,3.2,3.2,0.636
4.4,4.4,3.3,3.3,0.582
4.4,4.4,3.4,3.4,0.638
4.4,4.4,3.5,3.5,0.624
4.4,4.4,3.6,3.6,0.624
4.4,4.4,3.7,3.7,0.63
4.4,4.4,3.8,3.8,0.612
4.4,4.4,3.9,3.9,0.658
4.4,4.4,4.0,4.0,0.656
4.4,4.4,4.1,4.1,0.664
4.4,4.4,4.2,4.2,0.67
4.4,4.4,4.3,4.3,0.696
4.4,4.4,4.4,4.4,0.692
4.4,4.4,4.5,4.5,0.696
4.4,4.4,4.6,4.6,0.714
4.4,4.4,4.7,4.7,0.712
4.4,4.4,4.8,4.8,0.704
4.4,4.4,4.9,4.9,0.704
4.4,4.4,5.0,5.0,0.702
4.4,4.4,5.1,5.1,0.698
4.4,4.4,5.2,5.2,0.712
4.4,4.4,5.3,5.3,0.734
4.4,4.4,5.4,5.4,0.73
4.4,4.4,5.5,5.5,0.73
4.4,4.4,5.6,5.6,0.746
4.4,4.4,5.7,5.7,0.746
4.4,4.4,5.8,5.8,0.734
4.4,4.4,5.9,5.9,0.76
4.4,4.4,6.0,6.0,0.774
4.4,4.4,6.1,6.1,0.764
4.4,4.4,6.2,6.2,0.75
4.4,4.4,6.3,6.3,0.8
4.4,4.4,6.4,6.4,0.782
4.4,4.4,6.5,6.5,0.756
4.4,4.4,6.6,6.6,0.766
4.4,4.4,6.7,6.7,0.806
4.4,4.4,6.8,6.8,0.75
4.4,4.4,6.9,6.9,0.76
4.4,4.4,7.0,7.0,0.782
4.4,4.4,7.1,7.1,0.76
4.4,4.4,7.2,7.2,0.814
4.4,4.4,7.3,7.3,0.76
4.4,4.4,7.4,7.4,0.796
4.4,4.4,7.5,7.5,0.786
4.4,4.4,7.6,7.6,0.74
4.4,4.4,7.7,7.7,0.756
4.4,4.4,7.8,7.8,0.806
4.4,4.4,7.9,7.9,0.766
4.4,4.4,8.0,8.0,0.75
4.4,4.4,8.1,8.1,0.774
4.4,4.4,8.2,8.2,0.818
4.4,4.4,8.3,8.3,0.712
4.4,4.4,8.4,8.4,0.764
4.4,4.4,8.5,8.5,0.734
4.4,4.4,8.6,8.6,0.764
4.4,4.4,8.7,8.7,0.768
4.4,4.4,8.8,8.8,0.768
4.4,4.4,8.9,8.9,0.754
4.4,4.4,9.0,9.0,0.748
4.4,4.4,9.1,9.1,0.776
4.4,4.4,9.2,9.2,0.748
4.4,4.4,9.3,9.3,0.758
4.4,4.4,9.4,9.4,0.762
4.4,4.4,9.5,9.5,0.724
4.4,4.4,9.6,9.6,0.758
4.4,4.4,9.7,9.7,0.75
4.4,4.4,9.8,9.8,0.728
4.4,4.4,9.9,9.9,0.708
4.4,4.4,10.0,10.0,0.72
4.4,4.4,10.1,10.1,0.732
4.4,4.4,10.2,10.2,0.712
4.4,4.4,10.3,10.3,0.694
4.4,4.4,10.4,10.4,0.738
4.4,4.4,10.5,10.5,0.748
4.4,4.4,10.6,10.6,0.69
4.4,4.4,10.7,10.7,0.718
4.4,4.4,10.8,10.8,0.704
4.4,4.4,10.9,10.9,0.708
4.4,4.4,11.0,11.0,0.736
4.4,4.4,11.1,11.1,0.694
4.4,4.4,11.2,11.2,0.678
4.4,4.4,11.3,11.3,0.716
4.4,4.4,11.4,11.4,0.67
4.4,4.4,11.5,11.5,0.656
4.4,4.4,11.6,11.6,0.68
4.4,4.4,11.7,11.7,0.688
4.4,4.4,11.8,11.8,0.614
4.4,4.4,11.9,11.9,0.618
4.4,4.4,12.0,12.0,0.658
4.4,4.4,12.1,12.1,0.624
4.4,4.4,12.2,12.2,0.698
4.4,4.4,12.3,12.3,0.596
4.4,4.4,12.4,12.4,0.572
4.4,4.4,12.5,12.5,0.606
4.4,4.4,12.6,12.6,0.58
4.4,4.4,12.7,12.7,0.568
4.4,4.4,12.8,12.8,0.572
4.4,4.4,12.9,12.9,0.572
4.4,4.4,13.0,13.0,0.454
4.4,4.4,13.1,13.1,0.548
4.4,4.4,13.2,13.2,0.534
4.4,4.4,13.3,13.3,0.564
4.4,4.4,13.4,13.4,0.538
4.4,4.4,13.5,13.5,0.524
4.4,4.4,13.6,13.6,0.51
4.4,4.4,13.7,13.7,0.46
4.4,4.4,13.8,13.8,0.462
4.4,4.4,13.9,13.9,0.418
4.4,4.4,14.0,14.0,0.474
4.4,4.4,14.1,14.1,0.464
4.4,4.4,14.2,14.2,0.396
4.4,4.4,14.3,14.3,0.428
4.4,4.4,14.4,14.4,0.392
4.4,4.4,14.5,14.5,0.402
4.4,4.4,14.6,14.6,0.394
4.4,4.4,14.7,14.7,0.378
4.4,4.4,14.8,14.8,0.406
4.4,4.4,14.9,14.9,0.41
4.4,4.4,15.0,15.0,0.362
4.4,4.4,15.1,15.1,0.356
4.5,4.5,0.1,0.1,0.048
4.5,4.5,0.2,0.2,0.052
4.5,4.5,0.3,0.3,0.102
4.5,4.5,0.4,0.4,0.138
4.5,4.5,0.5,0.5,0.154
4.5,4.5,0.6,0.6,0.14
4.5,4.5,0.7,0.7,0.184
4.5,4.5,0.8,0.8,0.204
4.5,4.5,0.9,0.9,0.246
4.5,4.5,1.0,1.0,0.292
4.5,4.5,1.1,1.1,0.274
4.5,4.5,1.2,1.2,0.282
4.5,4.5,1.3,1.3,0.282
4.5,4.5,1.4,1.4,0.342
4.5,4.5,1.5,1.5,0.334
4.5,4.5,1.6,1.6,0.384
4.5,4.5,1.7,1.7,0.414
4.5,4.5,1.8,1.8,0.444
4.5,4.5,1.9,1.9,0.396
4.5,4.5,2.0,2.0,0.414
4.5,4.5,2.1,2.1,0.438
4.5,4.5,2.2,2.2,0.476
4.5,4.5,2.3,2.3,0.466
4.5,4.5,2.4,2.4,0.466
4.5,4.5,2.5,2.5,0.5
4.5,4.5,2.6,2.6,0.526
4.5,4.5,2.7,2.7,0.568
4.5,4.5,2.8,2.8,0.546
4.5,4.5,2.9,2.9,0.572
4.5,4.5,3.0,3.0,0.536
4.5,4.5,3.1,3.1,0.594
4.5,4.5,3.2,3.2,0.58
4.5,4.5,3.3,3.3,0.586
4.5,4.5,3.4,3.4,0.6
4.5,4.5,3.5,3.5,0.626
4.5,4.5,3.6,3.6,0.566
4.5,4.5,3.7,3.7,0.642
4.5,4.5,3.8,3.8,0.622
4.5,4.5,3.9,3.9,0.638
4.5,4.5,4.0,4.0,0.666
4.5,4.5,4.1,4.1,0.672
4.5,4.5,4.2,4.2,0.65
4.5,4.5,4.3,4.3,0.676
4.5,4.5,4.4,4.4,0.658
4.5,4.5,4.5,4.5,0.708
4.5,4.5,4.6,4.6,0.726
4.5,4.5,4.7,4.7,0.704
4.5,4.5,4.8,4.8,0.736
4.5,4.5,4.9,4.9,0.704
4.5,4.5,5.0,5.0,0.708
4.5,4.5,5.1,5.1,0.68
4.5,4.5,5.2,5.2,0.728
4.5,4.5,5.3,5.3,0.696
4.5,4.5,5.4,5.4,0.724
4.5,4.5,5.5,5.5,0.724
4.5,4.5,5.6,5.6,0.73
4.5,4.5,5.7,5.7,0.776
4.5,4.5,5.8,5.8,0.764
4.5,4.5,5.9,5.9,0.77
4.5,4.5,6.0,6.0,0.716
4.5,4.5,6.1,6.1,0.74
4.5,4.5,6.2,6.2,0.718
4.5,4.5,6.3,6.3,0.802
4.5,4.5,6.4,6.4,0.744
4.5,4.5,6.5,6.5,0.744
4.5,4.5,6.6,6.6,0.768
4.5,4.5,6.7,6.7,0.728
4.5,4.5,6.8,6.8,0.752
4.5,4.5,6.9,6.9,0.75
4.5,4.5,7.0,7.0,0.778
4.5,4.5,7.1,7.1,0.762
4.5,4.5,7.2,7.2,0.762
4.5,4.5,7.3,7.3,0.736
4.5,4.5,7.4,7.4,0.762
4.5,4.5,7.5,7.5,0.768
4.5,4.5,7.6,7.6,0.768
4.5,4.5,7.7,7.7,0.772
4.5,4.5,7.8,7.8,0.78
4.5,4.5,7.9,7.9,0.746
4.5,4.5,8.0,8.0,0.758
4.5,4.5,8.1,8.1,0.764
4.5,4.5,8.2,8.2,0.792
4.5,4.5,8.3,8.3,0.78
4.5,4.5,8.4,8.4,0.792
4.5,4.5,8.5,8.5,0.768
4.5,4.5,8.6,8.6,0.762
4.5,4.5,8.7,8.7,0.732
4.5,4.5,8.8,8.8,0.81
4.5,4.5,8.9,8.9,0.766
4.5,4.5,9.0,9.0,0.762
4.5,4.5,9.1,9.1,0.758
4.5,4.5,9.2,9.2,0.736
4.5,4.5,9.3,9.3,0.736
4.5,4.5,9.4,9.4,0.724
4.5,4.5,9.5,9.5,0.754
4.5,4.5,9.6,9.6,0.764
4.5,4.5,9.7,9.7,0.76
4.5,4.5,9.8,9.8,0.698
4.5,4.5,9.9,9.9,0.744
4.5,4.5,10.0,10.0,0.756
4.5,4.5,10.1,10.1,0.73
4.5,4.5,10.2,10.2,0.724
4.5,4.5,10.3,10.3,0.724
4.5,4.5,10.4,10.4,0.714
4.5,4.5,10.5,10.5,0.73
4.5,4.5,10.6,10.6,0.702
4.5,4.5,10.7,10.7,0.724
4.5,4.5,10.8,10.8,0.698
4.5,4.5,10.9,10.9,0.708
4.5,4.5,11.0,11.0,0.688
4.5,4.5,11.1,11.1,0.692
4.5,4.5,11.2,11.2,0.696
4.5,4.5,11.3,11.3,0.68
4.5,4.5,11.4,11.4,0.704
4.5,4.5,11.5,11.5,0.664
4.5,4.5,11.6,11.6,0.65
4.5,4.5,11.7,11.7,0.66
4.5,4.5,11.8,11.8,0.706
4.5,4.5,11.9,11.9,0.632
4.5,4.5,12.0,12.0,0.698
4.5,4.5,12.1,12.1,0.658
4.5,4.5,12.2,12.2,0.668
4.5,4.5,12.3,12.3,0.642
4.5,4.5,12.4,12.4,0.61
4.5,4.5,12.5,12.5,0.632
4.5,4.5,12.6,12.6,0.646
4.5,4.5,12.7,12.7,0.616
4.5,4.5,12.8,12.8,0.608
4.5,4.5,12.9,12.9,0.572
4.5,4.5,13.0,13.0,0.602
4.5,4.5,13.1,13.1,0.578
4.5,4.5,13.2,13.2,0.568
4.5,4.5,13.3,13.3,0.562
4.5,4.5,13.4,13.4,0.538
4.5,4.5,13.5,13.5,0.538
4.5,4.5,13.6,13.6,0.548
4.5,4.5,13.7,13.7,0.504
4.5,4.5,13.8,13.8,0.49
4.5,4.5,13.9,13.9,0.464
4.5,4.5,14.0,14.0,0.468
4.5,4.5,14.1,14.1,0.486
4.5,4.5,14.2,14.2,0.476
4.5,4.5,14.3,14.3,0.468
4.5,4.5,14.4,14.4,0.496
4.5,4.5,14.5,14.5,0.426
4.5,4.5,14.6,14.6,0.446
4.5,4.5,14.7,14.7,0.45
4.5,4.5,14.8,14.8,0.414
4.5,4.5,14.9,14.9,0.422
4.5,4.5,15.0,15.0,0.396
4.5,4.5,15.1,15.1,0.398
4.6,4.6,0.1,0.1,0.032
4.6,4.6,0.2,0.2,0.064
4.6,4.6,0.3,0.3,0.114
4.6,4.6,0.4,0.4,0.106
4.6,4.6,0.5,0.5,0.154
4.6,4.6,0.6,0.6,0.16
4.6,4.6,0.7,0.7,0.188
4.6,4.6,0.8,0.8,0.224
4.6,4.6,0.9,0.9,0.204
4.6,4.6,1.0,1.0,0.258
4.6,4.6,1.1,1.1,0.272
4.6,4.6,1.2,1.2,0.294
4.6,4.6,1.3,1.3,0.27
4.6,4.6,1.4,1.4,0.314
4.6,4.6,1.5,1.5,0.338
4.6,4.6,1.6,1.6,0.362
4.6,4.6,1.7,1.7,0.37
4.6,4.6,1.8,1.8,0.42
4.6,4.6,1.9,1.9,0.418
4.6,4.6,2.0,2.0,0.42
4.6,4.6,2.1,2.1,0.464
4.6,4.6,2.2,2.2,0.47
4.6,4.6,2.3,2.3,0.456
4.6,4.6,2.4,2.4,0.486
4.6,4.6,2.5,2.5,0.498
4.6,4.6,2.6,2.6,0.522
4.6,4.6,2.7,2.7,0.538
4.6,4.6,2.8,2.8,0.562
4.6,4.6,2.9,2.9,0.54
4.6,4.6,3.0,3.0,0.56
4.6,4.6,3.1,3.1,0.586
4.6,4.6,3.2,3.2,0.586
4.6,4.6,3.3,3.3,0.58
4.6,4.6,3.4,3.4,0.624
4.6,4.6,3.5,3.5,0.606
4.6,4.6,3.6,3.6,0.602
4.6,4.6,3.7,3.7,0.65
4.6,4.6,3.8,3.8,0.648
4.6,4.6,3.9,3.9,0.66
4.6,4.6,4.0,4.0,0.658
4.6,4.6,4.1,4.1,0.666
4.6,4.6,4.2,4.2,0.654
4.6,4.6,4.3,4.3,0.696
4.6,4.6,4.4,4.4,0.684
4.6,4.6,4.5,4.5,0.66
4.6,4.6,4.6,4.6,0.674
4.6,4.6,4.7,4.7,0.686
4.6,4.6,4.8,4.8,0.71
4.6,4.6,4.9,4.9,0.676
4.6,4.6,5.0,5.0,0.676
4.6,4.6,5.1,5.1,0.69
4.6,4.6,5.2,5.2,0.728
4.6,4.6,5.3,5.3,0.696
4.6,4.6,5.4,5.4,0.722
4.6,4.6,5.5,5.5,0.734
4.6,4.6,5.6,5.6,0.726
4.6,4.6,5.7,5.7,0.736
4.6,4.6,5.8,5.8,0.734
4.6,4.6,5.9,5.9,0.77
4.6,4.6,6.0,6.0,0.774
4.6,4.6,6.1,6.1,0.746
4.6,4.6,6.2,6.2,0.73
4.6,4.6,6.3,6.3,0.77
4.6,4.6,6.4,6.4,0.722
4.6,4.6,6.5,6.5,0.73
4.6,4.6,6.6,6.6,0.73
4.6,4.6,6.7,6.7,0.77
4.6,4.6,6.8,6.8,0.754
4.6,4.6,6.9,6.9,0.788
4.6,4.6,7.0,7.0,0.768
4.6,4.6,7.1,7.1,0.772
4.6,4.6,7.2,7.2,0.768
4.6,4.6,7.3,7.3,0.78
4.6,4.6,7.4,7.4,0.746
4.6,4.6,7.5,7.5,0.756
4.6,4.6,7.6,7.6,0.758
4.6,4.6,7.7,7.7,0.774
4.6,4.6,7.8,7.8,0.784
4.6,4.6,7.9,7.9,0.754
4.6,4.6,8.0,8.0,0.816
4.6,4.6,8.1,8.1,0.774
4.6,4.6,8.2,8.2,0.756
4.6,4.6,8.3,8.3,0.746
4.6,4.6,8.4,8.4,0.754
4.6,4.6,8.5,8.5,0.764
4.6,4.6,8.6,8.6,0.736
4.6,4.6,8.7,8.7,0.768
4.6,4.6,8.8,8.8,0.778
4.6,4.6,8.9,8.9,0.78
4.6,4.6,9.0,9.0,0.796
4.6,4.6,9.1,9.1,0.794
4.6,4.6,9.2,9.2,0.728
4.6,4.6,9.3,9.3,0.736
4.6,4.6,9.4,9.4,0.76
4.6,4.6,9.5,9.5,0.746
4.6,4.6,9.6,9.6,0.746
4.6,4.6,9.7,9.7,0.746
4.6,4.6,9.8,9.8,0.794
4.6,4.6,9.9,9.9,0.762
4.6,4.6,10.0,10.0,0.706
4.6,4.6,10.1,10.1,0.76
4.6,4.6,10.2,10.2,0.716
4.6,4.6,10.3,10.3,0.74
4.6,4.6,10.4,10.4,0.722
4.6,4.6,10.5,10.5,0.728
4.6,4.6,10.6,10.6,0.72
4.6,4.6,10.7,10.7,0.716
4.6,4.6,10.8,10.8,0.686
4.6,4.6,10.9,10.9,0.69
4.6,4.6,11.0,11.0,0.688
4.6,4.6,11.1,11.1,0.69
4.6,4.6,11.2,11.2,0.72
4.6,4.6,11.3,11.3,0.708
4.6,4.6,11.4,11.4,0.7
4.6,4.6,11.5,11.5,0.67
4.6,4.6,11.6,11.6,0.692
4.6,4.6,11.7,11.7,0.682
4.6,4.6,11.8,11.8,0.7
4.6,4.6,11.9,11.9,0.642
4.6,4.6,12.0,12.0,0.65
4.6,4.6,12.1,12.1,0.64
4.6,4.6,12.2,12.2,0.646
4.6,4.6,12.3,12.3,0.634
4.6,4.6,12.4,12.4,0.628
4.6,4.6,12.5,12.5,0.634
4.6,4.6,12.6,12.6,0.638
4.6,4.6,12.7,12.7,0.632
4.6,4.6,12.8,12.8,0.628
4.6,4.6,12.9,12.9,0.626
4.6,4.6,13.0,13.0,0.638
4.6,4.6,13.1,13.1,0.57
4.6,4.6,13.2,13.2,0.564
4.6,4.6,13.3,13.3,0.606
4.6,4.6,13.4,13.4,0.594
4.6,4.6,13.5,13.5,0.552
4.6,4.6,13.6,13.6,0.558
4.6,4.6,13.7,13.7,0.546
4.6,4.6,13.8,13.8,0.526
4.6,4.6,13.9,13.9,0.498
4.6,4.6,14.0,14.0,0.532
4.6,4.6,14.1,14.1,0.522
4.6,4.6,14.2,14.2,0.5
4.6,4.6,14.3,14.3,0.49
4.6,4.6,14.4,14.4,0.492
4.6,4.6,14.5,14.5,0.474
4.6,4.6,14.6,14.6,0.488
4.6,4.6,14.7,14.7,0.464
4.6,4.6,14.8,14.8,0.444
4.6,4.6,14.9,14.9,0.42
4.6,4.6,15.0,15.0,0.444
4.6,4.6,15.1,15.1,0.378
4.7,4.7,0.1,0.1,0.052
4.7,4.7,0.2,0.2,0.066
4.7,4.7,0.3,0.3,0.096
4.7,4.7,0.4,0.4,0.12
4.7,4.7,0.5,0.5,0.136
4.7,4.7,0.6,0.6,0.158
4.7,4.7,0.7,0.7,0.184
4.7,4.7,0.8,0.8,0.21
4.7,4.7,0.9,0.9,0.228
4.7,4.7,1.0,1.0,0.23
4.7,4.7,1.1,1.1,0.28
4.7,4.7,1.2,1.2,0.288
4.7,4.7,1.3,1.3,0.292
4.7,4.7,1.4,1.4,0.354
4.7,4.7,1.5,1.5,0.348
4.7,4.7,1.6,1.6,0.366
4.7,4.7,1.7,1.7,0.37
4.7,4.7,1.8,1.8,0.416
4.7,4.7,1.9,1.9,0.4
4.7,4.7,2.0,2.0,0.42
4.7,4.7,2.1,2.1,0.444
4.7,4.7,2.2,2.2,0.45
4.7,4.7,2.3,2.3,0.452
4.7,4.7,2.4,2.4,0.506
4.7,4.7,2.5,2.5,0.514
4.7,4.7,2.6,2.6,0.564
4.7,4.7,2.7,2.7,0.532
4.7,4.7,2.8,2.8,0.556
4.7,4.7,2.9,2.9,0.548
4.7,4.7,3.0,3.0,0.556
4.7,4.7,3.1,3.1,0.582
4.7,4.7,3.2,3.2,0.59
4.7,4.7,3.3,3.3,0.58
4.7,4.7,3.4,3.4,0.622
4.7,4.7,3.5,3.5,0.63
4.7,4.7,3.6,3.6,0.624
4.7,4.7,3.7,3.7,0.636
4.7,4.7,3.8,3.8,0.582
4.7,4.7,3.9,3.9,0.64
4.7,4.7,4.0,4.0,0.646
4.7,4.7,4.1,4.1,0.658
4.7,4.7,4.2,4.2,0.65
4.7,4.7,4.3,4.3,0.628
4.7,4.7,4.4,4.4,0.696
4.7,4.7,4.5,4.5,0.684
4.7,4.7,4.6,4.6,0.666
4.7,4.7,4.7,4.7,0.638
4.7,4.7,4.8,4.8,0.694
4.7,4.7,4.9,4.9,0.716
4.7,4.7,5.0,5.0,0.718
4.7,4.7,5.1,5.1,0.742
4.7,4.7,5.2,5.2,0.722
4.7,4.7,5.3,5.3,0.724
4.7,4.7,5.4,5.4,0.728
4.7,4.7,5.5,5.5,0.728
4.7,4.7,5.6,5.6,0.716
4.7,4.7,5.7,5.7,0.734
4.7,4.7,5.8,5.8,0.754
4.7,4.7,5.9,5.9,0.702
4.7,4.7,6.0,6.0,0.736
4.7,4.7,6.1,6.1,0.75
4.7,4.7,6.2,6.2,0.744
4.7,4.7,6.3,6.3,0.756
4.7,4.7,6.4,6.4,0.736
4.7,4.7,6.5,6.5,0.712
4.7,4.7,6.6,6.6,0.75
4.7,4.7,6.7,6.7,0.752
4.7,4.7,6.8,6.8,0.752
4.7,4.7,6.9,6.9,0.762
4.7,4.7,7.0,7.0,0.762
4.7,4.7,7.1,7.1,0.776
4.7,4.7,7.2,7.2,0.774
4.7,4.7,7.3,7.3,0.752
4.7,4.7,7.4,7.4,0.77
4.7,4.7,7.5,7.5,0.766
4.7,4.7,7.6,7.6,0.76
4.7,4.7,7.7,7.7,0.786
4.7,4.7,7.8,7.8,0.74
4.7,4.7,7.9,7.9,0.76
4.7,4.7,8.0,8.0,0.77
4.7,4.7,8.1,8.1,0.78
4.7,4.7,8.2,8.2,0.76
4.7,4.7,8.3,8.3,0.752
4.7,4.7,8.4,8.4,0.776
4.7,4.7,8.5,8.5,0.786
4.7,4.7,8.6,8.6,0.78
4.7,4.7,8.7,8.7,0.794
4.7,4.7,8.8,8.8,0.788
4.7,4.7,8.9,8.9,0.762
4.7,4.7,9.0,9.0,0.744
4.7,4.7,9.1,9.1,0.776
4.7,4.7,9.2,9.2,0.78
4.7,4.7,9.3,9.3,0.746
4.7,4.7,9.4,9.4,0.8
4.7,4.7,9.5,9.5,0.75
4.7,4.7,9.6,9.6,0.784
4.7,4.7,9.7,9.7,0.756
4.7,4.7,9.8,9.8,0.758
4.7,4.7,9.9,9.9,0.746
4.7,4.7,10.0,10.0,0.766
4.7,4.7,10.1,10.1,0.726
4.7,4.7,10.2,10.2,0.758
4.7,4.7,10.3,10.3,0.722
4.7,4.7,10.4,10.4,0.772
4.7,4.7,10.5,10.5,0.732
4.7,4.7,10.6,10.6,0.74
4.7,4.7,10.7,10.7,0.744
4.7,4.7,10.8,10.8,0.734
4.7,4.7,10.9,10.9,0.732
4.7,4.7,11.0,11.0,0.736
4.7,4.7,11.1,11.1,0.718
4.7,4.7,11.2,11.2,0.716
4.7,4.7,11.3,11.3,0.704
4.7,4.7,11.4,11.4,0.748
4.7,4.7,11.5,11.5,0.698
4.7,4.7,11.6,11.6,0.698
4.7,4.7,11.7,11.7,0.7
4.7,4.7,11.8,11.8,0.68
4.7,4.7,11.9,11.9,0.696
4.7,4.7,12.0,12.0,0.688
4.7,4.7,12.1,12.1,0.724
4.7,4.7,12.2,12.2,0.68
4.7,4.7,12.3,12.3,0.646
4.7,4.7,12.4,12.4,0.704
4.7,4.7,12.5,12.5,0.652
4.7,4.7,12.6,12.6,0.654
4.7,4.7,12.7,12.7,0.662
4.7,4.7,12.8,12.8,0.666
4.7,4.7,12.9,12.9,0.634
4.7,4.7,13.0,13.0,0.632
4.7,4.7,13.1,13.1,0.584
4.7,4.7,13.2,13.2,0.644
4.7,4.7,13.3,13.3,0.576
4.7,4.7,13.4,13.4,0.59
4.7,4.7,13.5,13.5,0.574
4.7,4.7,13.6,13.6,0.58
4.7,4.7,13.7,13.7,0.578
4.7,4.7,13.8,13.8,0.59
4.7,4.7,13.9,13.9,0.56
4.7,4.7,14.0,14.0,0.514
4.7,4.7,14.1,14.1,0.502
4.7,4.7,14.2,14.2,0.548
4.7,4.7,14.3,14.3,0.502
4.7,4.7,14.4,14.4,0.498
4.7,4.7,14.5,14.5,0.474
4.7,4.7,14.6,14.6,0.464
4.7,4.7,14.7,14.7,0.5
4.7,4.7,14.8,14.8,0.482
4.7,4.7,14.9,14.9,0.42
4.7,4.7,15.0,15.0,0.422
4.7,4.7,15.1,15.1,0.426
4.8,4.8,0.1,0.1,0.04
4.8,4.8,0.2,0.2,0.076
4.8,4.8,0.3,0.3,0.102
4.8,4.8,0.4,0.4,0.096
4.8,4.8,0.5,0.5,0.13
4.8,4.8,0.6,0.6,0.186
4.8,4.8,0.7,0.7,0.176
4.8,4.8,0.8,0.8,0.23
4.8,4.8,0.9,0.9,0.226
4.8,4.8,1.0,1.0,0.258
4.8,4.8,1.1,1.1,0.25
4.8,4.8,1.2,1.2,0.306
4.8,4.8,1.3,1.3,0.29
4.8,4.8,1.4,1.4,0.32
4.8,4.8,1.5,1.5,0.374
4.8,4.8,1.6,1.6,0.362
4.8,4.8,1.7,1.7,0.394
4.8,4.8,1.8,1.8,0.388
4.8,4.8,1.9,1.9,0.416
4.8,4.8,2.0,2.0,0.452
4.8,4.8,2.1,2.1,0.45
4.8,4.8,2.2,2.2,0.458
4.8,4.8,2.3,2.3,0.46
4.8,4.8,2.4,2.4,0.45
4.8,4.8,2.5,2.5,0.506
4.8,4.8,2.6,2.6,0.502
4.8,4.8,2.7,2.7,0.544
4.8,4.8,2.8,2.8,0.508
4.8,4.8,2.9,2.9,0.514
4.8,4.8,3.0,3.0,0.524
4.8,4.8,3.1,3.1,0.582
4.8,4.8,3.2,3.2,0.574
4.8,4.8,3.3,3.3,0.62
4.8,4.8,3.4,3.4,0.568
4.8,4.8,3.5,3.5,0.594
4.8,4.8,3.6,3.6,0.59
4.8,4.8,3.7,3.7,0.642
4.8,4.8,3.8,3.8,0.61
4.8,4.8,3.9,3.9,0.67
4.8,4.8,4.0,4.0,0.6
4.8,4.8,4.1,4.1,0.646
4.8,4.8,4.2,4.2,0.648
4.8,4.8,4.3,4.3,0.66
4.8,4.8,4.4,4.4,0.678
4.8,4.8,4.5,4.5,0.67
4.8,4.8,4.6,4.6,0.676
4.8,4.8,4.7,4.7,0.666
4.8,4.8,4.8,4.8,0.682
4.8,4.8,4.9,4.9,0.668
4.8,4.8,5.0,5.0,0.732
4.8,4.8,5.1,5.1,0.664
4.8,4.8,5.2,5.2,0.74
4.8,4.8,5.3,5.3,0.73
4.8,4.8,5.4,5.4,0.732
4.8,4.8,5.5,5.5,0.73
4.8,4.8,5.6,5.6,0.718
4.8,4.8,5.7,5.7,0.696
4.8,4.8,5.8,5.8,0.74
4.8,4.8,5.9,5.9,0.722
4.8,4.8,6.0,6.0,0.72
4.8,4.8,6.1,6.1,0.73
4.8,4.8,6.2,6.2,0.734
4.8,4.8,6.3,6.3,0.778
4.8,4.8,6.4,6.4,0.74
4.8,4.8,6.5,6.5,0.756
4.8,4.8,6.6,6.6,0.764
4.8,4.8,6.7,6.7,0.774
4.8,4.8,6.8,6.8,0.74
4.8,4.8,6.9,6.9,0.782
4.8,4.8,7.0,7.0,0.706
4.8,4.8,7.1,7.1,0.744
4.8,4.8,7.2,7.2,0.72
4.8,4.8,7.3,7.3,0.75
4.8,4.8,7.4,7.4,0.778
4.8,4.8,7.5,7.5,0.784
4.8,4.8,7.6,7.6,0.736
4.8,4.8,7.7,7.7,0.784
4.8,4.8,7.8,7.8,0.77
4.8,4.8,7.9,7.9,0.75
4.8,4.8,8.0,8.0,0.792
4.8,4.8,8.1,8.1,0.738
4.8,4.8,8.2,8.2,0.79
4.8,4.8,8.3,8.3,0.784
4.8,4.8,8.4,8.4,0.736
4.8,4.8,8.5,8.5,0.79
4.8,4.8,8.6,8.6,0.782
4.8,4.8,8.7,8.7,0.776
4.8,4.8,8.8,8.8,0.776
4.8,4.8,8.9,8.9,0.81
4.8,4.8,9.0,9.0,0.788
4.8,4.8,9.1,9.1,0.776
4.8,4.8,9.2,9.2,0.752
4.8,4.8,9.3,9.3,0.78
4.8,4.8,9.4,9.4,0.776
4.8,4.8,9.5,9.5,0.732
4.8,4.8,9.6,9.6,0.752
4.8,4.8,9.7,9.7,0.77
4.8,4.8,9.8,9.8,0.744
4.8,4.8,9.9,9.9,0.736
4.8,4.8,10.0,10.0,0.778
4.8,4.8,10.1,10.1,0.76
4.8,4.8,10.2,10.2,0.772
4.8,4.8,10.3,10.3,0.778
4.8,4.8,10.4,10.4,0.752
4.8,4.8,10.5,10.5,0.764
4.8,4.8,10.6,10.6,0.7
4.8,4.8,10.7,10.7,0.744
4.8,4.8,10.8,10.8,0.708
4.8,4.8,10.9,10.9,0.73
4.8,4.8,11.0,11.0,0.72
4.8,4.8,11.1,11.1,0.742
4.8,4.8,11.2,11.2,0.738
4.8,4.8,11.3,11.3,0.714
4.8,4.8,11.4,11.4,0.734
4.8,4.8,11.5,11.5,0.698
4.8,4.8,11.6,11.6,0.706
4.8,4.8,11.7,11.7,0.688
4.8,4.8,11.8,11.8,0.746
4.8,4.8,11.9,11.9,0.742
4.8,4.8,12.0,12.0,0.666
4.8,4.8,12.1,12.1,0.706
4.8,4.8,12.2,12.2,0.698
4.8,4.8,12.3,12.3,0.656
4.8,4.8,12.4,12.4,0.672
4.8,4.8,12.5,12.5,0.708
4.8,4.8,12.6,12.6,0.696
4.8,4.8,12.7,12.7,0.69
4.8,4.8,12.8,12.8,0.654
4.8,4.8,12.9,12.9,0.648
4.8,4.8,13.0,13.0,0.648
4.8,4.8,13.1,13.1,0.696
4.8,4.8,13.2,13.2,0.63
4.8,4.8,13.3,13.3,0.614
4.8,4.8,13.4,13.4,0.622
4.8,4.8,13.5,13.5,0.614
4.8,4.8,13.6,13.6,0.606
4.8,4.8,13.7,13.7,0.604
4.8,4.8,13.8,13.8,0.586
4.8,4.8,13.9,13.9,0.61
4.8,4.8,14.0,14.0,0.566
4.8,4.8,14.1,14.1,0.572
4.8,4.8,14.2,14.2,0.552
4.8,4.8,14.3,14.3,0.548
4.8,4.8,14.4,14.4,0.496
4.8,4.8,14.5,14.5,0.532
4.8,4.8,14.6,14.6,0.502
4.8,4.8,14.7,14.7,0.492
4.8,4.8,14.8,14.8,0.506
4.8,4.8,14.9,14.9,0.466
4.8,4.8,15.0,15.0,0.49
4.8,4.8,15.1,15.1,0.47
4.9,4.9,0.1,0.1,0.042
4.9,4.9,0.2,0.2,0.058
4.9,4.9,0.3,0.3,0.088
4.9,4.9,0.4,0.4,0.104
4.9,4.9,0.5,0.5,0.14
4.9,4.9,0.6,0.6,0.2
4.9,4.9,0.7,0.7,0.21
4.9,4.9,0.8,0.8,0.194
4.9,4.9,0.9,0.9,0.242
4.9,4.9,1.0,1.0,0.24
4.9,4.9,1.1,1.1,0.27
4.9,4.9,1.2,1.2,0.312
4.9,4.9,1.3,1.3,0.306
4.9,4.9,1.4,1.4,0.31
4.9,4.9,1.5,1.5,0.322
4.9,4.9,1.6,1.6,0.382
4.9,4.9,1.7,1.7,0.358
4.9,4.9,1.8,1.8,0.374
4.9,4.9,1.9,1.9,0.4
4.9,4.9,2.0,2.0,0.406
4.9,4.9,2.1,2.1,0.434
4.9,4.9,2.2,2.2,0.444
4.9,4.9,2.3,2.3,0.458
4.9,4.9,2.4,2.4,0.468
4.9,4.9,2.5,2.5,0.452
4.9,4.9,2.6,2.6,0.488
4.9,4.9,2.7,2.7,0.552
4.9,4.9,2.8,2.8,0.51
4.9,4.9,2.9,2.9,0.55
4.9,4.9,3.0,3.0,0.57
4.9,4.9,3.1,3.1,0.526
4.9,4.9,3.2,3.2,0.6
4.9,4.9,3.3,3.3,0.598
4.9,4.9,3.4,3.4,0.544
4.9,4.9,3.5,3.5,0.612
4.9,4.9,3.6,3.6,0.61
4.9,4.9,3.7,3.7,0.608
4.9,4.9,3.8,3.8,0.656
4.9,4.9,3.9,3.9,0.636
4.9,4.9,4.0,4.0,0.656
4.9,4.9,4.1,4.1,0.666
4.9,4.9,4.2,4.2,0.62
4.9,4.9,4.3,4.3,0.678
4.9,4.9,4.4,4.4,0.678
4.9,4.9,4.5,4.5,0.692
4.9,4.9,4.6,4.6,0.696
4.9,4.9,4.7,4.7,0.672
4.9,4.9,4.8,4.8,0.676
4.9,4.9,4.9,4.9,0.684
4.9,4.9,5.0,5.0,0.742
4.9,4.9,5.1,5.1,0.684
4.9,4.9,5.2,5.2,0.734
4.9,4.9,5.3,5.3,0.698
4.9,4.9,5.4,5.4,0.698
4.9,4.9,5.5,5.5,0.726
4.9,4.9,5.6,5.6,0.742
4.9,4.9,5.7,5.7,0.712
4.9,4.9,5.8,5.8,0.736
4.9,4.9,5.9,5.9,0.738
4.9,4.9,6.0,6.0,0.734
4.9,4.9,6.1,6.1,0.73
4.9,4.9,6.2,6.2,0.762
4.9,4.9,6.3,6.3,0.738
4.9,4.9,6.4,6.4,0.764
4.9,4.9,6.5,6.5,0.718
4.9,4.9,6.6,6.6,0.754
4.9,4.9,6.7,6.7,0.78
4.9,4.9,6.8,6.8,0.75
4.9,4.9,6.9,6.9,0.756
4.9,4.9,7.0,7.0,0.75
4.9,4.9,7.1,7.1,0.73
4.9,4.9,7.2,7.2,0.772
4.9,4.9,7.3,7.3,0.744
4.9,4.9,7.4,7.4,0.782
4.9,4.9,7.5,7.5,0.778
4.9,4.9,7.6,7.6,0.774
4.9,4.9,7.7,7.7,0.774
4.9,4.9,7.8,7.8,0.754
4.9,4.9,7.9,7.9,0.784
4.9,4.9,8.0,8.0,0.756
4.9,4.9,8.1,8.1,0.76
4.9,4.9,8.2,8.2,0.762
4.9,4.9,8.3,8.3,0.73
4.9,4.9,8.4,8.4,0.774
4.9,4.9,8.5,8.5,0.77
4.9,4.9,8.6,8.6,0.8
4.9,4.9,8.7,8.7,0.79
4.9,4.9,8.8,8.8,0.784
4.9,4.9,8.9,8.9,0.768
4.9,4.9,9.0,9.0,0.788
4.9,4.9,9.1,9.1,0.758
4.9,4.9,9.2,9.2,0.76
4.9,4.9,9.3,9.3,0.762
4.9,4.9,9.4,9.4,0.78
4.9,4.9,9.5,9.5,0.76
4.9,4.9,9.6,9.6,0.752
4.9,4.9,9.7,9.7,0.742
4.9,4.9,9.8,9.8,0.76
4.9,4.9,9.9,9.9,0.736
4.9,4.9,10.0,10.0,0.76
4.9,4.9,10.1,10.1,0.784
4.9,4.9,10.2,10.2,0.758
4.9,4.9,10.3,10.3,0.762
4.9,4.9,10.4,10.4,0.734
4.9,4.9,10.5,10.5,0.758
4.9,4.9,10.6,10.6,0.736
4.9,4.9,10.7,10.7,0.74
4.9,4.9,10.8,10.8,0.752
4.9,4.9,10.9,10.9,0.73
4.9,4.9,11.0,11.0,0.734
4.9,4.9,11.1,11.1,0.728
4.9,4.9,11.2,11.2,0.736
4.9,4.9,11.3,11.3,0.726
4.9,4.9,11.4,11.4,0.738
4.9,4.9,11.5,11.5,0.762
4.9,4.9,11.6,11.6,0.73
4.9,4.9,11.7,11.7,0.71
4.9,4.9,11.8,11.8,0.706
4.9,4.9,11.9,11.9,0.726
4.9,4.9,12.0,12.0,0.68
4.9,4.9,12.1,12.1,0.694
4.9,4.9,12.2,12.2,0.69
4.9,4.9,12.3,12.3,0.7
4.9,4.9,12.4,12.4,0.692
4.9,4.9,12.5,12.5,0.72
4.9,4.9,12.6,12.6,0.64
4.9,4.9,12.7,12.7,0.734
4.9,4.9,12.8,12.8,0.676
4.9,4.9,12.9,12.9,0.678
4.9,4.9,13.0,13.0,0.644
4.9,4.9,13.1,13.1,0.656
4.9,4.9,13.2,13.2,0.67
4.9,4.9,13.3,13.3,0.63
4.9,4.9,13.4,13.4,0.64
4.9,4.9,13.5,13.5,0.624
4.9,4.9,13.6,13.6,0.604
4.9,4.9,13.7,13.7,0.598
4.9,4.9,13.8,13.8,0.568
4.9,4.9,13.9,13.9,0.602
4.9,4.9,14.0,14.0,0.608
4.9,4.9,14.1,14.1,0.608
4.9,4.9,14.2,14.2,0.566
4.9,4.9,14.3,14.3,0.562
4.9,4.9,14.4,14.4,0.518
4.9,4.9,14.5,14.5,0.556
4.9,4.9,14.6,14.6,0.556
4.9,4.9,14.7,14.7,0.498
4.9,4.9,14.8,14.8,0.494
4.9,4.9,14.9,14.9,0.526
4.9,4.9,15.0,15.0,0.484
4.9,4.9,15.1,15.1,0.512
5.0,5.0,0.1,0.1,0.044
5.0,5.0,0.2,0.2,0.086
5.0,5.0,0.3,0.3,0.09
5.0,5.0,0.4,0.4,0.124
5.0,5.0,0.5,0.5,0.124
5.0,5.0,0.6,0.6,0.162
5.0,5.0,0.7,0.7,0.152
5.0,5.0,0.8,0.8,0.164
5.0,5.0,0.9,0.9,0.206
5.0,5.0,1.0,1.0,0.248
5.0,5.0,1.1,1.1,0.254
5.0,5.0,1.2,1.2,0.252
5.0,5.0,1.3,1.3,0.288
5.0,5.0,1.4,1.4,0.346
5.0,5.0,1.5,1.5,0.308
5.0,5.0,1.6,1.6,0.342
5.0,5.0,1.7,1.7,0.372
5.0,5.0,1.8,1.8,0.408
5.0,5.0,1.9,1.9,0.432
5.0,5.0,2.0,2.0,0.388
5.0,5.0,2.1,2.1,0.428
5.0,5.0,2.2,2.2,0.476
5.0,5.0,2.3,2.3,0.468
5.0,5.0,2.4,2.4,0.466
5.0,5.0,2.5,2.5,0.486
5.0,5.0,2.6,2.6,0.506
5.0,5.0,2.7,2.7,0.542
5.0,5.0,2.8,2.8,0.522
5.0,5.0,2.9,2.9,0.528
5.0,5.0,3.0,3.0,0.494
5.0,5.0,3.1,3.1,0.544
5.0,5.0,3.2,3.2,0.582
5.0,5.0,3.3,3.3,0.576
5.0,5.0,3.4,3.4,0.568
5.0,5.0,3.5,3.5,0.56
5.0,5.0,3.6,3.6,0.63
5.0,5.0,3.7,3.7,0.636
5.0,5.0,3.8,3.8,0.616
5.0,5.0,3.9,3.9,0.574
5.0,5.0,4.0,4.0,0.616
5.0,5.0,4.1,4.1,0.634
5.0,5.0,4.2,4.2,0.644
5.0,5.0,4.3,4.3,0.644
5.0,5.0,4.4,4.4,0.686
5.0,5.0,4.5,4.5,0.64
5.0,5.0,4.6,4.6,0.648
5.0,5.0,4.7,4.7,0.69
5.0,5.0,4.8,4.8,0.676
5.0,5.0,4.9,4.9,0.692
5.0,5.0,5.0,5.0,0.692
5.0,5.0,5.1,5.1,0.662
5.0,5.0,5.2,5.2,0.712
5.0,5.0,5.3,5.3,0.732
5.0,5.0,5.4,5.4,0.702
5.0,5.0,5.5,5.5,0.688
5.0,5.0,5.6,5.6,0.718
5.0,5.0,5.7,5.7,0.748
5.0,5.0,5.8,5.8,0.746
5.0,5.0,5.9,5.9,0.736
5.0,5.0,6.0,6.0,0.74
5.0,5.0,6.1,6.1,0.712
5.0,5.0,6.2,6.2,0.752
5.0,5.0,6.3,6.3,0.736
5.0,5.0,6.4,6.4,0.716
5.0,5.0,6.5,6.5,0.722
5.0,5.0,6.6,6.6,0.748
5.0,5.0,6.7,6.7,0.74
5.0,5.0,6.8,6.8,0.706
5.0,5.0,6.9,6.9,0.774
5.0,5.0,7.0,7.0,0.772
5.0,5.0,7.1,7.1,0.754
5.0,5.0,7.2,7.2,0.772
5.0,5.0,7.3,7.3,0.776
5.0,5.0,7.4,7.4,0.724
5.0,5.0,7.5,7.5,0.776
5.0,5.0,7.6,7.6,0.72
5.0,5.0,7.7,7.7,0.77
5.0,5.0,7.8,7.8,0.76
5.0,5.0,7.9,7.9,0.764
5.0,5.0,8.0,8.0,0.754
5.0,5.0,8.1,8.1,0.76
5.0,5.0,8.2,8.2,0.73
5.0,5.0,8.3,8.3,0.788
5.0,5.0,8.4,8.4,0.778
5.0,5.0,8.5,8.5,0.732
5.0,5.0,8.6,8.6,0.76
5.0,5.0,8.7,8.7,0.786
5.0,5.0,8.8,8.8,0.81
5.0,5.0,8.9,8.9,0.784
5.0,5.0,9.0,9.0,0.744
5.0,5.0,9.1,9.1,0.756
5.0,5.0,9.2,9.2,0.786
5.0,5.0,9.3,9.3,0.756
5.0,5.0,9.4,9.4,0.78
5.0,5.0,9.5,9.5,0.764
5.0,5.0,9.6,9.6,0.768
5.0,5.0,9.7,9.7,0.766
5.0,5.0,9.8,9.8,0.742
5.0,5.0,9.9,9.9,0.74
5.0,5.0,10.0,10.0,0.782
5.0,5.0,10.1,10.1,0.754
5.0,5.0,10.2,10.2,0.774
5.0,5.0,10.3,10.3,0.744
5.0,5.0,10.4,10.4,0.734
5.0,5.0,10.5,10.5,0.78
5.0,5.0,10.6,10.6,0.736
5.0,5.0,10.7,10.7,0.754
5.0,5.0,10.8,10.8,0.754
5.0,5.0,10.9,10.9,0.76
5.0,5.0,11.0,11.0,0.758
5.0,5.0,11.1,11.1,0.758
5.0,5.0,11.2,11.2,0.734
5.0,5.0,11.3,11.3,0.724
5.0,5.0,11.4,11.4,0.764
5.0,5.0,11.5,11.5,0.688
5.0,5.0,11.6,11.6,0.728
5.0,5.0,11.7,11.7,0.722
5.0,5.0,11.8,11.8,0.728
5.0,5.0,11.9,11.9,0.712
5.0,5.0,12.0,12.0,0.722
5.0,5.0,12.1,12.1,0.682
5.0,5.0,12.2,12.2,0.674
5.0,5.0,12.3,12.3,0.678
5.0,5.0,12.4,12.4,0.72
5.0,5.0,12.5,12.5,0.71
5.0,5.0,12.6,12.6,0.708
5.0,5.0,12.7,12.7,0.716
5.0,5.0,12.8,12.8,0.696
5.0,5.0,12.9,12.9,0.652
5.0,5.0,13.0,13.0,0.69
5.0,5.0,13.1,13.1,0.64
5.0,5.0,13.2,13.2,0.67
5.0,5.0,13.3,13.3,0.656
5.0,5.0,13.4,13.4,0.64
5.0,5.0,13.5,13.5,0.614
5.0,5.0,13.6,13.6,0.616
5.0,5.0,13.7,13.7,0.622
5.0,5.0,13.8,13.8,0.606
5.0,5.0,13.9,13.9,0.606
5.0,5.0,14.0,14.0,0.6
5.0,5.0,14.1,14.1,0.584
5.0,5.0,14.2,14.2,0.652
5.0,5.0,14.3,14.3,0.592
5.0,5.0,14.4,14.4,0.594
5.0,5.0,14.5,14.5,0.544
5.0,5.0,14.6,14.6,0.558
5.0,5.0,14.7,14.7,0.518
5.0,5.0,14.8,14.8,0.56
5.0,5.0,14.9,14.9,0.522
5.0,5.0,15.0,15.0,0.548
5.0,5.0,15.1,15.1,0.524
5.1,5.1,0.1,0.1,0.048
5.1,5.1,0.2,0.2,0.066
5.1,5.1,0.3,0.3,0.114
5.1,5.1,0.4,0.4,0.114
5.1,5.1,0.5,0.5,0.142
5.1,5.1,0.6,0.6,0.14
5.1,5.1,0.7,0.7,0.178
5.1,5.1,0.8,0.8,0.204
5.1,5.1,0.9,0.9,0.218
5.1,5.1,1.0,1.0,0.22
5.1,5.1,1.1,1.1,0.252
5.1,5.1,1.2,1.2,0.278
5.1,5.1,1.3,1.3,0.262
5.1,5.1,1.4,1.4,0.28
5.1,5.1,1.5,1.5,0.306
5.1,5.1,1.6,1.6,0.36
5.1,5.1,1.7,1.7,0.372
5.1,5.1,1.8,1.8,0.412
5.1,5.1,1.9,1.9,0.388
5.1,5.1,2.0,2.0,0.412
5.1,5.1,2.1,2.1,0.44
5.1,5.1,2.2,2.2,0.45
5.1,5.1,2.3,2.3,0.468
5.1,5.1,2.4,2.4,0.478
5.1,5.1,2.5,2.5,0.438
5.1,5.1,2.6,2.6,0.498
5.1,5.1,2.7,2.7,0.47
5.1,5.1,2.8,2.8,0.52
5.1,5.1,2.9,2.9,0.518
5.1,5.1,3.0,3.0,0.498
5.1,5.1,3.1,3.1,0.504
5.1,5.1,3.2,3.2,0.552
5.1,5.1,3.3,3.3,0.564
5.1,5.1,3.4,3.4,0.57
5.1,5.1,3.5,3.5,0.582
5.1,5.1,3.6,3.6,0.624
5.1,5.1,3.7,3.7,0.622
5.1,5.1,3.8,3.8,0.6
5.1,5.1,3.9,3.9,0.61
5.1,5.1,4.0,4.0,0.59
5.1,5.1,4.1,4.1,0.63
5.1,5.1,4.2,4.2,0.646
5.1,5.1,4.3,4.3,0.63
5.1,5.1,4.4,4.4,0.664
5.1,5.1,4.5,4.5,0.638
5.1,5.1,4.6,4.6,0.634
5.1,5.1,4.7,4.7,0.666
5.1,5.1,4.8,4.8,0.668
5.1,5.1,4.9,4.9,0.66
5.1,5.1,5.0,5.0,0.686
5.1,5.1,5.1,5.1,0.678
5.1,5.1,5.2,5.2,0.684
5.1,5.1,5.3,5.3,0.714
5.1,5.1,5.4,5.4,0.712
5.1,5.1,5.5,5.5,0.746
5.1,5.1,5.6,5.6,0.712
5.1,5.1,5.7,5.7,0.704
5.1,5.1,5.8,5.8,0.714
5.1,5.1,5.9,5.9,0.73
5.1,5.1,6.0,6.0,0.702
5.1,5.1,6.1,6.1,0.738
5.1,5.1,6.2,6.2,0.694
5.1,5.1,6.3,6.3,0.78
5.1,5.1,6.4,6.4,0.764
5.1,5.1,6.5,6.5,0.728
5.1,5.1,6.6,6.6,0.768
5.1,5.1,6.7,6.7,0.738
5.1,5.1,6.8,6.8,0.728
5.1,5.1,6.9,6.9,0.806
5.1,5.1,7.0,7.0,0.736
5.1,5.1,7.1,7.1,0.72
5.1,5.1,7.2,7.2,0.752
5.1,5.1,7.3,7.3,0.752
5.1,5.1,7.4,7.4,0.78
5.1,5.1,7.5,7.5,0.744
5.1,5.1,7.6,7.6,0.752
5.1,5.1,7.7,7.7,0.76
5.1,5.1,7.8,7.8,0.744
5.1,5.1,7.9,7.9,0.766
5.1,5.1,8.0,8.0,0.766
5.1,5.1,8.1,8.1,0.73
5.1,5.1,8.2,8.2,0.762
5.1,5.1,8.3,8.3,0.77
5.1,5.1,8.4,8.4,0.754
5.1,5.1,8.5,8.5,0.778
5.1,5.1,8.6,8.6,0.772
5.1,5.1,8.7,8.7,0.772
5.1,5.1,8.8,8.8,0.76
5.1,5.1,8.9,8.9,0.778
5.1,5.1,9.0,9.0,0.758
5.1,5.1,9.1,9.1,0.758
5.1,5.1,9.2,9.2,0.788
5.1,5.1,9.3,9.3,0.774
5.1,5.1,9.4,9.4,0.744
5.1,5.1,9.5,9.5,0.744
5.1,5.1,9.6,9.6,0.796
5.1,5.1,9.7,9.7,0.772
5.1,5.1,9.8,9.8,0.774
5.1,5.1,9.9,9.9,0.762
5.1,5.1,10.0,10.0,0.778
5.1,5.1,10.1,10.1,0.77
5.1,5.1,10.2,10.2,0.738
5.1,5.1,10.3,10.3,0.762
5.1,5.1,10.4,10.4,0.754
5.1,5.1,10.5,10.5,0.76
5.1,5.1,10.6,10.6,0.746
5.1,5.1,10.7,10.7,0.732
5.1,5.1,10.8,10.8,0.734
5.1,5.1,10.9,10.9,0.75
5.1,5.1,11.0,11.0,0.77
5.1,5.1,11.1,11.1,0.75
5.1,5.1,11.2,11.2,0.706
5.1,5.1,11.3,11.3,0.754
5.1,5.1,11.4,11.4,0.74
5.1,5.1,11.5,11.5,0.718
5.1,5.1,11.6,11.6,0.772
5.1,5.1,11.7,11.7,0.706
5.1,5.1,11.8,11.8,0.738
5.1,5.1,11.9,11.9,0.728
5.1,5.1,12.0,12.0,0.74
5.1,5.1,12.1,12.1,0.734
5.1,5.1,12.2,12.2,0.714
5.1,5.1,12.3,12.3,0.7
5.1,5.1,12.4,12.4,0.72
5.1,5.1,12.5,12.5,0.684
5.1,5.1,12.6,12.6,0.68
5.1,5.1,12.7,12.7,0.702
5.1,5.1,12.8,12.8,0.708
5.1,5.1,12.9,12.9,0.698
5.1,5.1,13.0,13.0,0.712
5.1,5.1,13.1,13.1,0.686
5.1,5.1,13.2,13.2,0.658
5.1,5.1,13.3,13.3,0.694
5.1,5.1,13.4,13.4,0.644
5.1,5.1,13.5,13.5,0.656
5.1,5.1,13.6,13.6,0.666
5.1,5.1,13.7,13.7,0.656
5.1,5.1,13.8,13.8,0.666
5.1,5.1,13.9,13.9,0.642
5.1,5.1,14.0,14.0,0.606
5.1,5.1,14.1,14.1,0.61
5.1,5.1,14.2,14.2,0.628
5.1,5.1,14.3,14.3,0.606
5.1,5.1,14.4,14.4,0.618
5.1,5.1,14.5,14.5,0.582
5.1,5.1,14.6,14.6,0.566
5.1,5.1,14.7,14.7,0.578
5.1,5.1,14.8,14.8,0.568
5.1,5.1,14.9,14.9,0.584
5.1,5.1,15.0,15.0,0.524
5.1,5.1,15.1,15.1,0.55
5.2,5.2,0.1,0.1,0.046
5.2,5.2,0.2,0.2,0.04
5.2,5.2,0.3,0.3,0.112
5.2,5.2,0.4,0.4,0.084
5.2,5.2,0.5,0.5,0.128
5.2,5.2,0.6,0.6,0.154
5.2,5.2,0.7,0.7,0.174
5.2,5.2,0.8,0.8,0.194
5.2,5.2,0.9,0.9,0.218
5.2,5.2,1.0,1.0,0.232
5.2,5.2,1.1,1.1,0.25
5.2,5.2,1.2,1.2,0.29
5.2,5.2,1.3,1.3,0.286
5.2,5.2,1.4,1.4,0.276
5.2,5.2,1.5,1.5,0.34
5.2,5.2,1.6,1.6,0.326
5.2,5.2,1.7,1.7,0.346
5.2,5.2,1.8,1.8,0.408
5.2,5.2,1.9,1.9,0.4
5.2,5.2,2.0,2.0,0.412
5.2,5.2,2.1,2.1,0.4
5.2,5.2,2.2,2.2,0.394
5.2,5.2,2.3,2.3,0.446
5.2,5.2,2.4,2.4,0.464
5.2,5.2,2.5,2.5,0.466
5.2,5.2,2.6,2.6,0.488
5.2,5.2,2.7,2.7,0.508
5.2,5.2,2.8,2.8,0.526
5.2,5.2,2.9,2.9,0.492
5.2,5.2,3.0,3.0,0.512
5.2,5.2,3.1,3.1,0.57
5.2,5.2,3.2,3.2,0.544
5.2,5.2,3.3,3.3,0.59
5.2,5.2,3.4,3.4,0.57
5.2,5.2,3.5,3.5,0.564
5.2,5.2,3.6,3.6,0.594
5.2,5.2,3.7,3.7,0.602
5.2,5.2,3.8,3.8,0.612
5.2,5.2,3.9,3.9,0.602
5.2,5.2,4.0,4.0,0.654
5.2,5.2,4.1,4.1,0.624
5.2,5.2,4.2,4.2,0.628
5.2,5.2,4.3,4.3,0.624
5.2,5.2,4.4,4.4,0.658
5.2,5.2,4.5,4.5,0.666
5.2,5.2,4.6,4.6,0.69
5.2,5.2,4.7,4.7,0.666
5.2,5.2,4.8,4.8,0.672
5.2,5.2,4.9,4.9,0.69
5.2,5.2,5.0,5.0,0.69
5.2,5.2,5.1,5.1,0.67
5.2,5.2,5.2,5.2,0.71
5.2,5.2,5.3,5.3,0.688
5.2,5.2,5.4,5.4,0.664
5.2,5.2,5.5,5.5,0.726
5.2,5.2,5.6,5.6,0.734
5.2,5.2,5.7,5.7,0.71
5.2,5.2,5.8,5.8,0.704
5.2,5.2,5.9,5.9,0.726
5.2,5.2,6.0,6.0,0.724
5.2,5.2,6.1,6.1,0.722
5.2,5.2,6.2,6.2,0.746
5.2,5.2,6.3,6.3,0.756
5.2,5.2,6.4,6.4,0.746
5.2,5.2,6.5,6.5,0.764
5.2,5.2,6.6,6.6,0.788
5.2,5.2,6.7,6.7,0.748
5.2,5.2,6.8,6.8,0.762
5.2,5.2,6.9,6.9,0.784
5.2,5.2,7.0,7.0,0.754
5.2,5.2,7.1,7.1,0.76
5.2,5.2,7.2,7.2,0.752
5.2,5.2,7.3,7.3,0.742
5.2,5.2,7.4,7.4,0.766
5.2,5.2,7.5,7.5,0.74
5.2,5.2,7.6,7.6,0.762
5.2,5.2,7.7,7.7,0.768
5.2,5.2,7.8,7.8,0.758
5.2,5.2,7.9,7.9,0.732
5.2,5.2,8.0,8.0,0.77
5.2,5.2,8.1,8.1,0.754
5.2,5.2,8.2,8.2,0.766
5.2,5.2,8.3,8.3,0.752
5.2,5.2,8.4,8.4,0.744
5.2,5.2,8.5,8.5,0.756
5.2,5.2,8.6,8.6,0.778
5.2,5.2,8.7,8.7,0.776
5.2,5.2,8.8,8.8,0.748
5.2,5.2,8.9,8.9,0.764
5.2,5.2,9.0,9.0,0.772
5.2,5.2,9.1,9.1,0.752
5.2,5.2,9.2,9.2,0.786
5.2,5.2,9.3,9.3,0.782
5.2,5.2,9.4,9.4,0.798
5.2,5.2,9.5,9.5,0.798
5.2,5.2,9.6,9.6,0.78
5.2,5.2,9.7,9.7,0.774
5.2,5.2,9.8,9.8,0.784
5.2,5.2,9.9,9.9,0.796
5.2,5.2,10.0,10.0,0.748
5.2,5.2,10.1,10.1,0.76
5.2,5.2,10.2,10.2,0.766
5.2,5.2,10.3,10.3,0.744
5.2,5.2,10.4,10.4,0.758
5.2,5.2,10.5,10.5,0.724
5.2,5.2,10.6,10.6,0.76
5.2,5.2,10.7,10.7,0.754
5.2,5.2,10.8,10.8,0.746
5.2,5.2,10.9,10.9,0.734
5.2,5.2,11.0,11.0,0.748
5.2,5.2,11.1,11.1,0.724
5.2,5.2,11.2,11.2,0.762
5.2,5.2,11.3,11.3,0.746
5.2,5.2,11.4,11.4,0.766
5.2,5.2,11.5,11.5,0.75
5.2,5.2,11.6,11.6,0.746
5.2,5.2,11.7,11.7,0.75
5.2,5.2,11.8,11.8,0.772
5.2,5.2,11.9,11.9,0.74
5.2,5.2,12.0,12.0,0.738
5.2,5.2,12.1,12.1,0.73
5.2,5.2,12.2,12.2,0.73
5.2,5.2,12.3,12.3,0.736
5.2,5.2,12.4,12.4,0.754
5.2,5.2,12.5,12.5,0.736
5.2,5.2,12.6,12.6,0.694
5.2,5.2,12.7,12.7,0.726
5.2,5.2,12.8,12.8,0.682
5.2,5.2,12.9,12.9,0.706
5.2,5.2,13.0,13.0,0.742
5.2,5.2,13.1,13.1,0.708
5.2,5.2,13.2,13.2,0.694
5.2,5.2,13.3,13.3,0.714
5.2,5.2,13.4,13.4,0.678
5.2,5.2,13.5,13.5,0.678
5.2,5.2,13.6,13.6,0.688
5.2,5.2,13.7,13.7,0.66
5.2,5.2,13.8,13.8,0.682
5.2,5.2,13.9,13.9,0.684
5.2,5.2,14.0,14.0,0.654
5.2,5.2,14.1,14.1,0.61
5.2,5.2,14.2,14.2,0.62
5.2,5.2,14.3,14.3,0.604
5.2,5.2,14.4,14.4,0.634
5.2,5.2,14.5,14.5,0.626
5.2,5.2,14.6,14.6,0.632
5.2,5.2,14.7,14.7,0.62
5.2,5.2,14.8,14.8,0.608
5.2,5.2,14.9,14.9,0.556
5.2,5.2,15.0,15.0,0.612
5.2,5.2,15.1,15.1,0.534
5.3,5.3,0.1,0.1,0.042
5.3,5.3,0.2,0.2,0.058
5.3,5.3,0.3,0.3,0.078
5.3,5.3,0.4,0.4,0.11
5.3,5.3,0.5,0.5,0.142
5.3,5.3,0.6,0.6,0.128
5.3,5.3,0.7,0.7,0.154
5.3,5.3,0.8,0.8,0.162
5.3,5.3,0.9,0.9,0.208
5.3,5.3,1.0,1.0,0.228
5.3,5.3,1.1,1.1,0.238
5.3,5.3,1.2,1.2,0.276
5.3,5.3,1.3,1.3,0.282
5.3,5.3,1.4,1.4,0.292
5.3,5.3,1.5,1.5,0.314
5.3,5.3,1.6,1.6,0.312
5.3,5.3,1.7,1.7,0.322
5.3,5.3,1.8,1.8,0.34
5.3,5.3,1.9,1.9,0.39
5.3,5.3,2.0,2.0,0.384
5.3,5.3,2.1,2.1,0.426
5.3,5.3,2.2,2.2,0.408
5.3,5.3,2.3,2.3,0.428
5.3,5.3,2.4,2.4,0.444
5.3,5.3,2.5,2.5,0.48
5.3,5.3,2.6,2.6,0.496
5.3,5.3,2.7,2.7,0.498
5.3,5.3,2.8,2.8,0.48
5.3,5.3,2.9,2.9,0.502
5.3,5.3,3.0,3.0,0.54
5.3,5.3,3.1,3.1,0.542
5.3,5.3,3.2,3.2,0.516
5.3,5.3,3.3,3.3,0.55
5.3,5.3,3.4,3.4,0.56
5.3,5.3,3.5,3.5,0.552
5.3,5.3,3.6,3.6,0.58
5.3,5.3,3.7,3.7,0.644
5.3,5.3,3.8,3.8,0.598
5.3,5.3,3.9,3.9,0.626
5.3,5.3,4.0,4.0,0.566
5.3,5.3,4.1,4.1,0.674
5.3,5.3,4.2,4.2,0.612
5.3,5.3,4.3,4.3,0.654
5.3,5.3,4.4,4.4,0.614
5.3,5.3,4.5,4.5,0.654
5.3,5.3,4.6,4.6,0.632
5.3,5.3,4.7,4.7,0.658
5.3,5.3,4.8,4.8,0.654
5.3,5.3,4.9,4.9,0.68
5.3,5.3,5.0,5.0,0.71
5.3,5.3,5.1,5.1,0.7
5.3,5.3,5.2,5.2,0.674
5.3,5.3,5.3,5.3,0.718
5.3,5.3,5.4,5.4,0.694
5.3,5.3,5.5,5.5,0.68
5.3,5.3,5.6,5.6,0.712
5.3,5.3,5.7,5.7,0.722
5.3,5.3,5.8,5.8,0.722
5.3,5.3,5.9,5.9,0.68
5.3,5.3,6.0,6.0,0.728
5.3,5.3,6.1,6.1,0.738
5.3,5.3,6.2,6.2,0.742
5.3,5.3,6.3,6.3,0.73
5.3,5.3,6.4,6.4,0.726
5.3,5.3,6.5,6.5,0.788
5.3,5.3,6.6,6.6,0.76
5.3,5.3,6.7,6.7,0.76
5.3,5.3,6.8,6.8,0.726
5.3,5.3,6.9,6.9,0.72
5.3,5.3,7.0,7.0,0.722
5.3,5.3,7.1,7.1,0.75
5.3,5.3,7.2,7.2,0.728
5.3,5.3,7.3,7.3,0.758
5.3,5.3,7.4,7.4,0.776
5.3,5.3,7.5,7.5,0.718
5.3,5.3,7.6,7.6,0.736
5.3,5.3,7.7,7.7,0.728
5.3,5.3,7.8,7.8,0.778
5.3,5.3,7.9,7.9,0.734
5.3,5.3,8.0,8.0,0.736
5.3,5.3,8.1,8.1,0.78
5.3,5.3,8.2,8.2,0.784
5.3,5.3,8.3,8.3,0.782
5.3,5.3,8.4,8.4,0.752
5.3,5.3,8.5,8.5,0.798
5.3,5.3,8.6,8.6,0.748
5.3,5.3,8.7,8.7,0.758
5.3,5.3,8.8,8.8,0.752
5.3,5.3,8.9,8.9,0.762
5.3,5.3,9.0,9.0,0.788
5.3,5.3,9.1,9.1,0.756
5.3,5.3,9.2,9.2,0.772
5.3,5.3,9.3,9.3,0.782
5.3,5.3,9.4,9.4,0.772
5.3,5.3,9.5,9.5,0.744
5.3,5.3,9.6,9.6,0.74
5.3,5.3,9.7,9.7,0.794
5.3,5.3,9.8,9.8,0.778
5.3,5.3,9.9,9.9,0.794
5.3,5.3,10.0,10.0,0.77
5.3,5.3,10.1,10.1,0.772
5.3,5.3,10.2,10.2,0.75
5.3,5.3,10.3,10.3,0.768
5.3,5.3,10.4,10.4,0.758
5.3,5.3,10.5,10.5,0.738
5.3,5.3,10.6,10.6,0.762
5.3,5.3,10.7,10.7,0.778
5.3,5.3,10.8,10.8,0.722
5.3,5.3,10.9,10.9,0.76
5.3,5.3,11.0,11.0,0.762
5.3,5.3,11.1,11.1,0.768
5.3,5.3,11.2,11.2,0.774
5.3,5.3,11.3,11.3,0.766
5.3,5.3,11.4,11.4,0.748
5.3,5.3,11.5,11.5,0.744
5.3,5.3,11.6,11.6,0.762
5.3,5.3,11.7,11.7,0.724
5.3,5.3,11.8,11.8,0.722
5.3,5.3,11.9,11.9,0.744
5.3,5.3,12.0,12.0,0.742
5.3,5.3,12.1,12.1,0.754
5.3,5.3,12.2,12.2,0.754
5.3,5.3,12.3,12.3,0.75
5.3,5.3,12.4,12.4,0.724
5.3,5.3,12.5,12.5,0.71
5.3,5.3,12.6,12.6,0.728
5.3,5.3,12.7,12.7,0.716
5.3,5.3,12.8,12.8,0.716
5.3,5.3,12.9,12.9,0.732
5.3,5.3,13.0,13.0,0.724
5.3,5.3,13.1,13.1,0.706
5.3,5.3,13.2,13.2,0.71
5.3,5.3,13.3,13.3,0.692
5.3,5.3,13.4,13.4,0.724
5.3,5.3,13.5,13.5,0.712
5.3,5.3,13.6,13.6,0.702
5.3,5.3,13.7,13.7,0.664
5.3,5.3,13.8,13.8,0.662
5.3,5.3,13.9,13.9,0.668
5.3,5.3,14.0,14.0,0.662
5.3,5.3,14.1,14.1,0.68
5.3,5.3,14.2,14.2,0.66
5.3,5.3,14.3,14.3,0.644
5.3,5.3,14.4,14.4,0.612
5.3,5.3,14.5,14.5,0.618
5.3,5.3,14.6,14.6,0.638
5.3,5.3,14.7,14.7,0.612
5.3,5.3,14.8,14.8,0.626
5.3,5.3,14.9,14.9,0.568
5.3,5.3,15.0,15.0,0.616
5.3,5.3,15.1,15.1,0.59
5.4,5.4,0.1,0.1,0.044
5.4,5.4,0.2,0.2,0.068
5.4,5.4,0.3,0.3,0.078
5.4,5.4,0.4,0.4,0.11
5.4,5.4,0.5,0.5,0.11
5.4,5.4,0.6,0.6,0.148
5.4,5.4,0.7,0.7,0.178
5.4,5.4,0.8,0.8,0.188
5.4,5.4,0.9,0.9,0.198
5.4,5.4,1.0,1.0,0.228
5.4,5.4,1.1,1.1,0.256
5.4,5.4,1.2,1.2,0.256
5.4,5.4,1.3,1.3,0.282
5.4,5.4,1.4,1.4,0.272
5.4,5.4,1.5,1.5,0.33
5.4,5.4,1.6,1.6,0.336
5.4,5.4,1.7,1.7,0.312
5.4,5.4,1.8,1.8,0.336
5.4,5.4,1.9,1.9,0.384
5.4,5.4,2.0,2.0,0.398
5.4,5.4,2.1,2.1,0.392
5.4,5.4,2.2,2.2,0.42
5.4,5.4,2.3,2.3,0.37
5.4,5.4,2.4,2.4,0.474
5.4,5.4,2.5,2.5,0.434
5.4,5.4,2.6,2.6,0.48
5.4,5.4,2.7,2.7,0.5
5.4,5.4,2.8,2.8,0.492
5.4,5.4,2.9,2.9,0.526
5.4,5.4,3.0,3.0,0.484
5.4,5.4,3.1,3.1,0.552
5.4,5.4,3.2,3.2,0.518
5.4,5.4,3.3,3.3,0.518
5.4,5.4,3.4,3.4,0.558
5.4,5.4,3.5,3.5,0.566
5.4,5.4,3.6,3.6,0.568
5.4,5.4,3.7,3.7,0.578
5.4,5.4,3.8,3.8,0.608
5.4,5.4,3.9,3.9,0.608
5.4,5.4,4.0,4.0,0.592
5.4,5.4,4.1,4.1,0.6
5.4,5.4,4.2,4.2,0.598
5.4,5.4,4.3,4.3,0.686
5.4,5.4,4.4,4.4,0.62
5.4,5.4,4.5,4.5,0.626
5.4,5.4,4.6,4.6,0.642
5.4,5.4,4.7,4.7,0.686
5.4,5.4,4.8,4.8,0.678
5.4,5.4,4.9,4.9,0.608
5.4,5.4,5.0,5.0,0.686
5.4,5.4,5.1,5.1,0.662
5.4,5.4,5.2,5.2,0.702
5.4,5.4,5.3,5.3,0.682
5.4,5.4,5.4,5.4,0.678
5.4,5.4,5.5,5.5,0.688
5.4,5.4,5.6,5.6,0.714
5.4,5.4,5.7,5.7,0.71
5.4,5.4,5.8,5.8,0.676
5.4,5.4,5.9,5.9,0.698
5.4,5.4,6.0,6.0,0.708
5.4,5.4,6.1,6.1,0.696
5.4,5.4,6.2,6.2,0.732
5.4,5.4,6.3,6.3,0.714
5.4,5.4,6.4,6.4,0.716
5.4,5.4,6.5,6.5,0.756
5.4,5.4,6.6,6.6,0.73
5.4,5.4,6.7,6.7,0.724
5.4,5.4,6.8,6.8,0.736
5.4,5.4,6.9,6.9,0.744
5.4,5.4,7.0,7.0,0.756
5.4,5.4,7.1,7.1,0.71
5.4,5.4,7.2,7.2,0.744
5.4,5.4,7.3,7.3,0.732
5.4,5.4,7.4,7.4,0.762
5.4,5.4,7.5,7.5,0.784
5.4,5.4,7.6,7.6,0.746
5.4,5.4,7.7,7.7,0.748
5.4,5.4,7.8,7.8,0.74
5.4,5.4,7.9,7.9,0.78
5.4,5.4,8.0,8.0,0.754
5.4,5.4,8.1,8.1,0.75
5.4,5.4,8.2,8.2,0.806
5.4,5.4,8.3,8.3,0.766
5.4,5.4,8.4,8.4,0.786
5.4,5.4,8.5,8.5,0.746
5.4,5.4,8.6,8.6,0.79
5.4,5.4,8.7,8.7,0.784
5.4,5.4,8.8,8.8,0.752
5.4,5.4,8.9,8.9,0.752
5.4,5.4,9.0,9.0,0.782
5.4,5.4,9.1,9.1,0.79
5.4,5.4,9.2,9.2,0.768
5.4,5.4,9.3,9.3,0.782
5.4,5.4,9.4,9.4,0.754
5.4,5.4,9.5,9.5,0.814
5.4,5.4,9.6,9.6,0.808
5.4,5.4,9.7,9.7,0.772
5.4,5.4,9.8,9.8,0.754
5.4,5.4,9.9,9.9,0.766
5.4,5.4,10.0,10.0,0.77
5.4,5.4,10.1,10.1,0.754
5.4,5.4,10.2,10.2,0.772
5.4,5.4,10.3,10.3,0.788
5.4,5.4,10.4,10.4,0.79
5.4,5.4,10.5,10.5,0.768
5.4,5.4,10.6,10.6,0.78
5.4,5.4,10.7,10.7,0.756
5.4,5.4,10.8,10.8,0.762
5.4,5.4,10.9,10.9,0.77
5.4,5.4,11.0,11.0,0.788
5.4,5.4,11.1,11.1,0.76
5.4,5.4,11.2,11.2,0.764
5.4,5.4,11.3,11.3,0.764
5.4,5.4,11.4,11.4,0.766
5.4,5.4,11.5,11.5,0.778
5.4,5.4,11.6,11.6,0.728
5.4,5.4,11.7,11.7,0.72
5.4,5.4,11.8,11.8,0.746
5.4,5.4,11.9,11.9,0.774
5.4,5.4,12.0,12.0,0.76
5.4,5.4,12.1,12.1,0.758
5.4,5.4,12.2,12.2,0.752
5.4,5.4,12.3,12.3,0.75
5.4,5.4,12.4,12.4,0.726
5.4,5.4,12.5,12.5,0.752
5.4,5.4,12.6,12.6,0.732
5.4,5.4,12.7,12.7,0.728
5.4,5.4,12.8,12.8,0.738
5.4,5.4,12.9,12.9,0.704
5.4,5.4,13.0,13.0,0.722
5.4,5.4,13.1,13.1,0.722
5.4,5.4,13.2,13.2,0.734
5.4,5.4,13.3,13.3,0.714
5.4,5.4,13.4,13.4,0.72
5.4,5.4,13.5,13.5,0.718
5.4,5.4,13.6,13.6,0.638
5.4,5.4,13.7,13.7,0.718
5.4,5.4,13.8,13.8,0.664
5.4,5.4,13.9,13.9,0.698
5.4,5.4,14.0,14.0,0.644
5.4,5.4,14.1,14.1,0.664
5.4,5.4,14.2,14.2,0.656
5.4,5.4,14.3,14.3,0.642
5.4,5.4,14.4,14.4,0.696
5.4,5.4,14.5,14.5,0.644
5.4,5.4,14.6,14.6,0.644
5.4,5.4,14.7,14.7,0.63
5.4,5.4,14.8,14.8,0.66
5.4,5.4,14.9,14.9,0.636
5.4,5.4,15.0,15.0,0.598
5.4,5.4,15.1,15.1,0.618
5.5,5.5,0.1,0.1,0.066
5.5,5.5,0.2,0.2,0.06
5.5,5.5,0.3,0.3,0.082
5.5,5.5,0.4,0.4,0.112
5.5,5.5,0.5,0.5,0.102
5.5,5.5,0.6,0.6,0.146
5.5,5.5,0.7,0.7,0.14
5.5,5.5,0.8,0.8,0.208
5.5,5.5,0.9,0.9,0.206
5.5,5.5,1.0,1.0,0.218
5.5,5.5,1.1,1.1,0.256
5.5,5.5,1.2,1.2,0.228
5.5,5.5,1.3,1.3,0.292
5.5,5.5,1.4,1.4,0.28
5.5,5.5,1.5,1.5,0.294
5.5,5.5,1.6,1.6,0.332
5.5,5.5,1.7,1.7,0.334
5.5,5.5,1.8,1.8,0.356
5.5,5.5,1.9,1.9,0.42
5.5,5.5,2.0,2.0,0.35
5.5,5.5,2.1,2.1,0.4
5.5,5.5,2.2,2.2,0.414
5.5,5.5,2.3,2.3,0.438
5.5,5.5,2.4,2.4,0.484
5.5,5.5,2.5,2.5,0.452
5.5,5.5,2.6,2.6,0.458
5.5,5.5,2.7,2.7,0.47
5.5,5.5,2.8,2.8,0.474
5.5,5.5,2.9,2.9,0.494
5.5,5.5,3.0,3.0,0.526
5.5,5.5,3.1,3.1,0.542
5.5,5.5,3.2,3.2,0.562
5.5,5.5,3.3,3.3,0.556
5.5,5.5,3.4,3.4,0.552
5.5,5.5,3.5,3.5,0.572
5.5,5.5,3.6,3.6,0.598
5.5,5.5,3.7,3.7,0.554
5.5,5.5,3.8,3.8,0.576
5.5,5.5,3.9,3.9,0.606
5.5,5.5,4.0,4.0,0.578
5.5,5.5,4.1,4.1,0.602
5.5,5.5,4.2,4.2,0.618
5.5,5.5,4.3,4.3,0.65
5.5,5.5,4.4,4.4,0.618
5.5,5.5,4.5,4.5,0.62
5.5,5.5,4.6,4.6,0.666
5.5,5.5,4.7,4.7,0.636
5.5,5.5,4.8,4.8,0.642
5.5,5.5,4.9,4.9,0.654
5.5,5.5,5.0,5.0,0.69
5.5,5.5,5.1,5.1,0.69
5.5,5.5,5.2,5.2,0.67
5.5,5.5,5.3,5.3,0.658
5.5,5.5,5.4,5.4,0.678
5.5,5.5,5.5,5.5,0.654
5.5,5.5,5.6,5.6,0.71
5.5,5.5,5.7,5.7,0.668
5.5,5.5,5.8,5.8,0.708
5.5,5.5,5.9,5.9,0.702
5.5,5.5,6.0,6.0,0.694
5.5,5.5,6.1,6.1,0.696
5.5,5.5,6.2,6.2,0.726
5.5,5.5,6.3,6.3,0.738
5.5,5.5,6.4,6.4,0.724
5.5,5.5,6.5,6.5,0.726
5.5,5.5,6.6,6.6,0.732
5.5,5.5,6.7,6.7,0.742
5.5,5.5,6.8,6.8,0.704
5.5,5.5,6.9,6.9,0.72
5.5,5.5,7.0,7.0,0.752
5.5,5.5,7.1,7.1,0.764
5.5,5.5,7.2,7.2,0.716
5.5,5.5,7.3,7.3,0.78
5.5,5.5,7.4,7.4,0.772
5.5,5.5,7.5,7.5,0.762
5.5,5.5,7.6,7.6,0.79
5.5,5.5,7.7,7.7,0.768
5.5,5.5,7.8,7.8,0.762
5.5,5.5,7.9,7.9,0.746
5.5,5.5,8.0,8.0,0.776
5.5,5.5,8.1,8.1,0.754
5.5,5.5,8.2,8.2,0.762
5.5,5.5,8.3,8.3,0.78
5.5,5.5,8.4,8.4,0.76
5.5,5.5,8.5,8.5,0.802
5.5,5.5,8.6,8.6,0.798
5.5,5.5,8.7,8.7,0.768
5.5,5.5,8.8,8.8,0.76
5.5,5.5,8.9,8.9,0.758
5.5,5.5,9.0,9.0,0.8
5.5,5.5,9.1,9.1,0.792
5.5,5.5,9.2,9.2,0.782
5.5,5.5,9.3,9.3,0.762
5.5,5.5,9.4,9.4,0.798
5.5,5.5,9.5,9.5,0.776
5.5,5.5,9.6,9.6,0.726
5.5,5.5,9.7,9.7,0.81
5.5,5.5,9.8,9.8,0.77
5.5,5.5,9.9,9.9,0.786
5.5,5.5,10.0,10.0,0.774
5.5,5.5,10.1,10.1,0.754
5.5,5.5,10.2,10.2,0.758
5.5,5.5,10.3,10.3,0.77
5.5,5.5,10.4,10.4,0.748
5.5,5.5,10.5,10.5,0.756
5.5,5.5,10.6,10.6,0.766
5.5,5.5,10.7,10.7,0.754
5.5,5.5,10.8,10.8,0.77
5.5,5.5,10.9,10.9,0.75
5.5,5.5,11.0,11.0,0.742
5.5,5.5,11.1,11.1,0.736
5.5,5.5,11.2,11.2,0.764
5.5,5.5,11.3,11.3,0.752
5.5,5.5,11.4,11.4,0.782
5.5,5.5,11.5,11.5,0.762
5.5,5.5,11.6,11.6,0.738
5.5,5.5,11.7,11.7,0.756
5.5,5.5,11.8,11.8,0.76
5.5,5.5,11.9,11.9,0.786
5.5,5.5,12.0,12.0,0.702
5.5,5.5,12.1,12.1,0.766
5.5,5.5,12.2,12.2,0.774
5.5,5.5,12.3,12.3,0.77
5.5,5.5,12.4,12.4,0.728
5.5,5.5,12.5,12.5,0.714
5.5,5.5,12.6,12.6,0.724
5.5,5.5,12.7,12.7,0.708
5.5,5.5,12.8,12.8,0.738
5.5,5.5,12.9,12.9,0.748
5.5,5.5,13.0,13.0,0.726
5.5,5.5,13.1,13.1,0.73
5.5,5.5,13.2,13.2,0.71
5.5,5.5,13.3,13.3,0.732
5.5,5.5,13.4,13.4,0.694
5.5,5.5,13.5,13.5,0.68
5.5,5.5,13.6,13.6,0.694
5.5,5.5,13.7,13.7,0.682
5.5,5.5,13.8,13.8,0.732
5.5,5.5,13.9,13.9,0.716
5.5,5.5,14.0,14.0,0.66
5.5,5.5,14.1,14.1,0.664
5.5,5.5,14.2,14.2,0.724
5.5,5.5,14.3,14.3,0.7
5.5,5.5,14.4,14.4,0.652
5.5,5.5,14.5,14.5,0.618
5.5,5.5,14.6,14.6,0.63
5.5,5.5,14.7,14.7,0.636
5.5,5.5,14.8,14.8,0.648
5.5,5.5,14.9,14.9,0.646
5.5,5.5,15.0,15.0,0.652
5.5,5.5,15.1,15.1,0.628
5.6,5.6,0.1,0.1,0.042
5.6,5.6,0.2,0.2,0.072
5.6,5.6,0.3,0.3,0.076
5.6,5.6,0.4,0.4,0.102
5.6,5.6,0.5,0.5,0.118
5.6,5.6,0.6,0.6,0.168
5.6,5.6,0.7,0.7,0.164
5.6,5.6,0.8,0.8,0.21
5.6,5.6,0.9,0.9,0.202
5.6,5.6,1.0,1.0,0.234
5.6,5.6,1.1,1.1,0.222
5.6,5.6,1.2,1.2,0.224
5.6,5.6,1.3,1.3,0.264
5.6,5.6,1.4,1.4,0.302
5.6,5.6,1.5,1.5,0.338
5.6,5.6,1.6,1.6,0.35
5.6,5.6,1.7,1.7,0.318
5.6,5.6,1.8,1.8,0.334
5.6,5.6,1.9,1.9,0.398
5.6,5.6,2.0,2.0,0.38
5.6,5.6,2.1,2.1,0.376
5.6,5.6,2.2,2.2,0.428
5.6,5.6,2.3,2.3,0.39
5.6,5.6,2.4,2.4,0.418
5.6,5.6,2.5,2.5,0.478
5.6,5.6,2.6,2.6,0.486
5.6,5.6,2.7,2.7,0.49
5.6,5.6,2.8,2.8,0.46
5.6,5.6,2.9,2.9,0.508
5.6,5.6,3.0,3.0,0.518
5.6,5.6,3.1,3.1,0.472
5.6,5.6,3.2,3.2,0.5
5.6,5.6,3.3,3.3,0.536
5.6,5.6,3.4,3.4,0.566
5.6,5.6,3.5,3.5,0.546
5.6,5.6,3.6,3.6,0.544
5.6,5.6,3.7,3.7,0.57
5.6,5.6,3.8,3.8,0.574
5.6,5.6,3.9,3.9,0.594
5.6,5.6,4.0,4.0,0.59
5.6,5.6,4.1,4.1,0.614
5.6,5.6,4.2,4.2,0.594
5.6,5.6,4.3,4.3,0.608
5.6,5.6,4.4,4.4,0.646
5.6,5.6,4.5,4.5,0.634
5.6,5.6,4.6,4.6,0.602
5.6,5.6,4.7,4.7,0.646
5.6,5.6,4.8,4.8,0.63
5.6,5.6,4.9,4.9,0.642
5.6,5.6,5.0,5.0,0.662
5.6,5.6,5.1,5.1,0.674
5.6,5.6,5.2,5.2,0.648
5.6,5.6,5.3,5.3,0.662
5.6,5.6,5.4,5.4,0.662
5.6,5.6,5.5,5.5,0.66
5.6,5.6,5.6,5.6,0.676
5.6,5.6,5.7,5.7,0.672
5.6,5.6,5.8,5.8,0.716
5.6,5.6,5.9,5.9,0.702
5.6,5.6,6.0,6.0,0.692
5.6,5.6,6.1,6.1,0.734
5.6,5.6,6.2,6.2,0.704
5.6,5.6,6.3,6.3,0.726
5.6,5.6,6.4,6.4,0.716
5.6,5.6,6.5,6.5,0.73
5.6,5.6,6.6,6.6,0.716
5.6,5.6,6.7,6.7,0.724
5.6,5.6,6.8,6.8,0.746
5.6,5.6,6.9,6.9,0.736
5.6,5.6,7.0,7.0,0.724
5.6,5.6,7.1,7.1,0.734
5.6,5.6,7.2,7.2,0.772
5.6,5.6,7.3,7.3,0.742
5.6,5.6,7.4,7.4,0.754
5.6,5.6,7.5,7.5,0.75
5.6,5.6,7.6,7.6,0.76
5.6,5.6,7.7,7.7,0.762
5.6,5.6,7.8,7.8,0.78
5.6,5.6,7.9,7.9,0.774
5.6,5.6,8.0,8.0,0.8
5.6,5.6,8.1,8.1,0.756
5.6,5.6,8.2,8.2,0.762
5.6,5.6,8.3,8.3,0.758
5.6,5.6,8.4,8.4,0.766
5.6,5.6,8.5,8.5,0.78
5.6,5.6,8.6,8.6,0.752
5.6,5.6,8.7,8.7,0.756
5.6,5.6,8.8,8.8,0.796
5.6,5.6,8.9,8.9,0.754
5.6,5.6,9.0,9.0,0.784
5.6,5.6,9.1,9.1,0.766
5.6,5.6,9.2,9.2,0.792
5.6,5.6,9.3,9.3,0.798
5.6,5.6,9.4,9.4,0.764
5.6,5.6,9.5,9.5,0.762
5.6,5.6,9.6,9.6,0.76
5.6,5.6,9.7,9.7,0.778
5.6,5.6,9.8,9.8,0.794
5.6,5.6,9.9,9.9,0.766
5.6,5.6,10.0,10.0,0.736
5.6,5.6,10.1,10.1,0.754
5.6,5.6,10.2,10.2,0.774
5.6,5.6,10.3,10.3,0.778
5.6,5.6,10.4,10.4,0.79
5.6,5.6,10.5,10.5,0.756
5.6,5.6,10.6,10.6,0.792
5.6,5.6,10.7,10.7,0.786
5.6,5.6,10.8,10.8,0.782
5.6,5.6,10.9,10.9,0.764
5.6,5.6,11.0,11.0,0.774
5.6,5.6,11.1,11.1,0.77
5.6,5.6,11.2,11.2,0.764
5.6,5.6,11.3,11.3,0.76
5.6,5.6,11.4,11.4,0.752
5.6,5.6,11.5,11.5,0.736
5.6,5.6,11.6,11.6,0.77
5.6,5.6,11.7,11.7,0.756
5.6,5.6,11.8,11.8,0.742
5.6,5.6,11.9,11.9,0.754
5.6,5.6,12.0,12.0,0.71
5.6,5.6,12.1,12.1,0.746
5.6,5.6,12.2,12.2,0.772
5.6,5.6,12.3,12.3,0.732
5.6,5.6,12.4,12.4,0.74
5.6,5.6,12.5,12.5,0.72
5.6,5.6,12.6,12.6,0.732
5.6,5.6,12.7,12.7,0.756
5.6,5.6,12.8,12.8,0.736
5.6,5.6,12.9,12.9,0.744
5.6,5.6,13.0,13.0,0.758
5.6,5.6,13.1,13.1,0.696
5.6,5.6,13.2,13.2,0.698
5.6,5.6,13.3,13.3,0.744
5.6,5.6,13.4,13.4,0.732
5.6,5.6,13.5,13.5,0.722
5.6,5.6,13.6,13.6,0.682
5.6,5.6,13.7,13.7,0.714
5.6,5.6,13.8,13.8,0.712
5.6,5.6,13.9,13.9,0.7
5.6,5.6,14.0,14.0,0.688
5.6,5.6,14.1,14.1,0.672
5.6,5.6,14.2,14.2,0.676
5.6,5.6,14.3,14.3,0.638
5.6,5.6,14.4,14.4,0.704
5.6,5.6,14.5,14.5,0.698
5.6,5.6,14.6,14.6,0.706
5.6,5.6,14.7,14.7,0.67
5.6,5.6,14.8,14.8,0.66
5.6,5.6,14.9,14.9,0.668
5.6,5.6,15.0,15.0,0.604
5.6,5.6,15.1,15.1,0.656
5.7,5.7,0.1,0.1,0.064
5.7,5.7,0.2,0.2,0.054
5.7,5.7,0.3,0.3,0.088
5.7,5.7,0.4,0.4,0.104
5.7,5.7,0.5,0.5,0.118
5.7,5.7,0.6,0.6,0.122
5.7,5.7,0.7,0.7,0.172
5.7,5.7,0.8,0.8,0.16
5.7,5.7,0.9,0.9,0.196
5.7,5.7,1.0,1.0,0.236
5.7,5.7,1.1,1.1,0.244
5.7,5.7,1.2,1.2,0.222
5.7,5.7,1.3,1.3,0.236
5.7,5.7,1.4,1.4,0.26
5.7,5.7,1.5,1.5,0.292
5.7,5.7,1.6,1.6,0.302
5.7,5.7,1.7,1.7,0.35
5.7,5.7,1.8,1.8,0.376
5.7,5.7,1.9,1.9,0.362
5.7,5.7,2.0,2.0,0.378
5.7,5.7,2.1,2.1,0.39
5.7,5.7,2.2,2.2,0.37
5.7,5.7,2.3,2.3,0.434
5.7,5.7,2.4,2.4,0.406
5.7,5.7,2.5,2.5,0.428
5.7,5.7,2.6,2.6,0.438
5.7,5.7,2.7,2.7,0.446
5.7,5.7,2.8,2.8,0.454
5.7,5.7,2.9,2.9,0.518
5.7,5.7,3.0,3.0,0.478
5.7,5.7,3.1,3.1,0.504
5.7,5.7,3.2,3.2,0.506
5.7,5.7,3.3,3.3,0.5
5.7,5.7,3.4,3.4,0.524
5.7,5.7,3.5,3.5,0.54
5.7,5.7,3.6,3.6,0.556
5.7,5.7,3.7,3.7,0.56
5.7,5.7,3.8,3.8,0.56
5.7,5.7,3.9,3.9,0.63
5.7,5.7,4.0,4.0,0.616
5.7,5.7,4.1,4.1,0.584
5.7,5.7,4.2,4.2,0.578
5.7,5.7,4.3,4.3,0.63
5.7,5.7,4.4,4.4,0.604
5.7,5.7,4.5,4.5,0.664
5.7,5.7,4.6,4.6,0.634
5.7,5.7,4.7,4.7,0.628
5.7,5.7,4.8,4.8,0.644
5.7,5.7,4.9,4.9,0.662
5.7,5.7,5.0,5.0,0.642
5.7,5.7,5.1,5.1,0.69
5.7,5.7,5.2,5.2,0.69
5.7,5.7,5.3,5.3,0.662
5.7,5.7,5.4,5.4,0.712
5.7,5.7,5.5,5.5,0.718
5.7,5.7,5.6,5.6,0.656
5.7,5.7,5.7,5.7,0.646
5.7,5.7,5.8,5.8,0.734
5.7,5.7,5.9,5.9,0.712
5.7,5.7,6.0,6.0,0.706
5.7,5.7,6.1,6.1,0.728
5.7,5.7,6.2,6.2,0.672
5.7,5.7,6.3,6.3,0.708
5.7,5.7,6.4,6.4,0.73
5.7,5.7,6.5,6.5,0.692
5.7,5.7,6.6,6.6,0.728
5.7,5.7,6.7,6.7,0.708
5.7,5.7,6.8,6.8,0.71
5.7,5.7,6.9,6.9,0.746
5.7,5.7,7.0,7.0,0.772
5.7,5.7,7.1,7.1,0.766
5.7,5.7,7.2,7.2,0.774
5.7,5.7,7.3,7.3,0.748
5.7,5.7,7.4,7.4,0.736
5.7,5.7,7.5,7.5,0.736
5.7,5.7,7.6,7.6,0.748
5.7,5.7,7.7,7.7,0.758
5.7,5.7,7.8,7.8,0.762
5.7,5.7,7.9,7.9,0.748
5.7,5.7,8.0,8.0,0.798
5.7,5.7,8.1,8.1,0.77
5.7,5.7,8.2,8.2,0.726
5.7,5.7,8.3,8.3,0.772
5.7,5.7,8.4,8.4,0.79
5.7,5.7,8.5,8.5,0.744
5.7,5.7,8.6,8.6,0.774
5.7,5.7,8.7,8.7,0.758
5.7,5.7,8.8,8.8,0.79
5.7,5.7,8.9,8.9,0.786
5.7,5.7,9.0,9.0,0.76
5.7,5.7,9.1,9.1,0.778
5.7,5.7,9.2,9.2,0.774
5.7,5.7,9.3,9.3,0.768
5.7,5.7,9.4,9.4,0.77
5.7,5.7,9.5,9.5,0.792
5.7,5.7,9.6,9.6,0.764
5.7,5.7,9.7,9.7,0.78
5.7,5.7,9.8,9.8,0.786
5.7,5.7,9.9,9.9,0.774
5.7,5.7,10.0,10.0,0.764
5.7,5.7,10.1,10.1,0.742
5.7,5.7,10.2,10.2,0.744
5.7,5.7,10.3,10.3,0.764
5.7,5.7,10.4,10.4,0.772
5.7,5.7,10.5,10.5,0.774
5.7,5.7,10.6,10.6,0.752
5.7,5.7,10.7,10.7,0.724
5.7,5.7,10.8,10.8,0.776
5.7,5.7,10.9,10.9,0.78
5.7,5.7,11.0,11.0,0.784
5.7,5.7,11.1,11.1,0.764
5.7,5.7,11.2,11.2,0.762
5.7,5.7,11.3,11.3,0.778
5.7,5.7,11.4,11.4,0.744
5.7,5.7,11.5,11.5,0.784
5.7,5.7,11.6,11.6,0.748
5.7,5.7,11.7,11.7,0.784
5.7,5.7,11.8,11.8,0.724
5.7,5.7,11.9,11.9,0.774
5.7,5.7,12.0,12.0,0.77
5.7,5.7,12.1,12.1,0.714
5.7,5.7,12.2,12.2,0.726
5.7,5.7,12.3,12.3,0.732
5.7,5.7,12.4,12.4,0.744
5.7,5.7,12.5,12.5,0.762
5.7,5.7,12.6,12.6,0.734
5.7,5.7,12.7,12.7,0.78
5.7,5.7,12.8,12.8,0.726
5.7,5.7,12.9,12.9,0.744
5.7,5.7,13.0,13.0,0.698
5.7,5.7,13.1,13.1,0.752
5.7,5.7,13.2,13.2,0.744
5.7,5.7,13.3,13.3,0.734
5.7,5.7,13.4,13.4,0.714
5.7,5.7,13.5,13.5,0.728
5.7,5.7,13.6,13.6,0.71
5.7,5.7,13.7,13.7,0.712
5.7,5.7,13.8,13.8,0.702
5.7,5.7,13.9,13.9,0.692
5.7,5.7,14.0,14.0,0.692
5.7,5.7,14.1,14.1,0.696
5.7,5.7,14.2,14.2,0.718
5.7,5.7,14.3,14.3,0.716
5.7,5.7,14.4,14.4,0.684
5.7,5.7,14.5,14.5,0.688
5.7,5.7,14.6,14.6,0.692
5.7,5.7,14.7,14.7,0.696
5.7,5.7,14.8,14.8,0.68
5.7,5.7,14.9,14.9,0.668
5.7,5.7,15.0,15.0,0.646
5.7,5.7,15.1,15.1,0.674
5.8,5.8,0.1,0.1,0.026
5.8,5.8,0.2,0.2,0.072
5.8,5.8,0.3,0.3,0.082
5.8,5.8,0.4,0.4,0.118
5.8,5.8,0.5,0.5,0.142
5.8,5.8,0.6,0.6,0.15
5.8,5.8,0.7,0.7,0.12
5.8,5.8,0.8,0.8,0.164
5.8,5.8,0.9,0.9,0.194
5.8,5.8,1.0,1.0,0.206
5.8,5.8,1.1,1.1,0.242
5.8,5.8,1.2,1.2,0.26
5.8,5.8,1.3,1.3,0.24
5.8,5.8,1.4,1.4,0.28
5.8,5.8,1.5,1.5,0.302
5.8,5.8,1.6,1.6,0.332
5.8,5.8,1.7,1.7,0.304
5.8,5.8,1.8,1.8,0.352
5.8,5.8,1.9,1.9,0.374
5.8,5.8,2.0,2.0,0.328
5.8,5.8,2.1,2.1,0.348
5.8,5.8,2.2,2.2,0.366
5.8,5.8,2.3,2.3,0.418
5.8,5.8,2.4,2.4,0.418
5.8,5.8,2.5,2.5,0.382
5.8,5.8,2.6,2.6,0.452
5.8,5.8,2.7,2.7,0.448
5.8,5.8,2.8,2.8,0.452
5.8,5.8,2.9,2.9,0.47
5.8,5.8,3.0,3.0,0.464
5.8,5.8,3.1,3.1,0.486
5.8,5.8,3.2,3.2,0.526
5.8,5.8,3.3,3.3,0.54
5.8,5.8,3.4,3.4,0.548
5.8,5.8,3.5,3.5,0.572
5.8,5.8,3.6,3.6,0.516
5.8,5.8,3.7,3.7,0.526
5.8,5.8,3.8,3.8,0.49
5.8,5.8,3.9,3.9,0.582
5.8,5.8,4.0,4.0,0.562
5.8,5.8,4.1,4.1,0.604
5.8,5.8,4.2,4.2,0.608
5.8,5.8,4.3,4.3,0.63
5.8,5.8,4.4,4.4,0.622
5.8,5.8,4.5,4.5,0.64
5.8,5.8,4.6,4.6,0.658
5.8,5.8,4.7,4.7,0.594
5.8,5.8,4.8,4.8,0.636
5.8,5.8,4.9,4.9,0.654
5.8,5.8,5.0,5.0,0.644
5.8,5.8,5.1,5.1,0.668
5.8,5.8,5.2,5.2,0.6
5.8,5.8,5.3,5.3,0.71
5.8,5.8,5.4,5.4,0.696
5.8,5.8,5.5,5.5,0.696
5.8,5.8,5.6,5.6,0.664
5.8,5.8,5.7,5.7,0.674
5.8,5.8,5.8,5.8,0.732
5.8,5.8,5.9,5.9,0.678
5.8,5.8,6.0,6.0,0.69
5.8,5.8,6.1,6.1,0.714
5.8,5.8,6.2,6.2,0.718
5.8,5.8,6.3,6.3,0.696
5.8,5.8,6.4,6.4,0.696
5.8,5.8,6.5,6.5,0.698
5.8,5.8,6.6,6.6,0.736
5.8,5.8,6.7,6.7,0.722
5.8,5.8,6.8,6.8,0.72
5.8,5.8,6.9,6.9,0.738
5.8,5.8,7.0,7.0,0.732
5.8,5.8,7.1,7.1,0.784
5.8,5.8,7.2,7.2,0.74
5.8,5.8,7.3,7.3,0.738
5.8,5.8,7.4,7.4,0.796
5.8,5.8,7.5,7.5,0.734
5.8,5.8,7.6,7.6,0.738
5.8,5.8,7.7,7.7,0.748
5.8,5.8,7.8,7.8,0.77
5.8,5.8,7.9,7.9,0.714
5.8,5.8,8.0,8.0,0.768
5.8,5.8,8.1,8.1,0.736
5.8,5.8,8.2,8.2,0.76
5.8,5.8,8.3,8.3,0.742
5.8,5.8,8.4,8.4,0.782
5.8,5.8,8.5,8.5,0.766
5.8,5.8,8.6,8.6,0.78
5.8,5.8,8.7,8.7,0.744
5.8,5.8,8.8,8.8,0.764
5.8,5.8,8.9,8.9,0.756
5.8,5.8,9.0,9.0,0.746
5.8,5.8,9.1,9.1,0.772
5.8,5.8,9.2,9.2,0.758
5.8,5.8,9.3,9.3,0.76
5.8,5.8,9.4,9.4,0.788
5.8,5.8,9.5,9.5,0.778
5.8,5.8,9.6,9.6,0.806
5.8,5.8,9.7,9.7,0.782
5.8,5.8,9.8,9.8,0.744
5.8,5.8,9.9,9.9,0.774
5.8,5.8,10.0,10.0,0.76
5.8,5.8,10.1,10.1,0.744
5.8,5.8,10.2,10.2,0.766
5.8,5.8,10.3,10.3,0.764
5.8,5.8,10.4,10.4,0.736
5.8,5.8,10.5,10.5,0.74
5.8,5.8,10.6,10.6,0.766
5.8,5.8,10.7,10.7,0.762
5.8,5.8,10.8,10.8,0.736
5.8,5.8,10.9,10.9,0.778
5.8,5.8,11.0,11.0,0.776
5.8,5.8,11.1,11.1,0.76
5.8,5.8,11.2,11.2,0.79
5.8,5.8,11.3,11.3,0.79
5.8,5.8,11.4,11.4,0.734
5.8,5.8,11.5,11.5,0.758
5.8,5.8,11.6,11.6,0.752
5.8,5.8,11.7,11.7,0.71
5.8,5.8,11.8,11.8,0.754
5.8,5.8,11.9,11.9,0.75
5.8,5.8,12.0,12.0,0.75
5.8,5.8,12.1,12.1,0.754
5.8,5.8,12.2,12.2,0.786
5.8,5.8,12.3,12.3,0.77
5.8,5.8,12.4,12.4,0.732
5.8,5.8,12.5,12.5,0.736
5.8,5.8,12.6,12.6,0.734
5.8,5.8,12.7,12.7,0.758
5.8,5.8,12.8,12.8,0.748
5.8,5.8,12.9,12.9,0.738
5.8,5.8,13.0,13.0,0.74
5.8,5.8,13.1,13.1,0.726
5.8,5.8,13.2,13.2,0.746
5.8,5.8,13.3,13.3,0.726
5.8,5.8,13.4,13.4,0.726
5.8,5.8,13.5,13.5,0.722
5.8,5.8,13.6,13.6,0.69
5.8,5.8,13.7,13.7,0.722
5.8,5.8,13.8,13.8,0.732
5.8,5.8,13.9,13.9,0.706
5.8,5.8,14.0,14.0,0.706
5.8,5.8,14.1,14.1,0.726
5.8,5.8,14.2,14.2,0.744
5.8,5.8,14.3,14.3,0.732
5.8,5.8,14.4,14.4,0.656
5.8,5.8,14.5,14.5,0.67
5.8,5.8,14.6,14.6,0.68
5.8,5.8,14.7,14.7,0.668
5.8,5.8,14.8,14.8,0.694
5.8,5.8,14.9,14.9,0.666
5.8,5.8,15.0,15.0,0.668
5.8,5.8,15.1,15.1,0.69
5.9,5.9,0.1,0.1,0.04
5.9,5.9,0.2,0.2,0.062
5.9,5.9,0.3,0.3,0.088
5.9,5.9,0.4,0.4,0.082
5.9,5.9,0.5,0.5,0.09
5.9,5.9,0.6,0.6,0.13
5.9,5.9,0.7,0.7,0.168
5.9,5.9,0.8,0.8,0.174
5.9,5.9,0.9,0.9,0.204
5.9,5.9,1.0,1.0,0.216
5.9,5.9,1.1,1.1,0.228
5.9,5.9,1.2,1.2,0.248
5.9,5.9,1.3,1.3,0.262
5.9,5.9,1.4,1.4,0.274
5.9,5.9,1.5,1.5,0.274
5.9,5.9,1.6,1.6,0.316
5.9,5.9,1.7,1.7,0.346
5.9,5.9,1.8,1.8,0.334
5.9,5.9,1.9,1.9,0.362
5.9,5.9,2.0,2.0,0.358
5.9,5.9,2.1,2.1,0.384
5.9,5.9,2.2,2.2,0.378
5.9,5.9,2.3,2.3,0.394
5.9,5.9,2.4,2.4,0.45
5.9,5.9,2.5,2.5,0.396
5.9,5.9,2.6,2.6,0.448
5.9,5.9,2.7,2.7,0.478
5.9,5.9,2.8,2.8,0.468
5.9,5.9,2.9,2.9,0.476
5.9,5.9,3.0,3.0,0.52
5.9,5.9,3.1,3.1,0.544
5.9,5.9,3.2,3.2,0.516
5.9,5.9,3.3,3.3,0.542
5.9,5.9,3.4,3.4,0.492
5.9,5.9,3.5,3.5,0.532
5.9,5.9,3.6,3.6,0.568
5.9,5.9,3.7,3.7,0.548
5.9,5.9,3.8,3.8,0.548
5.9,5.9,3.9,3.9,0.584
5.9,5.9,4.0,4.0,0.58
5.9,5.9,4.1,4.1,0.566
5.9,5.9,4.2,4.2,0.586
5.9,5.9,4.3,4.3,0.584
5.9,5.9,4.4,4.4,0.638
5.9,5.9,4.5,4.5,0.628
5.9,5.9,4.6,4.6,0.598
5.9,5.9,4.7,4.7,0.624
5.9,5.9,4.8,4.8,0.61
5.9,5.9,4.9,4.9,0.634
5.9,5.9,5.0,5.0,0.65
5.9,5.9,5.1,5.1,0.642
5.9,5.9,5.2,5.2,0.656
5.9,5.9,5.3,5.3,0.71
5.9,5.9,5.4,5.4,0.662
5.9,5.9,5.5,5.5,0.666
5.9,5.9,5.6,5.6,0.698
5.9,5.9,5.7,5.7,0.676
5.9,5.9,5.8,5.8,0.666
5.9,5.9,5.9,5.9,0.682
5.9,5.9,6.0,6.0,0.694
5.9,5.9,6.1,6.1,0.74
5.9,5.9,6.2,6.2,0.722
5.9,5.9,6.3,6.3,0.722
5.9,5.9,6.4,6.4,0.71
5.9,5.9,6.5,6.5,0.714
5.9,5.9,6.6,6.6,0.716
5.9,5.9,6.7,6.7,0.676
5.9,5.9,6.8,6.8,0.686
5.9,5.9,6.9,6.9,0.72
5.9,5.9,7.0,7.0,0.716
5.9,5.9,7.1,7.1,0.756
5.9,5.9,7.2,7.2,0.778
5.9,5.9,7.3,7.3,0.72
5.9,5.9,7.4,7.4,0.722
5.9,5.9,7.5,7.5,0.75
5.9,5.9,7.6,7.6,0.762
5.9,5.9,7.7,7.7,0.772
5.9,5.9,7.8,7.8,0.79
5.9,5.9,7.9,7.9,0.726
5.9,5.9,8.0,8.0,0.754
5.9,5.9,8.1,8.1,0.762
5.9,5.9,8.2,8.2,0.734
5.9,5.9,8.3,8.3,0.76
5.9,5.9,8.4,8.4,0.77
5.9,5.9,8.5,8.5,0.81
5.9,5.9,8.6,8.6,0.758
5.9,5.9,8.7,8.7,0.746
5.9,5.9,8.8,8.8,0.772
5.9,5.9,8.9,8.9,0.758
5.9,5.9,9.0,9.0,0.748
5.9,5.9,9.1,9.1,0.77
5.9,5.9,9.2,9.2,0.786
5.9,5.9,9.3,9.3,0.782
5.9,5.9,9.4,9.4,0.77
5.9,5.9,9.5,9.5,0.78
5.9,5.9,9.6,9.6,0.758
5.9,5.9,9.7,9.7,0.764
5.9,5.9,9.8,9.8,0.78
5.9,5.9,9.9,9.9,0.768
5.9,5.9,10.0,10.0,0.762
5.9,5.9,10.1,10.1,0.768
5.9,5.9,10.2,10.2,0.786
5.9,5.9,10.3,10.3,0.75
5.9,5.9,10.4,10.4,0.768
5.9,5.9,10.5,10.5,0.766
5.9,5.9,10.6,10.6,0.806
5.9,5.9,10.7,10.7,0.794
5.9,5.9,10.8,10.8,0.786
5.9,5.9,10.9,10.9,0.752
5.9,5.9,11.0,11.0,0.788
5.9,5.9,11.1,11.1,0.748
5.9,5.9,11.2,11.2,0.768
5.9,5.9,11.3,11.3,0.76
5.9,5.9,11.4,11.4,0.762
5.9,5.9,11.5,11.5,0.76
5.9,5.9,11.6,11.6,0.754
5.9,5.9,11.7,11.7,0.776
5.9,5.9,11.8,11.8,0.752
5.9,5.9,11.9,11.9,0.74
5.9,5.9,12.0,12.0,0.774
5.9,5.9,12.1,12.1,0.77
5.9,5.9,12.2,12.2,0.752
5.9,5.9,12.3,12.3,0.734
5.9,5.9,12.4,12.4,0.72
5.9,5.9,12.5,12.5,0.762
5.9,5.9,12.6,12.6,0.722
5.9,5.9,12.7,12.7,0.746
5.9,5.9,12.8,12.8,0.754
5.9,5.9,12.9,12.9,0.77
5.9,5.9,13.0,13.0,0.756
5.9,5.9,13.1,13.1,0.72
5.9,5.9,13.2,13.2,0.772
5.9,5.9,13.3,13.3,0.712
5.9,5.9,13.4,13.4,0.716
5.9,5.9,13.5,13.5,0.734
5.9,5.9,13.6,13.6,0.722
5.9,5.9,13.7,13.7,0.772
5.9,5.9,13.8,13.8,0.69
5.9,5.9,13.9,13.9,0.714
5.9,5.9,14.0,14.0,0.738
5.9,5.9,14.1,14.1,0.726
5.9,5.9,14.2,14.2,0.72
5.9,5.9,14.3,14.3,0.718
5.9,5.9,14.4,14.4,0.692
5.9,5.9,14.5,14.5,0.694
5.9,5.9,14.6,14.6,0.636
5.9,5.9,14.7,14.7,0.708
5.9,5.9,14.8,14.8,0.728
5.9,5.9,14.9,14.9,0.716
5.9,5.9,15.0,15.0,0.684
5.9,5.9,15.1,15.1,0.662
6.0,6.0,0.1,0.1,0.054
6.0,6.0,0.2,0.2,0.072
6.0,6.0,0.3,0.3,0.082
6.0,6.0,0.4,0.4,0.084
6.0,6.0,0.5,0.5,0.118
6.0,6.0,0.6,0.6,0.148
6.0,6.0,0.7,0.7,0.15
6.0,6.0,0.8,0.8,0.146
6.0,6.0,0.9,0.9,0.19
6.0,6.0,1.0,1.0,0.186
6.0,6.0,1.1,1.1,0.228
6.0,6.0,1.2,1.2,0.238
6.0,6.0,1.3,1.3,0.306
6.0,6.0,1.4,1.4,0.248
6.0,6.0,1.5,1.5,0.302
6.0,6.0,1.6,1.6,0.338
6.0,6.0,1.7,1.7,0.28
6.0,6.0,1.8,1.8,0.314
6.0,6.0,1.9,1.9,0.344
6.0,6.0,2.0,2.0,0.332
6.0,6.0,2.1,2.1,0.376
6.0,6.0,2.2,2.2,0.374
6.0,6.0,2.3,2.3,0.394
6.0,6.0,2.4,2.4,0.438
6.0,6.0,2.5,2.5,0.446
6.0,6.0,2.6,2.6,0.424
6.0,6.0,2.7,2.7,0.424
6.0,6.0,2.8,2.8,0.466
6.0,6.0,2.9,2.9,0.448
6.0,6.0,3.0,3.0,0.454
6.0,6.0,3.1,3.1,0.454
6.0,6.0,3.2,3.2,0.468
6.0,6.0,3.3,3.3,0.498
6.0,6.0,3.4,3.4,0.53
6.0,6.0,3.5,3.5,0.538
6.0,6.0,3.6,3.6,0.536
6.0,6.0,3.7,3.7,0.572
6.0,6.0,3.8,3.8,0.586
6.0,6.0,3.9,3.9,0.53
6.0,6.0,4.0,4.0,0.57
6.0,6.0,4.1,4.1,0.576
6.0,6.0,4.2,4.2,0.62
6.0,6.0,4.3,4.3,0.546
6.0,6.0,4.4,4.4,0.558
6.0,6.0,4.5,4.5,0.586
6.0,6.0,4.6,4.6,0.63
6.0,6.0,4.7,4.7,0.65
6.0,6.0,4.8,4.8,0.604
6.0,6.0,4.9,4.9,0.59
6.0,6.0,5.0,5.0,0.66
6.0,6.0,5.1,5.1,0.662
6.0,6.0,5.2,5.2,0.67
6.0,6.0,5.3,5.3,0.664
6.0,6.0,5.4,5.4,0.694
6.0,6.0,5.5,5.5,0.628
6.0,6.0,5.6,5.6,0.696
6.0,6.0,5.7,5.7,0.668
6.0,6.0,5.8,5.8,0.674
6.0,6.0,5.9,5.9,0.696
6.0,6.0,6.0,6.0,0.704
6.0,6.0,6.1,6.1,0.682
6.0,6.0,6.2,6.2,0.7
6.0,6.0,6.3,6.3,0.698
6.0,6.0,6.4,6.4,0.7
6.0,6.0,6.5,6.5,0.698
6.0,6.0,6.6,6.6,0.738
6.0,6.0,6.7,6.7,0.716
6.0,6.0,6.8,6.8,0.69
6.0,6.0,6.9,6.9,0.722
6.0,6.0,7.0,7.0,0.73
6.0,6.0,7.1,7.1,0.714
6.0,6.0,7.2,7.2,0.718
6.0,6.0,7.3,7.3,0.744
6.0,6.0,7.4,7.4,0.718
6.0,6.0,7.5,7.5,0.73
6.0,6.0,7.6,7.6,0.72
6.0,6.0,7.7,7.7,0.73
6.0,6.0,7.8,7.8,0.728
6.0,6.0,7.9,7.9,0.766
6.0,6.0,8.0,8.0,0.736
6.0,6.0,8.1,8.1,0.782
6.0,6.0,8.2,8.2,0.726
6.0,6.0,8.3,8.3,0.762
6.0,6.0,8.4,8.4,0.75
6.0,6.0,8.5,8.5,0.74
6.0,6.0,8.6,8.6,0.746
6.0,6.0,8.7,8.7,0.782
6.0,6.0,8.8,8.8,0.766
6.0,6.0,8.9,8.9,0.776
6.0,6.0,9.0,9.0,0.73
6.0,6.0,9.1,9.1,0.754
6.0,6.0,9.2,9.2,0.734
6.0,6.0,9.3,9.3,0.758
6.0,6.0,9.4,9.4,0.758
6.0,6.0,9.5,9.5,0.726
6.0,6.0,9.6,9.6,0.78
6.0,6.0,9.7,9.7,0.768
6.0,6.0,9.8,9.8,0.764
6.0,6.0,9.9,9.9,0.798
6.0,6.0,10.0,10.0,0.764
6.0,6.0,10.1,10.1,0.78
6.0,6.0,10.2,10.2,0.766
6.0,6.0,10.3,10.3,0.77
6.0,6.0,10.4,10.4,0.742
6.0,6.0,10.5,10.5,0.768
6.0,6.0,10.6,10.6,0.76
6.0,6.0,10.7,10.7,0.776
6.0,6.0,10.8,10.8,0.804
6.0,6.0,10.9,10.9,0.762
6.0,6.0,11.0,11.0,0.79
6.0,6.0,11.1,11.1,0.816
6.0,6.0,11.2,11.2,0.816
6.0,6.0,11.3,11.3,0.776
6.0,6.0,11.4,11.4,0.724
6.0,6.0,11.5,11.5,0.778
6.0,6.0,11.6,11.6,0.754
6.0,6.0,11.7,11.7,0.772
6.0,6.0,11.8,11.8,0.754
6.0,6.0,11.9,11.9,0.748
6.0,6.0,12.0,12.0,0.748
6.0,6.0,12.1,12.1,0.728
6.0,6.0,12.2,12.2,0.748
6.0,6.0,12.3,12.3,0.756
6.0,6.0,12.4,12.4,0.804
6.0,6.0,12.5,12.5,0.75
6.0,6.0,12.6,12.6,0.756
6.0,6.0,12.7,12.7,0.77
6.0,6.0,12.8,12.8,0.766
6.0,6.0,12.9,12.9,0.698
6.0,6.0,13.0,13.0,0.726
6.0,6.0,13.1,13.1,0.784
6.0,6.0,13.2,13.2,0.752
6.0,6.0,13.3,13.3,0.734
6.0,6.0,13.4,13.4,0.722
6.0,6.0,13.5,13.5,0.726
6.0,6.0,13.6,13.6,0.734
6.0,6.0,13.7,13.7,0.768
6.0,6.0,13.8,13.8,0.772
6.0,6.0,13.9,13.9,0.744
6.0,6.0,14.0,14.0,0.714
6.0,6.0,14.1,14.1,0.722
6.0,6.0,14.2,14.2,0.738
6.0,6.0,14.3,14.3,0.712
6.0,6.0,14.4,14.4,0.758
6.0,6.0,14.5,14.5,0.732
6.0,6.0,14.6,14.6,0.686
6.0,6.0,14.7,14.7,0.68
6.0,6.0,14.8,14.8,0.722
6.0,6.0,14.9,14.9,0.704
6.0,6.0,15.0,15.0,0.708
6.0,6.0,15.1,15.1,0.668
6.1,6.1,0.1,0.1,0.058
6.1,6.1,0.2,0.2,0.076
6.1,6.1,0.3,0.3,0.07
6.1,6.1,0.4,0.4,0.086
6.1,6.1,0.5,0.5,0.128
6.1,6.1,0.6,0.6,0.126
6.1,6.1,0.7,0.7,0.172
6.1,6.1,0.8,0.8,0.158
6.1,6.1,0.9,0.9,0.2
6.1,6.1,1.0,1.0,0.214
6.1,6.1,1.1,1.1,0.238
6.1,6.1,1.2,1.2,0.216
6.1,6.1,1.3,1.3,0.238
6.1,6.1,1.4,1.4,0.32
6.1,6.1,1.5,1.5,0.256
6.1,6.1,1.6,1.6,0.286
6.1,6.1,1.7,1.7,0.3
6.1,6.1,1.8,1.8,0.366
6.1,6.1,1.9,1.9,0.356
6.1,6.1,2.0,2.0,0.366
6.1,6.1,2.1,2.1,0.358
6.1,6.1,2.2,2.2,0.366
6.1,6.1,2.3,2.3,0.422
6.1,6.1,2.4,2.4,0.416
6.1,6.1,2.5,2.5,0.388
6.1,6.1,2.6,2.6,0.444
6.1,6.1,2.7,2.7,0.438
6.1,6.1,2.8,2.8,0.46
6.1,6.1,2.9,2.9,0.406
6.1,6.1,3.0,3.0,0.502
6.1,6.1,3.1,3.1,0.484
6.1,6.1,3.2,3.2,0.494
6.1,6.1,3.3,3.3,0.502
6.1,6.1,3.4,3.4,0.492
6.1,6.1,3.5,3.5,0.528
6.1,6.1,3.6,3.6,0.512
6.1,6.1,3.7,3.7,0.53
6.1,6.1,3.8,3.8,0.596
6.1,6.1,3.9,3.9,0.544
6.1,6.1,4.0,4.0,0.574
6.1,6.1,4.1,4.1,0.58
6.1,6.1,4.2,4.2,0.652
6.1,6.1,4.3,4.3,0.562
6.1,6.1,4.4,4.4,0.58
6.1,6.1,4.5,4.5,0.65
6.1,6.1,4.6,4.6,0.624
6.1,6.1,4.7,4.7,0.592
6.1,6.1,4.8,4.8,0.652
6.1,6.1,4.9,4.9,0.646
6.1,6.1,5.0,5.0,0.652
6.1,6.1,5.1,5.1,0.644
6.1,6.1,5.2,5.2,0.64
6.1,6.1,5.3,5.3,0.664
6.1,6.1,5.4,5.4,0.634
6.1,6.1,5.5,5.5,0.68
6.1,6.1,5.6,5.6,0.636
6.1,6.1,5.7,5.7,0.696
6.1,6.1,5.8,5.8,0.704
6.1,6.1,5.9,5.9,0.7
6.1,6.1,6.0,6.0,0.668
6.1,6.1,6.1,6.1,0.708
6.1,6.1,6.2,6.2,0.702
6.1,6.1,6.3,6.3,0.702
6.1,6.1,6.4,6.4,0.674
6.1,6.1,6.5,6.5,0.698
6.1,6.1,6.6,6.6,0.716
6.1,6.1,6.7,6.7,0.718
6.1,6.1,6.8,6.8,0.704
6.1,6.1,6.9,6.9,0.734
6.1,6.1,7.0,7.0,0.75
6.1,6.1,7.1,7.1,0.736
6.1,6.1,7.2,7.2,0.744
6.1,6.1,7.3,7.3,0.734
6.1,6.1,7.4,7.4,0.73
6.1,6.1,7.5,7.5,0.75
6.1,6.1,7.6,7.6,0.724
6.1,6.1,7.7,7.7,0.724
6.1,6.1,7.8,7.8,0.73
6.1,6.1,7.9,7.9,0.73
6.1,6.1,8.0,8.0,0.714
6.1,6.1,8.1,8.1,0.75
6.1,6.1,8.2,8.2,0.736
6.1,6.1,8.3,8.3,0.766
6.1,6.1,8.4,8.4,0.736
6.1,6.1,8.5,8.5,0.774
6.1,6.1,8.6,8.6,0.748
6.1,6.1,8.7,8.7,0.742
6.1,6.1,8.8,8.8,0.736
6.1,6.1,8.9,8.9,0.808
6.1,6.1,9.0,9.0,0.734
6.1,6.1,9.1,9.1,0.74
6.1,6.1,9.2,9.2,0.768
6.1,6.1,9.3,9.3,0.802
6.1,6.1,9.4,9.4,0.766
6.1,6.1,9.5,9.5,0.762
6.1,6.1,9.6,9.6,0.748
6.1,6.1,9.7,9.7,0.808
6.1,6.1,9.8,9.8,0.768
6.1,6.1,9.9,9.9,0.812
6.1,6.1,10.0,10.0,0.778
6.1,6.1,10.1,10.1,0.762
6.1,6.1,10.2,10.2,0.78
6.1,6.1,10.3,10.3,0.76
6.1,6.1,10.4,10.4,0.798
6.1,6.1,10.5,10.5,0.776
6.1,6.1,10.6,10.6,0.744
6.1,6.1,10.7,10.7,0.782
6.1,6.1,10.8,10.8,0.778
6.1,6.1,10.9,10.9,0.792
6.1,6.1,11.0,11.0,0.768
6.1,6.1,11.1,11.1,0.75
6.1,6.1,11.2,11.2,0.762
6.1,6.1,11.3,11.3,0.774
6.1,6.1,11.4,11.4,0.738
6.1,6.1,11.5,11.5,0.786
6.1,6.1,11.6,11.6,0.774
6.1,6.1,11.7,11.7,0.768
6.1,6.1,11.8,11.8,0.784
6.1,6.1,11.9,11.9,0.752
6.1,6.1,12.0,12.0,0.75
6.1,6.1,12.1,12.1,0.794
6.1,6.1,12.2,12.2,0.75
6.1,6.1,12.3,12.3,0.742
6.1,6.1,12.4,12.4,0.76
6.1,6.1,12.5,12.5,0.762
6.1,6.1,12.6,12.6,0.77
6.1,6.1,12.7,12.7,0.77
6.1,6.1,12.8,12.8,0.74
6.1,6.1,12.9,12.9,0.756
6.1,6.1,13.0,13.0,0.768
6.1,6.1,13.1,13.1,0.744
6.1,6.1,13.2,13.2,0.732
6.1,6.1,13.3,13.3,0.724
6.1,6.1,13.4,13.4,0.742
6.1,6.1,13.5,13.5,0.74
6.1,6.1,13.6,13.6,0.718
6.1,6.1,13.7,13.7,0.732
6.1,6.1,13.8,13.8,0.764
6.1,6.1,13.9,13.9,0.742
6.1,6.1,14.0,14.0,0.748
6.1,6.1,14.1,14.1,0.726
6.1,6.1,14.2,14.2,0.752
6.1,6.1,14.3,14.3,0.698
6.1,6.1,14.4,14.4,0.706
6.1,6.1,14.5,14.5,0.726
6.1,6.1,14.6,14.6,0.694
6.1,6.1,14.7,14.7,0.712
6.1,6.1,14.8,14.8,0.678
6.1,6.1,14.9,14.9,0.706
6.1,6.1,15.0,15.0,0.726
6.1,6.1,15.1,15.1,0.724
6.2,6.2,0.1,0.1,0.048
6.2,6.2,0.2,0.2,0.072
6.2,6.2,0.3,0.3,0.084
6.2,6.2,0.4,0.4,0.084
6.2,6.2,0.5,0.5,0.12
6.2,6.2,0.6,0.6,0.136
6.2,6.2,0.7,0.7,0.158
6.2,6.2,0.8,0.8,0.158
6.2,6.2,0.9,0.9,0.166
6.2,6.2,1.0,1.0,0.164
6.2,6.2,1.1,1.1,0.214
6.2,6.2,1.2,1.2,0.242
6.2,6.2,1.3,1.3,0.246
6.2,6.2,1.4,1.4,0.26
6.2,6.2,1.5,1.5,0.294
6.2,6.2,1.6,1.6,0.308
6.2,6.2,1.7,1.7,0.304
6.2,6.2,1.8,1.8,0.34
6.2,6.2,1.9,1.9,0.364
6.2,6.2,2.0,2.0,0.346
6.2,6.2,2.1,2.1,0.342
6.2,6.2,2.2,2.2,0.362
6.2,6.2,2.3,2.3,0.354
6.2,6.2,2.4,2.4,0.39
6.2,6.2,2.5,2.5,0.428
6.2,6.2,2.6,2.6,0.43
6.2,6.2,2.7,2.7,0.47
6.2,6.2,2.8,2.8,0.446
6.2,6.2,2.9,2.9,0.476
6.2,6.2,3.0,3.0,0.476
6.2,6.2,3.1,3.1,0.452
6.2,6.2,3.2,3.2,0.458
6.2,6.2,3.3,3.3,0.5
6.2,6.2,3.4,3.4,0.516
6.2,6.2,3.5,3.5,0.478
6.2,6.2,3.6,3.6,0.532
6.2,6.2,3.7,3.7,0.546
6.2,6.2,3.8,3.8,0.524
6.2,6.2,3.9,3.9,0.552
6.2,6.2,4.0,4.0,0.596
6.2,6.2,4.1,4.1,0.572
6.2,6.2,4.2,4.2,0.572
6.2,6.2,4.3,4.3,0.594
6.2,6.2,4.4,4.4,0.618
6.2,6.2,4.5,4.5,0.576
6.2,6.2,4.6,4.6,0.644
6.2,6.2,4.7,4.7,0.616
6.2,6.2,4.8,4.8,0.644
6.2,6.2,4.9,4.9,0.636
6.2,6.2,5.0,5.0,0.612
6.2,6.2,5.1,5.1,0.644
6.2,6.2,5.2,5.2,0.67
6.2,6.2,5.3,5.3,0.63
6.2,6.2,5.4,5.4,0.652
6.2,6.2,5.5,5.5,0.654
6.2,6.2,5.6,5.6,0.648
6.2,6.2,5.7,5.7,0.688
6.2,6.2,5.8,5.8,0.68
6.2,6.2,5.9,5.9,0.722
6.2,6.2,6.0,6.0,0.672
6.2,6.2,6.1,6.1,0.702
6.2,6.2,6.2,6.2,0.714
6.2,6.2,6.3,6.3,0.658
6.2,6.2,6.4,6.4,0.71
6.2,6.2,6.5,6.5,0.686
6.2,6.2,6.6,6.6,0.708
6.2,6.2,6.7,6.7,0.71
6.2,6.2,6.8,6.8,0.718
6.2,6.2,6.9,6.9,0.69
6.2,6.2,7.0,7.0,0.676
6.2,6.2,7.1,7.1,0.74
6.2,6.2,7.2,7.2,0.736
6.2,6.2,7.3,7.3,0.74
6.2,6.2,7.4,7.4,0.684
6.2,6.2,7.5,7.5,0.764
6.2,6.2,7.6,7.6,0.75
6.2,6.2,7.7,7.7,0.728
6.2,6.2,7.8,7.8,0.736
6.2,6.2,7.9,7.9,0.748
6.2,6.2,8.0,8.0,0.746
6.2,6.2,8.1,8.1,0.77
6.2,6.2,8.2,8.2,0.76
6.2,6.2,8.3,8.3,0.738
6.2,6.2,8.4,8.4,0.744
6.2,6.2,8.5,8.5,0.75
6.2,6.2,8.6,8.6,0.728
6.2,6.2,8.7,8.7,0.734
6.2,6.2,8.8,8.8,0.744
6.2,6.2,8.9,8.9,0.744
6.2,6.2,9.0,9.0,0.786
6.2,6.2,9.1,9.1,0.756
6.2,6.2,9.2,9.2,0.766
6.2,6.2,9.3,9.3,0.804
6.2,6.2,9.4,9.4,0.75
6.2,6.2,9.5,9.5,0.76
6.2,6.2,9.6,9.6,0.764
6.2,6.2,9.7,9.7,0.798
6.2,6.2,9.8,9.8,0.772
6.2,6.2,9.9,9.9,0.77
6.2,6.2,10.0,10.0,0.752
6.2,6.2,10.1,10.1,0.784
6.2,6.2,10.2,10.2,0.802
6.2,6.2,10.3,10.3,0.794
6.2,6.2,10.4,10.4,0.762
6.2,6.2,10.5,10.5,0.768
6.2,6.2,10.6,10.6,0.76
6.2,6.2,10.7,10.7,0.79
6.2,6.2,10.8,10.8,0.774
6.2,6.2,10.9,10.9,0.782
6.2,6.2,11.0,11.0,0.754
6.2,6.2,11.1,11.1,0.778
6.2,6.2,11.2,11.2,0.792
6.2,6.2,11.3,11.3,0.766
6.2,6.2,11.4,11.4,0.728
6.2,6.2,11.5,11.5,0.746
6.2,6.2,11.6,11.6,0.78
6.2,6.2,11.7,11.7,0.752
6.2,6.2,11.8,11.8,0.768
6.2,6.2,11.9,11.9,0.766
6.2,6.2,12.0,12.0,0.786
6.2,6.2,12.1,12.1,0.792
6.2,6.2,12.2,12.2,0.774
6.2,6.2,12.3,12.3,0.746
6.2,6.2,12.4,12.4,0.75
6.2,6.2,12.5,12.5,0.78
6.2,6.2,12.6,12.6,0.756
6.2,6.2,12.7,12.7,0.748
6.2,6.2,12.8,12.8,0.75
6.2,6.2,12.9,12.9,0.714
6.2,6.2,13.0,13.0,0.762
6.2,6.2,13.1,13.1,0.768
6.2,6.2,13.2,13.2,0.762
6.2,6.2,13.3,13.3,0.718
6.2,6.2,13.4,13.4,0.738
6.2,6.2,13.5,13.5,0.77
6.2,6.2,13.6,13.6,0.734
6.2,6.2,13.7,13.7,0.744
6.2,6.2,13.8,13.8,0.776
6.2,6.2,13.9,13.9,0.774
6.2,6.2,14.0,14.0,0.732
6.2,6.2,14.1,14.1,0.72
6.2,6.2,14.2,14.2,0.724
6.2,6.2,14.3,14.3,0.718
6.2,6.2,14.4,14.4,0.762
6.2,6.2,14.5,14.5,0.732
6.2,6.2,14.6,14.6,0.724
6.2,6.2,14.7,14.7,0.706
6.2,6.2,14.8,14.8,0.684
6.2,6.2,14.9,14.9,0.712
6.2,6.2,15.0,15.0,0.676
6.2,6.2,15.1,15.1,0.682
6.3,6.3,0.1,0.1,0.044
6.3,6.3,0.2,0.2,0.066
6.3,6.3,0.3,0.3,0.052
6.3,6.3,0.4,0.4,0.092
6.3,6.3,0.5,0.5,0.114
6.3,6.3,0.6,0.6,0.13
6.3,6.3,0.7,0.7,0.14
6.3,6.3,0.8,0.8,0.166
6.3,6.3,0.9,0.9,0.194
6.3,6.3,1.0,1.0,0.212
6.3,6.3,1.1,1.1,0.24
6.3,6.3,1.2,1.2,0.234
6.3,6.3,1.3,1.3,0.248
6.3,6.3,1.4,1.4,0.198
6.3,6.3,1.5,1.5,0.268
6.3,6.3,1.6,1.6,0.262
6.3,6.3,1.7,1.7,0.262
6.3,6.3,1.8,1.8,0.318
6.3,6.3,1.9,1.9,0.338
6.3,6.3,2.0,2.0,0.358
6.3,6.3,2.1,2.1,0.35
6.3,6.3,2.2,2.2,0.352
6.3,6.3,2.3,2.3,0.386
6.3,6.3,2.4,2.4,0.396
6.3,6.3,2.5,2.5,0.404
6.3,6.3,2.6,2.6,0.434
6.3,6.3,2.7,2.7,0.438
6.3,6.3,2.8,2.8,0.452
6.3,6.3,2.9,2.9,0.448
6.3,6.3,3.0,3.0,0.462
6.3,6.3,3.1,3.1,0.464
6.3,6.3,3.2,3.2,0.494
6.3,6.3,3.3,3.3,0.5
6.3,6.3,3.4,3.4,0.516
6.3,6.3,3.5,3.5,0.54
6.3,6.3,3.6,3.6,0.504
6.3,6.3,3.7,3.7,0.538
6.3,6.3,3.8,3.8,0.506
6.3,6.3,3.9,3.9,0.564
6.3,6.3,4.0,4.0,0.56
6.3,6.3,4.1,4.1,0.568
6.3,6.3,4.2,4.2,0.566
6.3,6.3,4.3,4.3,0.584
6.3,6.3,4.4,4.4,0.636
6.3,6.3,4.5,4.5,0.618
6.3,6.3,4.6,4.6,0.586
6.3,6.3,4.7,4.7,0.6
6.3,6.3,4.8,4.8,0.588
6.3,6.3,4.9,4.9,0.614
6.3,6.3,5.0,5.0,0.64
6.3,6.3,5.1,5.1,0.594
6.3,6.3,5.2,5.2,0.624
6.3,6.3,5.3,5.3,0.666
6.3,6.3,5.4,5.4,0.64
6.3,6.3,5.5,5.5,0.648
6.3,6.3,5.6,5.6,0.654
6.3,6.3,5.7,5.7,0.682
6.3,6.3,5.8,5.8,0.686
6.3,6.3,5.9,5.9,0.68
6.3,6.3,6.0,6.0,0.648
6.3,6.3,6.1,6.1,0.69
6.3,6.3,6.2,6.2,0.712
6.3,6.3,6.3,6.3,0.678
6.3,6.3,6.4,6.4,0.716
6.3,6.3,6.5,6.5,0.702
6.3,6.3,6.6,6.6,0.69
6.3,6.3,6.7,6.7,0.708
6.3,6.3,6.8,6.8,0.696
6.3,6.3,6.9,6.9,0.678
6.3,6.3,7.0,7.0,0.724
6.3,6.3,7.1,7.1,0.75
6.3,6.3,7.2,7.2,0.734
6.3,6.3,7.3,7.3,0.758
6.3,6.3,7.4,7.4,0.71
6.3,6.3,7.5,7.5,0.746
6.3,6.3,7.6,7.6,0.742
6.3,6.3,7.7,7.7,0.732
6.3,6.3,7.8,7.8,0.736
6.3,6.3,7.9,7.9,0.742
6.3,6.3,8.0,8.0,0.732
6.3,6.3,8.1,8.1,0.762
6.3,6.3,8.2,8.2,0.776
6.3,6.3,8.3,8.3,0.724
6.3,6.3,8.4,8.4,0.726
6.3,6.3,8.5,8.5,0.714
6.3,6.3,8.6,8.6,0.774
6.3,6.3,8.7,8.7,0.778
6.3,6.3,8.8,8.8,0.752
6.3,6.3,8.9,8.9,0.794
6.3,6.3,9.0,9.0,0.77
6.3,6.3,9.1,9.1,0.77
6.3,6.3,9.2,9.2,0.752
6.3,6.3,9.3,9.3,0.79
6.3,6.3,9.4,9.4,0.772
6.3,6.3,9.5,9.5,0.742
6.3,6.3,9.6,9.6,0.768
6.3,6.3,9.7,9.7,0.756
6.3,6.3,9.8,9.8,0.746
6.3,6.3,9.9,9.9,0.78
6.3,6.3,10.0,10.0,0.766
6.3,6.3,10.1,10.1,0.768
6.3,6.3,10.2,10.2,0.726
6.3,6.3,10.3,10.3,0.776
6.3,6.3,10.4,10.4,0.788
6.3,6.3,10.5,10.5,0.776
6.3,6.3,10.6,10.6,0.788
6.3,6.3,10.7,10.7,0.764
6.3,6.3,10.8,10.8,0.782
6.3,6.3,10.9,10.9,0.744
6.3,6.3,11.0,11.0,0.762
6.3,6.3,11.1,11.1,0.766
6.3,6.3,11.2,11.2,0.76
6.3,6.3,11.3,11.3,0.762
6.3,6.3,11.4,11.4,0.76
6.3,6.3,11.5,11.5,0.762
6.3,6.3,11.6,11.6,0.776
6.3,6.3,11.7,11.7,0.78
6.3,6.3,11.8,11.8,0.79
6.3,6.3,11.9,11.9,0.782
6.3,6.3,12.0,12.0,0.746
6.3,6.3,12.1,12.1,0.754
6.3,6.3,12.2,12.2,0.738
6.3,6.3,12.3,12.3,0.77
6.3,6.3,12.4,12.4,0.764
6.3,6.3,12.5,12.5,0.768
6.3,6.3,12.6,12.6,0.756
6.3,6.3,12.7,12.7,0.762
6.3,6.3,12.8,12.8,0.776
6.3,6.3,12.9,12.9,0.766
6.3,6.3,13.0,13.0,0.738
6.3,6.3,13.1,13.1,0.752
6.3,6.3,13.2,13.2,0.704
6.3,6.3,13.3,13.3,0.772
6.3,6.3,13.4,13.4,0.794
6.3,6.3,13.5,13.5,0.756
6.3,6.3,13.6,13.6,0.734
6.3,6.3,13.7,13.7,0.752
6.3,6.3,13.8,13.8,0.774
6.3,6.3,13.9,13.9,0.762
6.3,6.3,14.0,14.0,0.75
6.3,6.3,14.1,14.1,0.73
6.3,6.3,14.2,14.2,0.744
6.3,6.3,14.3,14.3,0.742
6.3,6.3,14.4,14.4,0.744
6.3,6.3,14.5,14.5,0.73
6.3,6.3,14.6,14.6,0.74
6.3,6.3,14.7,14.7,0.684
6.3,6.3,14.8,14.8,0.732
6.3,6.3,14.9,14.9,0.666
6.3,6.3,15.0,15.0,0.72
6.3,6.3,15.1,15.1,0.696
6.4,6.4,0.1,0.1,0.056
6.4,6.4,0.2,0.2,0.082
6.4,6.4,0.3,0.3,0.082
6.4,6.4,0.4,0.4,0.096
6.4,6.4,0.5,0.5,0.09
6.4,6.4,0.6,0.6,0.13
6.4,6.4,0.7,0.7,0.14
6.4,6.4,0.8,0.8,0.172
6.4,6.4,0.9,0.9,0.174
6.4,6.4,1.0,1.0,0.194
6.4,6.4,1.1,1.1,0.2
6.4,6.4,1.2,1.2,0.236
6.4,6.4,1.3,1.3,0.262
6.4,6.4,1.4,1.4,0.272
6.4,6.4,1.5,1.5,0.272
6.4,6.4,1.6,1.6,0.28
6.4,6.4,1.7,1.7,0.29
6.4,6.4,1.8,1.8,0.362
6.4,6.4,1.9,1.9,0.334
6.4,6.4,2.0,2.0,0.326
6.4,6.4,2.1,2.1,0.336
6.4,6.4,2.2,2.2,0.396
6.4,6.4,2.3,2.3,0.366
6.4,6.4,2.4,2.4,0.4
6.4,6.4,2.5,2.5,0.36
6.4,6.4,2.6,2.6,0.388
6.4,6.4,2.7,2.7,0.452
6.4,6.4,2.8,2.8,0.45
6.4,6.4,2.9,2.9,0.452
6.4,6.4,3.0,3.0,0.468
6.4,6.4,3.1,3.1,0.496
6.4,6.4,3.2,3.2,0.468
6.4,6.4,3.3,3.3,0.484
6.4,6.4,3.4,3.4,0.498
6.4,6.4,3.5,3.5,0.496
6.4,6.4,3.6,3.6,0.496
6.4,6.4,3.7,3.7,0.496
6.4,6.4,3.8,3.8,0.544
6.4,6.4,3.9,3.9,0.52
6.4,6.4,4.0,4.0,0.562
6.4,6.4,4.1,4.1,0.556
6.4,6.4,4.2,4.2,0.54
6.4,6.4,4.3,4.3,0.568
6.4,6.4,4.4,4.4,0.598
6.4,6.4,4.5,4.5,0.584
6.4,6.4,4.6,4.6,0.586
6.4,6.4,4.7,4.7,0.612
6.4,6.4,4.8,4.8,0.612
6.4,6.4,4.9,4.9,0.626
6.4,6.4,5.0,5.0,0.622
6.4,6.4,5.1,5.1,0.618
6.4,6.4,5.2,5.2,0.638
6.4,6.4,5.3,5.3,0.67
6.4,6.4,5.4,5.4,0.642
6.4,6.4,5.5,5.5,0.65
6.4,6.4,5.6,5.6,0.684
6.4,6.4,5.7,5.7,0.664
6.4,6.4,5.8,5.8,0.646
6.4,6.4,5.9,5.9,0.67
6.4,6.4,6.0,6.0,0.626
6.4,6.4,6.1,6.1,0.626
6.4,6.4,6.2,6.2,0.704
6.4,6.4,6.3,6.3,0.716
6.4,6.4,6.4,6.4,0.676
6.4,6.4,6.5,6.5,0.714
6.4,6.4,6.6,6.6,0.704
6.4,6.4,6.7,6.7,0.676
6.4,6.4,6.8,6.8,0.712
6.4,6.4,6.9,6.9,0.718
6.4,6.4,7.0,7.0,0.704
6.4,6.4,7.1,7.1,0.748
6.4,6.4,7.2,7.2,0.718
6.4,6.4,7.3,7.3,0.72
6.4,6.4,7.4,7.4,0.718
6.4,6.4,7.5,7.5,0.746
6.4,6.4,7.6,7.6,0.708
6.4,6.4,7.7,7.7,0.746
6.4,6.4,7.8,7.8,0.728
6.4,6.4,7.9,7.9,0.738
6.4,6.4,8.0,8.0,0.73
6.4,6.4,8.1,8.1,0.712
6.4,6.4,8.2,8.2,0.768
6.4,6.4,8.3,8.3,0.768
6.4,6.4,8.4,8.4,0.74
6.4,6.4,8.5,8.5,0.742
6.4,6.4,8.6,8.6,0.732
6.4,6.4,8.7,8.7,0.734
6.4,6.4,8.8,8.8,0.738
6.4,6.4,8.9,8.9,0.748
6.4,6.4,9.0,9.0,0.772
6.4,6.4,9.1,9.1,0.768
6.4,6.4,9.2,9.2,0.762
6.4,6.4,9.3,9.3,0.732
6.4,6.4,9.4,9.4,0.756
6.4,6.4,9.5,9.5,0.746
6.4,6.4,9.6,9.6,0.752
6.4,6.4,9.7,9.7,0.752
6.4,6.4,9.8,9.8,0.758
6.4,6.4,9.9,9.9,0.782
6.4,6.4,10.0,10.0,0.774
6.4,6.4,10.1,10.1,0.788
6.4,6.4,10.2,10.2,0.78
6.4,6.4,10.3,10.3,0.742
6.4,6.4,10.4,10.4,0.756
6.4,6.4,10.5,10.5,0.736
6.4,6.4,10.6,10.6,0.758
6.4,6.4,10.7,10.7,0.76
6.4,6.4,10.8,10.8,0.742
6.4,6.4,10.9,10.9,0.756
6.4,6.4,11.0,11.0,0.79
6.4,6.4,11.1,11.1,0.782
6.4,6.4,11.2,11.2,0.76
6.4,6.4,11.3,11.3,0.776
6.4,6.4,11.4,11.4,0.76
6.4,6.4,11.5,11.5,0.79
6.4,6.4,11.6,11.6,0.786
6.4,6.4,11.7,11.7,0.786
6.4,6.4,11.8,11.8,0.774
6.4,6.4,11.9,11.9,0.776
6.4,6.4,12.0,12.0,0.782
6.4,6.4,12.1,12.1,0.73
6.4,6.4,12.2,12.2,0.758
6.4,6.4,12.3,12.3,0.766
6.4,6.4,12.4,12.4,0.77
6.4,6.4,12.5,12.5,0.758
6.4,6.4,12.6,12.6,0.752
6.4,6.4,12.7,12.7,0.774
6.4,6.4,12.8,12.8,0.776
6.4,6.4,12.9,12.9,0.736
6.4,6.4,13.0,13.0,0.762
6.4,6.4,13.1,13.1,0.724
6.4,6.4,13.2,13.2,0.736
6.4,6.4,13.3,13.3,0.768
6.4,6.4,13.4,13.4,0.778
6.4,6.4,13.5,13.5,0.77
6.4,6.4,13.6,13.6,0.788
6.4,6.4,13.7,13.7,0.728
6.4,6.4,13.8,13.8,0.724
6.4,6.4,13.9,13.9,0.742
6.4,6.4,14.0,14.0,0.72
6.4,6.4,14.1,14.1,0.726
6.4,6.4,14.2,14.2,0.746
6.4,6.4,14.3,14.3,0.762
6.4,6.4,14.4,14.4,0.71
6.4,6.4,14.5,14.5,0.726
6.4,6.4,14.6,14.6,0.75
6.4,6.4,14.7,14.7,0.73
6.4,6.4,14.8,14.8,0.74
6.4,6.4,14.9,14.9,0.726
6.4,6.4,15.0,15.0,0.706
6.4,6.4,15.1,15.1,0.734
6.5,6.5,0.1,0.1,0.056
6.5,6.5,0.2,0.2,0.064
6.5,6.5,0.3,0.3,0.084
6.5,6.5,0.4,0.4,0.102
6.5,6.5,0.5,0.5,0.112
6.5,6.5,0.6,0.6,0.108
6.5,6.5,0.7,0.7,0.148
6.5,6.5,0.8,0.8,0.142
6.5,6.5,0.9,0.9,0.162
6.5,6.5,1.0,1.0,0.178
6.5,6.5,1.1,1.1,0.2
6.5,6.5,1.2,1.2,0.196
6.5,6.5,1.3,1.3,0.262
6.5,6.5,1.4,1.4,0.22
6.5,6.5,1.5,1.5,0.298
6.5,6.5,1.6,1.6,0.28
6.5,6.5,1.7,1.7,0.318
6.5,6.5,1.8,1.8,0.324
6.5,6.5,1.9,1.9,0.316
6.5,6.5,2.0,2.0,0.336
6.5,6.5,2.1,2.1,0.352
6.5,6.5,2.2,2.2,0.312
6.5,6.5,2.3,2.3,0.348
6.5,6.5,2.4,2.4,0.374
6.5,6.5,2.5,2.5,0.422
6.5,6.5,2.6,2.6,0.428
6.5,6.5,2.7,2.7,0.434
6.5,6.5,2.8,2.8,0.41
6.5,6.5,2.9,2.9,0.466
6.5,6.5,3.0,3.0,0.472
6.5,6.5,3.1,3.1,0.46
6.5,6.5,3.2,3.2,0.486
6.5,6.5,3.3,3.3,0.508
6.5,6.5,3.4,3.4,0.48
6.5,6.5,3.5,3.5,0.502
6.5,6.5,3.6,3.6,0.462
6.5,6.5,3.7,3.7,0.494
6.5,6.5,3.8,3.8,0.532
6.5,6.5,3.9,3.9,0.504
6.5,6.5,4.0,4.0,0.608
6.5,6.5,4.1,4.1,0.55
6.5,6.5,4.2,4.2,0.532
6.5,6.5,4.3,4.3,0.566
6.5,6.5,4.4,4.4,0.59
6.5,6.5,4.5,4.5,0.562
6.5,6.5,4.6,4.6,0.614
6.5,6.5,4.7,4.7,0.604
6.5,6.5,4.8,4.8,0.57
6.5,6.5,4.9,4.9,0.59
6.5,6.5,5.0,5.0,0.58
6.5,6.5,5.1,5.1,0.58
6.5,6.5,5.2,5.2,0.584
6.5,6.5,5.3,5.3,0.614
6.5,6.5,5.4,5.4,0.642
6.5,6.5,5.5,5.5,0.674
6.5,6.5,5.6,5.6,0.65
6.5,6.5,5.7,5.7,0.662
6.5,6.5,5.8,5.8,0.674
6.5,6.5,5.9,5.9,0.688
6.5,6.5,6.0,6.0,0.658
6.5,6.5,6.1,6.1,0.728
6.5,6.5,6.2,6.2,0.662
6.5,6.5,6.3,6.3,0.696
6.5,6.5,6.4,6.4,0.672
6.5,6.5,6.5,6.5,0.69
6.5,6.5,6.6,6.6,0.69
6.5,6.5,6.7,6.7,0.688
6.5,6.5,6.8,6.8,0.682
6.5,6.5,6.9,6.9,0.718
6.5,6.5,7.0,7.0,0.702
6.5,6.5,7.1,7.1,0.716
6.5,6.5,7.2,7.2,0.704
6.5,6.5,7.3,7.3,0.742
6.5,6.5,7.4,7.4,0.684
6.5,6.5,7.5,7.5,0.732
6.5,6.5,7.6,7.6,0.752
6.5,6.5,7.7,7.7,0.716
6.5,6.5,7.8,7.8,0.73
6.5,6.5,7.9,7.9,0.74
6.5,6.5,8.0,8.0,0.728
6.5,6.5,8.1,8.1,0.726
6.5,6.5,8.2,8.2,0.736
6.5,6.5,8.3,8.3,0.732
6.5,6.5,8.4,8.4,0.75
6.5,6.5,8.5,8.5,0.726
6.5,6.5,8.6,8.6,0.742
6.5,6.5,8.7,8.7,0.778
6.5,6.5,8.8,8.8,0.758
6.5,6.5,8.9,8.9,0.742
6.5,6.5,9.0,9.0,0.766
6.5,6.5,9.1,9.1,0.724
6.5,6.5,9.2,9.2,0.748
6.5,6.5,9.3,9.3,0.776
6.5,6.5,9.4,9.4,0.732
6.5,6.5,9.5,9.5,0.774
6.5,6.5,9.6,9.6,0.752
6.5,6.5,9.7,9.7,0.776
6.5,6.5,9.8,9.8,0.768
6.5,6.5,9.9,9.9,0.786
6.5,6.5,10.0,10.0,0.78
6.5,6.5,10.1,10.1,0.742
6.5,6.5,10.2,10.2,0.764
6.5,6.5,10.3,10.3,0.752
6.5,6.5,10.4,10.4,0.798
6.5,6.5,10.5,10.5,0.772
6.5,6.5,10.6,10.6,0.732
6.5,6.5,10.7,10.7,0.804
6.5,6.5,10.8,10.8,0.732
6.5,6.5,10.9,10.9,0.756
6.5,6.5,11.0,11.0,0.78
6.5,6.5,11.1,11.1,0.748
6.5,6.5,11.2,11.2,0.72
6.5,6.5,11.3,11.3,0.778
6.5,6.5,11.4,11.4,0.758
6.5,6.5,11.5,11.5,0.764
6.5,6.5,11.6,11.6,0.756
6.5,6.5,11.7,11.7,0.73
6.5,6.5,11.8,11.8,0.778
6.5,6.5,11.9,11.9,0.762
6.5,6.5,12.0,12.0,0.764
6.5,6.5,12.1,12.1,0.754
6.5,6.5,12.2,12.2,0.76
6.5,6.5,12.3,12.3,0.758
6.5,6.5,12.4,12.4,0.758
6.5,6.5,12.5,12.5,0.766
6.5,6.5,12.6,12.6,0.788
6.5,6.5,12.7,12.7,0.78
6.5,6.5,12.8,12.8,0.794
6.5,6.5,12.9,12.9,0.762
6.5,6.5,13.0,13.0,0.746
6.5,6.5,13.1,13.1,0.74
6.5,6.5,13.2,13.2,0.776
6.5,6.5,13.3,13.3,0.74
6.5,6.5,13.4,13.4,0.754
6.5,6.5,13.5,13.5,0.744
6.5,6.5,13.6,13.6,0.738
6.5,6.5,13.7,13.7,0.74
6.5,6.5,13.8,13.8,0.736
6.5,6.5,13.9,13.9,0.76
6.5,6.5,14.0,14.0,0.754
6.5,6.5,14.1,14.1,0.724
6.5,6.5,14.2,14.2,0.756
6.5,6.5,14.3,14.3,0.72
6.5,6.5,14.4,14.4,0.756
6.5,6.5,14.5,14.5,0.738
6.5,6.5,14.6,14.6,0.76
6.5,6.5,14.7,14.7,0.748
6.5,6.5,14.8,14.8,0.754
6.5,6.5,14.9,14.9,0.732
6.5,6.5,15.0,15.0,0.716
6.5,6.5,15.1,15.1,0.736
6.6,6.6,0.1,0.1,0.054
6.6,6.6,0.2,0.2,0.062
6.6,6.6,0.3,0.3,0.062
6.6,6.6,0.4,0.4,0.096
6.6,6.6,0.5,0.5,0.09
6.6,6.6,0.6,0.6,0.104
6.6,6.6,0.7,0.7,0.142
6.6,6.6,0.8,0.8,0.174
6.6,6.6,0.9,0.9,0.184
6.6,6.6,1.0,1.0,0.18
6.6,6.6,1.1,1.1,0.222
6.6,6.6,1.2,1.2,0.242
6.6,6.6,1.3,1.3,0.204
6.6,6.6,1.4,1.4,0.29
6.6,6.6,1.5,1.5,0.244
6.6,6.6,1.6,1.6,0.248
6.6,6.6,1.7,1.7,0.276
6.6,6.6,1.8,1.8,0.296
6.6,6.6,1.9,1.9,0.306
6.6,6.6,2.0,2.0,0.358
6.6,6.6,2.1,2.1,0.38
6.6,6.6,2.2,2.2,0.342
6.6,6.6,2.3,2.3,0.394
6.6,6.6,2.4,2.4,0.384
6.6,6.6,2.5,2.5,0.418
6.6,6.6,2.6,2.6,0.398
6.6,6.6,2.7,2.7,0.428
6.6,6.6,2.8,2.8,0.418
6.6,6.6,2.9,2.9,0.424
6.6,6.6,3.0,3.0,0.442
6.6,6.6,3.1,3.1,0.464
6.6,6.6,3.2,3.2,0.528
6.6,6.6,3.3,3.3,0.474
6.6,6.6,3.4,3.4,0.486
6.6,6.6,3.5,3.5,0.496
6.6,6.6,3.6,3.6,0.528
6.6,6.6,3.7,3.7,0.56
6.6,6.6,3.8,3.8,0.504
6.6,6.6,3.9,3.9,0.52
6.6,6.6,4.0,4.0,0.566
6.6,6.6,4.1,4.1,0.542
6.6,6.6,4.2,4.2,0.58
6.6,6.6,4.3,4.3,0.624
6.6,6.6,4.4,4.4,0.546
6.6,6.6,4.5,4.5,0.592
6.6,6.6,4.6,4.6,0.554
6.6,6.6,4.7,4.7,0.622
6.6,6.6,4.8,4.8,0.59
6.6,6.6,4.9,4.9,0.608
6.6,6.6,5.0,5.0,0.584
6.6,6.6,5.1,5.1,0.632
6.6,6.6,5.2,5.2,0.63
6.6,6.6,5.3,5.3,0.624
6.6,6.6,5.4,5.4,0.626
6.6,6.6,5.5,5.5,0.602
6.6,6.6,5.6,5.6,0.632
6.6,6.6,5.7,5.7,0.646
6.6,6.6,5.8,5.8,0.656
6.6,6.6,5.9,5.9,0.67
6.6,6.6,6.0,6.0,0.636
6.6,6.6,6.1,6.1,0.682
6.6,6.6,6.2,6.2,0.664
6.6,6.6,6.3,6.3,0.67
6.6,6.6,6.4,6.4,0.724
6.6,6.6,6.5,6.5,0.68
6.6,6.6,6.6,6.6,0.674
6.6,6.6,6.7,6.7,0.692
6.6,6.6,6.8,6.8,0.69
6.6,6.6,6.9,6.9,0.682
6.6,6.6,7.0,7.0,0.692
6.6,6.6,7.1,7.1,0.73
6.6,6.6,7.2,7.2,0.708
6.6,6.6,7.3,7.3,0.732
6.6,6.6,7.4,7.4,0.7
6.6,6.6,7.5,7.5,0.722
6.6,6.6,7.6,7.6,0.774
6.6,6.6,7.7,7.7,0.706
6.6,6.6,7.8,7.8,0.734
6.6,6.6,7.9,7.9,0.704
6.6,6.6,8.0,8.0,0.698
6.6,6.6,8.1,8.1,0.754
6.6,6.6,8.2,8.2,0.74
6.6,6.6,8.3,8.3,0.754
6.6,6.6,8.4,8.4,0.702
6.6,6.6,8.5,8.5,0.708
6.6,6.6,8.6,8.6,0.748
6.6,6.6,8.7,8.7,0.738
6.6,6.6,8.8,8.8,0.768
6.6,6.6,8.9,8.9,0.77
6.6,6.6,9.0,9.0,0.756
6.6,6.6,9.1,9.1,0.756
6.6,6.6,9.2,9.2,0.74
6.6,6.6,9.3,9.3,0.754
6.6,6.6,9.4,9.4,0.77
6.6,6.6,9.5,9.5,0.766
6.6,6.6,9.6,9.6,0.786
6.6,6.6,9.7,9.7,0.758
6.6,6.6,9.8,9.8,0.79
6.6,6.6,9.9,9.9,0.73
6.6,6.6,10.0,10.0,0.786
6.6,6.6,10.1,10.1,0.776
6.6,6.6,10.2,10.2,0.792
6.6,6.6,10.3,10.3,0.772
6.6,6.6,10.4,10.4,0.744
6.6,6.6,10.5,10.5,0.76
6.6,6.6,10.6,10.6,0.746
6.6,6.6,10.7,10.7,0.762
6.6,6.6,10.8,10.8,0.76
6.6,6.6,10.9,10.9,0.78
6.6,6.6,11.0,11.0,0.754
6.6,6.6,11.1,11.1,0.75
6.6,6.6,11.2,11.2,0.768
6.6,6.6,11.3,11.3,0.762
6.6,6.6,11.4,11.4,0.77
6.6,6.6,11.5,11.5,0.78
6.6,6.6,11.6,11.6,0.748
6.6,6.6,11.7,11.7,0.768
6.6,6.6,11.8,11.8,0.77
6.6,6.6,11.9,11.9,0.782
6.6,6.6,12.0,12.0,0.768
6.6,6.6,12.1,12.1,0.762
6.6,6.6,12.2,12.2,0.786
6.6,6.6,12.3,12.3,0.79
6.6,6.6,12.4,12.4,0.758
6.6,6.6,12.5,12.5,0.79
6.6,6.6,12.6,12.6,0.792
6.6,6.6,12.7,12.7,0.784
6.6,6.6,12.8,12.8,0.784
6.6,6.6,12.9,12.9,0.75
6.6,6.6,13.0,13.0,0.764
6.6,6.6,13.1,13.1,0.788
6.6,6.6,13.2,13.2,0.76
6.6,6.6,13.3,13.3,0.758
6.6,6.6,13.4,13.4,0.74
6.6,6.6,13.5,13.5,0.782
6.6,6.6,13.6,13.6,0.734
6.6,6.6,13.7,13.7,0.746
6.6,6.6,13.8,13.8,0.768
6.6,6.6,13.9,13.9,0.782
6.6,6.6,14.0,14.0,0.736
6.6,6.6,14.1,14.1,0.784
6.6,6.6,14.2,14.2,0.738
6.6,6.6,14.3,14.3,0.76
6.6,6.6,14.4,14.4,0.748
6.6,6.6,14.5,14.5,0.764
6.6,6.6,14.6,14.6,0.71
6.6,6.6,14.7,14.7,0.726
6.6,6.6,14.8,14.8,0.774
6.6,6.6,14.9,14.9,0.738
6.6,6.6,15.0,15.0,0.734
6.6,6.6,15.1,15.1,0.728
6.7,6.7,0.1,0.1,0.066
6.7,6.7,0.2,0.2,0.054
6.7,6.7,0.3,0.3,0.068
6.7,6.7,0.4,0.4,0.094
6.7,6.7,0.5,0.5,0.124
6.7,6.7,0.6,0.6,0.11
6.7,6.7,0.7,0.7,0.14
6.7,6.7,0.8,0.8,0.156
6.7,6.7,0.9,0.9,0.176
6.7,6.7,1.0,1.0,0.174
6.7,6.7,1.1,1.1,0.178
6.7,6.7,1.2,1.2,0.226
6.7,6.7,1.3,1.3,0.242
6.7,6.7,1.4,1.4,0.236
6.7,6.7,1.5,1.5,0.254
6.7,6.7,1.6,1.6,0.282
6.7,6.7,1.7,1.7,0.274
6.7,6.7,1.8,1.8,0.314
6.7,6.7,1.9,1.9,0.316
6.7,6.7,2.0,2.0,0.328
6.7,6.7,2.1,2.1,0.374
6.7,6.7,2.2,2.2,0.336
6.7,6.7,2.3,2.3,0.386
6.7,6.7,2.4,2.4,0.386
6.7,6.7,2.5,2.5,0.352
6.7,6.7,2.6,2.6,0.408
6.7,6.7,2.7,2.7,0.414
6.7,6.7,2.8,2.8,0.386
6.7,6.7,2.9,2.9,0.454
6.7,6.7,3.0,3.0,0.422
6.7,6.7,3.1,3.1,0.464
6.7,6.7,3.2,3.2,0.438
6.7,6.7,3.3,3.3,0.488
6.7,6.7,3.4,3.4,0.484
6.7,6.7,3.5,3.5,0.518
6.7,6.7,3.6,3.6,0.494
6.7,6.7,3.7,3.7,0.49
6.7,6.7,3.8,3.8,0.522
6.7,6.7,3.9,3.9,0.538
6.7,6.7,4.0,4.0,0.592
6.7,6.7,4.1,4.1,0.518
6.7,6.7,4.2,4.2,0.542
6.7,6.7,4.3,4.3,0.604
6.7,6.7,4.4,4.4,0.602
6.7,6.7,4.5,4.5,0.566
6.7,6.7,4.6,4.6,0.604
6.7,6.7,4.7,4.7,0.604
6.7,6.7,4.8,4.8,0.62
6.7,6.7,4.9,4.9,0.572
6.7,6.7,5.0,5.0,0.596
6.7,6.7,5.1,5.1,0.582
6.7,6.7,5.2,5.2,0.646
6.7,6.7,5.3,5.3,0.63
6.7,6.7,5.4,5.4,0.576
6.7,6.7,5.5,5.5,0.64
6.7,6.7,5.6,5.6,0.672
6.7,6.7,5.7,5.7,0.67
6.7,6.7,5.8,5.8,0.646
6.7,6.7,5.9,5.9,0.626
6.7,6.7,6.0,6.0,0.682
6.7,6.7,6.1,6.1,0.696
6.7,6.7,6.2,6.2,0.654
6.7,6.7,6.3,6.3,0.692
6.7,6.7,6.4,6.4,0.692
6.7,6.7,6.5,6.5,0.694
6.7,6.7,6.6,6.6,0.662
6.7,6.7,6.7,6.7,0.682
6.7,6.7,6.8,6.8,0.7
6.7,6.7,6.9,6.9,0.682
6.7,6.7,7.0,7.0,0.698
6.7,6.7,7.1,7.1,0.704
6.7,6.7,7.2,7.2,0.718
6.7,6.7,7.3,7.3,0.716
6.7,6.7,7.4,7.4,0.72
6.7,6.7,7.5,7.5,0.724
6.7,6.7,7.6,7.6,0.716
6.7,6.7,7.7,7.7,0.716
6.7,6.7,7.8,7.8,0.698
6.7,6.7,7.9,7.9,0.756
6.7,6.7,8.0,8.0,0.74
6.7,6.7,8.1,8.1,0.702
6.7,6.7,8.2,8.2,0.736
6.7,6.7,8.3,8.3,0.738
6.7,6.7,8.4,8.4,0.722
6.7,6.7,8.5,8.5,0.736
6.7,6.7,8.6,8.6,0.738
6.7,6.7,8.7,8.7,0.764
6.7,6.7,8.8,8.8,0.754
6.7,6.7,8.9,8.9,0.758
6.7,6.7,9.0,9.0,0.78
6.7,6.7,9.1,9.1,0.72
6.7,6.7,9.2,9.2,0.744
6.7,6.7,9.3,9.3,0.732
6.7,6.7,9.4,9.4,0.756
6.7,6.7,9.5,9.5,0.754
6.7,6.7,9.6,9.6,0.744
6.7,6.7,9.7,9.7,0.728
6.7,6.7,9.8,9.8,0.732
6.7,6.7,9.9,9.9,0.762
6.7,6.7,10.0,10.0,0.73
6.7,6.7,10.1,10.1,0.774
6.7,6.7,10.2,10.2,0.748
6.7,6.7,10.3,10.3,0.748
6.7,6.7,10.4,10.4,0.754
6.7,6.7,10.5,10.5,0.778
6.7,6.7,10.6,10.6,0.754
6.7,6.7,10.7,10.7,0.778
6.7,6.7,10.8,10.8,0.766
6.7,6.7,10.9,10.9,0.72
6.7,6.7,11.0,11.0,0.754
6.7,6.7,11.1,11.1,0.776
6.7,6.7,11.2,11.2,0.778
6.7,6.7,11.3,11.3,0.784
6.7,6.7,11.4,11.4,0.74
6.7,6.7,11.5,11.5,0.784
6.7,6.7,11.6,11.6,0.774
6.7,6.7,11.7,11.7,0.766
6.7,6.7,11.8,11.8,0.772
6.7,6.7,11.9,11.9,0.78
6.7,6.7,12.0,12.0,0.756
6.7,6.7,12.1,12.1,0.768
6.7,6.7,12.2,12.2,0.732
6.7,6.7,12.3,12.3,0.766
6.7,6.7,12.4,12.4,0.774
6.7,6.7,12.5,12.5,0.784
6.7,6.7,12.6,12.6,0.758
6.7,6.7,12.7,12.7,0.768
6.7,6.7,12.8,12.8,0.762
6.7,6.7,12.9,12.9,0.782
6.7,6.7,13.0,13.0,0.756
6.7,6.7,13.1,13.1,0.724
6.7,6.7,13.2,13.2,0.762
6.7,6.7,13.3,13.3,0.766
6.7,6.7,13.4,13.4,0.736
6.7,6.7,13.5,13.5,0.76
6.7,6.7,13.6,13.6,0.762
6.7,6.7,13.7,13.7,0.774
6.7,6.7,13.8,13.8,0.752
6.7,6.7,13.9,13.9,0.742
6.7,6.7,14.0,14.0,0.73
6.7,6.7,14.1,14.1,0.764
6.7,6.7,14.2,14.2,0.744
6.7,6.7,14.3,14.3,0.744
6.7,6.7,14.4,14.4,0.756
6.7,6.7,14.5,14.5,0.762
6.7,6.7,14.6,14.6,0.742
6.7,6.7,14.7,14.7,0.738
6.7,6.7,14.8,14.8,0.756
6.7,6.7,14.9,14.9,0.718
6.7,6.7,15.0,15.0,0.756
6.7,6.7,15.1,15.1,0.77
6.8,6.8,0.1,0.1,0.046
6.8,6.8,0.2,0.2,0.056
6.8,6.8,0.3,0.3,0.06
6.8,6.8,0.4,0.4,0.08
6.8,6.8,0.5,0.5,0.104
6.8,6.8,0.6,0.6,0.146
6.8,6.8,0.7,0.7,0.124
6.8,6.8,0.8,0.8,0.17
6.8,6.8,0.9,0.9,0.18
6.8,6.8,1.0,1.0,0.19
6.8,6.8,1.1,1.1,0.2
6.8,6.8,1.2,1.2,0.2
6.8,6.8,1.3,1.3,0.258
6.8,6.8,1.4,1.4,0.244
6.8,6.8,1.5,1.5,0.24
6.8,6.8,1.6,1.6,0.292
6.8,6.8,1.7,1.7,0.276
6.8,6.8,1.8,1.8,0.29
6.8,6.8,1.9,1.9,0.362
6.8,6.8,2.0,2.0,0.342
6.8,6.8,2.1,2.1,0.35
6.8,6.8,2.2,2.2,0.352
6.8,6.8,2.3,2.3,0.388
6.8,6.8,2.4,2.4,0.402
6.8,6.8,2.5,2.5,0.396
6.8,6.8,2.6,2.6,0.422
6.8,6.8,2.7,2.7,0.364
6.8,6.8,2.8,2.8,0.408
6.8,6.8,2.9,2.9,0.416
6.8,6.8,3.0,3.0,0.452
6.8,6.8,3.1,3.1,0.428
6.8,6.8,3.2,3.2,0.482
6.8,6.8,3.3,3.3,0.47
6.8,6.8,3.4,3.4,0.496
6.8,6.8,3.5,3.5,0.468
6.8,6.8,3.6,3.6,0.522
6.8,6.8,3.7,3.7,0.486
6.8,6.8,3.8,3.8,0.54
6.8,6.8,3.9,3.9,0.55
6.8,6.8,4.0,4.0,0.546
6.8,6.8,4.1,4.1,0.542
6.8,6.8,4.2,4.2,0.546
6.8,6.8,4.3,4.3,0.584
6.8,6.8,4.4,4.4,0.568
6.8,6.8,4.5,4.5,0.514
6.8,6.8,4.6,4.6,0.558
6.8,6.8,4.7,4.7,0.594
6.8,6.8,4.8,4.8,0.63
6.8,6.8,4.9,4.9,0.58
6.8,6.8,5.0,5.0,0.622
6.8,6.8,5.1,5.1,0.626
6.8,6.8,5.2,5.2,0.604
6.8,6.8,5.3,5.3,0.634
6.8,6.8,5.4,5.4,0.658
6.8,6.8,5.5,5.5,0.618
6.8,6.8,5.6,5.6,0.63
6.8,6.8,5.7,5.7,0.622
6.8,6.8,5.8,5.8,0.606
6.8,6.8,5.9,5.9,0.69
6.8,6.8,6.0,6.0,0.642
6.8,6.8,6.1,6.1,0.63
6.8,6.8,6.2,6.2,0.664
6.8,6.8,6.3,6.3,0.684
6.8,6.8,6.4,6.4,0.686
6.8,6.8,6.5,6.5,0.702
6.8,6.8,6.6,6.6,0.644
6.8,6.8,6.7,6.7,0.638
6.8,6.8,6.8,6.8,0.624
6.8,6.8,6.9,6.9,0.682
6.8,6.8,7.0,7.0,0.684
6.8,6.8,7.1,7.1,0.714
6.8,6.8,7.2,7.2,0.708
6.8,6.8,7.3,7.3,0.68
6.8,6.8,7.4,7.4,0.718
6.8,6.8,7.5,7.5,0.746
6.8,6.8,7.6,7.6,0.746
6.8,6.8,7.7,7.7,0.762
6.8,6.8,7.8,7.8,0.752
6.8,6.8,7.9,7.9,0.724
6.8,6.8,8.0,8.0,0.696
6.8,6.8,8.1,8.1,0.708
6.8,6.8,8.2,8.2,0.7
6.8,6.8,8.3,8.3,0.776
6.8,6.8,8.4,8.4,0.716
6.8,6.8,8.5,8.5,0.738
6.8,6.8,8.6,8.6,0.742
6.8,6.8,8.7,8.7,0.732
6.8,6.8,8.8,8.8,0.756
6.8,6.8,8.9,8.9,0.728
6.8,6.8,9.0,9.0,0.762
6.8,6.8,9.1,9.1,0.72
6.8,6.8,9.2,9.2,0.762
6.8,6.8,9.3,9.3,0.756
6.8,6.8,9.4,9.4,0.726
6.8,6.8,9.5,9.5,0.754
6.8,6.8,9.6,9.6,0.752
6.8,6.8,9.7,9.7,0.764
6.8,6.8,9.8,9.8,0.754
6.8,6.8,9.9,9.9,0.742
6.8,6.8,10.0,10.0,0.778
6.8,6.8,10.1,10.1,0.714
6.8,6.8,10.2,10.2,0.776
6.8,6.8,10.3,10.3,0.736
6.8,6.8,10.4,10.4,0.804
6.8,6.8,10.5,10.5,0.724
6.8,6.8,10.6,10.6,0.756
6.8,6.8,10.7,10.7,0.78
6.8,6.8,10.8,10.8,0.784
6.8,6.8,10.9,10.9,0.76
6.8,6.8,11.0,11.0,0.812
6.8,6.8,11.1,11.1,0.762
6.8,6.8,11.2,11.2,0.776
6.8,6.8,11.3,11.3,0.766
6.8,6.8,11.4,11.4,0.776
6.8,6.8,11.5,11.5,0.784
6.8,6.8,11.6,11.6,0.76
6.8,6.8,11.7,11.7,0.788
6.8,6.8,11.8,11.8,0.756
6.8,6.8,11.9,11.9,0.764
6.8,6.8,12.0,12.0,0.76
6.8,6.8,12.1,12.1,0.774
6.8,6.8,12.2,12.2,0.798
6.8,6.8,12.3,12.3,0.77
6.8,6.8,12.4,12.4,0.77
6.8,6.8,12.5,12.5,0.75
6.8,6.8,12.6,12.6,0.764
6.8,6.8,12.7,12.7,0.748
6.8,6.8,12.8,12.8,0.762
6.8,6.8,12.9,12.9,0.752
6.8,6.8,13.0,13.0,0.746
6.8,6.8,13.1,13.1,0.77
6.8,6.8,13.2,13.2,0.76
6.8,6.8,13.3,13.3,0.768
6.8,6.8,13.4,13.4,0.8
6.8,6.8,13.5,13.5,0.776
6.8,6.8,13.6,13.6,0.776
6.8,6.8,13.7,13.7,0.75
6.8,6.8,13.8,13.8,0.81
6.8,6.8,13.9,13.9,0.696
6.8,6.8,14.0,14.0,0.724
6.8,6.8,14.1,14.1,0.764
6.8,6.8,14.2,14.2,0.754
6.8,6.8,14.3,14.3,0.768
6.8,6.8,14.4,14.4,0.768
6.8,6.8,14.5,14.5,0.758
6.8,6.8,14.6,14.6,0.756
6.8,6.8,14.7,14.7,0.762
6.8,6.8,14.8,14.8,0.764
6.8,6.8,14.9,14.9,0.772
6.8,6.8,15.0,15.0,0.742
6.8,6.8,15.1,15.1,0.75
6.9,6.9,0.1,0.1,0.04
6.9,6.9,0.2,0.2,0.068
6.9,6.9,0.3,0.3,0.074
6.9,6.9,0.4,0.4,0.066
6.9,6.9,0.5,0.5,0.098
6.9,6.9,0.6,0.6,0.118
6.9,6.9,0.7,0.7,0.138
6.9,6.9,0.8,0.8,0.146
6.9,6.9,0.9,0.9,0.154
6.9,6.9,1.0,1.0,0.206
6.9,6.9,1.1,1.1,0.186
6.9,6.9,1.2,1.2,0.232
6.9,6.9,1.3,1.3,0.256
6.9,6.9,1.4,1.4,0.22
6.9,6.9,1.5,1.5,0.208
6.9,6.9,1.6,1.6,0.272
6.9,6.9,1.7,1.7,0.278
6.9,6.9,1.8,1.8,0.286
6.9,6.9,1.9,1.9,0.302
6.9,6.9,2.0,2.0,0.29
6.9,6.9,2.1,2.1,0.328
6.9,6.9,2.2,2.2,0.356
6.9,6.9,2.3,2.3,0.382
6.9,6.9,2.4,2.4,0.372
6.9,6.9,2.5,2.5,0.414
6.9,6.9,2.6,2.6,0.408
6.9,6.9,2.7,2.7,0.418
6.9,6.9,2.8,2.8,0.42
6.9,6.9,2.9,2.9,0.45
6.9,6.9,3.0,3.0,0.39
6.9,6.9,3.1,3.1,0.4
6.9,6.9,3.2,3.2,0.48
6.9,6.9,3.3,3.3,0.464
6.9,6.9,3.4,3.4,0.454
6.9,6.9,3.5,3.5,0.46
6.9,6.9,3.6,3.6,0.492
6.9,6.9,3.7,3.7,0.52
6.9,6.9,3.8,3.8,0.51
6.9,6.9,3.9,3.9,0.52
6.9,6.9,4.0,4.0,0.512
6.9,6.9,4.1,4.1,0.522
6.9,6.9,4.2,4.2,0.56
6.9,6.9,4.3,4.3,0.508
6.9,6.9,4.4,4.4,0.498
6.9,6.9,4.5,4.5,0.56
6.9,6.9,4.6,4.6,0.61
6.9,6.9,4.7,4.7,0.58
6.9,6.9,4.8,4.8,0.596
6.9,6.9,4.9,4.9,0.62
6.9,6.9,5.0,5.0,0.63
6.9,6.9,5.1,5.1,0.598
6.9,6.9,5.2,5.2,0.606
6.9,6.9,5.3,5.3,0.606
6.9,6.9,5.4,5.4,0.644
6.9,6.9,5.5,5.5,0.608
6.9,6.9,5.6,5.6,0.586
6.9,6.9,5.7,5.7,0.616
6.9,6.9,5.8,5.8,0.628
6.9,6.9,5.9,5.9,0.634
6.9,6.9,6.0,6.0,0.668
6.9,6.9,6.1,6.1,0.634
6.9,6.9,6.2,6.2,0.666
6.9,6.9,6.3,6.3,0.67
6.9,6.9,6.4,6.4,0.68
6.9,6.9,6.5,6.5,0.698
6.9,6.9,6.6,6.6,0.698
6.9,6.9,6.7,6.7,0.688
6.9,6.9,6.8,6.8,0.708
6.9,6.9,6.9,6.9,0.716
6.9,6.9,7.0,7.0,0.698
6.9,6.9,7.1,7.1,0.664
6.9,6.9,7.2,7.2,0.704
6.9,6.9,7.3,7.3,0.69
6.9,6.9,7.4,7.4,0.71
6.9,6.9,7.5,7.5,0.702
6.9,6.9,7.6,7.6,0.682
6.9,6.9,7.7,7.7,0.698
6.9,6.9,7.8,7.8,0.696
6.9,6.9,7.9,7.9,0.72
6.9,6.9,8.0,8.0,0.718
6.9,6.9,8.1,8.1,0.71
6.9,6.9,8.2,8.2,0.696
6.9,6.9,8.3,8.3,0.742
6.9,6.9,8.4,8.4,0.75
6.9,6.9,8.5,8.5,0.706
6.9,6.9,8.6,8.6,0.74
6.9,6.9,8.7,8.7,0.758
6.9,6.9,8.8,8.8,0.706
6.9,6.9,8.9,8.9,0.768
6.9,6.9,9.0,9.0,0.726
6.9,6.9,9.1,9.1,0.734
6.9,6.9,9.2,9.2,0.748
6.9,6.9,9.3,9.3,0.712
6.9,6.9,9.4,9.4,0.724
6.9,6.9,9.5,9.5,0.768
6.9,6.9,9.6,9.6,0.758
6.9,6.9,9.7,9.7,0.77
6.9,6.9,9.8,9.8,0.786
6.9,6.9,9.9,9.9,0.766
6.9,6.9,10.0,10.0,0.758
6.9,6.9,10.1,10.1,0.73
6.9,6.9,10.2,10.2,0.76
6.9,6.9,10.3,10.3,0.77
6.9,6.9,10.4,10.4,0.746
6.9,6.9,10.5,10.5,0.772
6.9,6.9,10.6,10.6,0.77
6.9,6.9,10.7,10.7,0.742
6.9,6.9,10.8,10.8,0.778
6.9,6.9,10.9,10.9,0.78
6.9,6.9,11.0,11.0,0.77
6.9,6.9,11.1,11.1,0.74
6.9,6.9,11.2,11.2,0.796
6.9,6.9,11.3,11.3,0.734
6.9,6.9,11.4,11.4,0.784
6.9,6.9,11.5,11.5,0.768
6.9,6.9,11.6,11.6,0.78
6.9,6.9,11.7,11.7,0.754
6.9,6.9,11.8,11.8,0.788
6.9,6.9,11.9,11.9,0.778
6.9,6.9,12.0,12.0,0.784
6.9,6.9,12.1,12.1,0.81
6.9,6.9,12.2,12.2,0.764
6.9,6.9,12.3,12.3,0.796
6.9,6.9,12.4,12.4,0.756
6.9,6.9,12.5,12.5,0.806
6.9,6.9,12.6,12.6,0.756
6.9,6.9,12.7,12.7,0.774
6.9,6.9,12.8,12.8,0.782
6.9,6.9,12.9,12.9,0.768
6.9,6.9,13.0,13.0,0.748
6.9,6.9,13.1,13.1,0.758
6.9,6.9,13.2,13.2,0.778
6.9,6.9,13.3,13.3,0.77
6.9,6.9,13.4,13.4,0.748
6.9,6.9,13.5,13.5,0.736
6.9,6.9,13.6,13.6,0.778
6.9,6.9,13.7,13.7,0.76
6.9,6.9,13.8,13.8,0.75
6.9,6.9,13.9,13.9,0.77
6.9,6.9,14.0,14.0,0.762
6.9,6.9,14.1,14.1,0.758
6.9,6.9,14.2,14.2,0.744
6.9,6.9,14.3,14.3,0.742
6.9,6.9,14.4,14.4,0.742
6.9,6.9,14.5,14.5,0.766
6.9,6.9,14.6,14.6,0.776
6.9,6.9,14.7,14.7,0.764
6.9,6.9,14.8,14.8,0.752
6.9,6.9,14.9,14.9,0.756
6.9,6.9,15.0,15.0,0.736
6.9,6.9,15.1,15.1,0.752
7.0,7.0,0.1,0.1,0.046
7.0,7.0,0.2,0.2,0.042
7.0,7.0,0.3,0.3,0.068
7.0,7.0,0.4,0.4,0.076
7.0,7.0,0.5,0.5,0.11
7.0,7.0,0.6,0.6,0.118
7.0,7.0,0.7,0.7,0.124
7.0,7.0,0.8,0.8,0.178
7.0,7.0,0.9,0.9,0.176
7.0,7.0,1.0,1.0,0.214
7.0,7.0,1.1,1.1,0.184
7.0,7.0,1.2,1.2,0.214
7.0,7.0,1.3,1.3,0.218
7.0,7.0,1.4,1.4,0.236
7.0,7.0,1.5,1.5,0.258
7.0,7.0,1.6,1.6,0.266
7.0,7.0,1.7,1.7,0.278
7.0,7.0,1.8,1.8,0.306
7.0,7.0,1.9,1.9,0.302
7.0,7.0,2.0,2.0,0.36
7.0,7.0,2.1,2.1,0.366
7.0,7.0,2.2,2.2,0.332
7.0,7.0,2.3,2.3,0.364
7.0,7.0,2.4,2.4,0.336
7.0,7.0,2.5,2.5,0.364
7.0,7.0,2.6,2.6,0.37
7.0,7.0,2.7,2.7,0.422
7.0,7.0,2.8,2.8,0.386
7.0,7.0,2.9,2.9,0.42
7.0,7.0,3.0,3.0,0.414
7.0,7.0,3.1,3.1,0.442
7.0,7.0,3.2,3.2,0.508
7.0,7.0,3.3,3.3,0.432
7.0,7.0,3.4,3.4,0.438
7.0,7.0,3.5,3.5,0.492
7.0,7.0,3.6,3.6,0.472
7.0,7.0,3.7,3.7,0.508
7.0,7.0,3.8,3.8,0.52
7.0,7.0,3.9,3.9,0.502
7.0,7.0,4.0,4.0,0.55
7.0,7.0,4.1,4.1,0.528
7.0,7.0,4.2,4.2,0.52
7.0,7.0,4.3,4.3,0.57
7.0,7.0,4.4,4.4,0.566
7.0,7.0,4.5,4.5,0.554
7.0,7.0,4.6,4.6,0.546
7.0,7.0,4.7,4.7,0.582
7.0,7.0,4.8,4.8,0.55
7.0,7.0,4.9,4.9,0.606
7.0,7.0,5.0,5.0,0.582
7.0,7.0,5.1,5.1,0.582
7.0,7.0,5.2,5.2,0.624
7.0,7.0,5.3,5.3,0.602
7.0,7.0,5.4,5.4,0.638
7.0,7.0,5.5,5.5,0.602
7.0,7.0,5.6,5.6,0.634
7.0,7.0,5.7,5.7,0.624
7.0,7.0,5.8,5.8,0.636
7.0,7.0,5.9,5.9,0.61
7.0,7.0,6.0,6.0,0.678
7.0,7.0,6.1,6.1,0.638
7.0,7.0,6.2,6.2,0.652
7.0,7.0,6.3,6.3,0.692
7.0,7.0,6.4,6.4,0.672
7.0,7.0,6.5,6.5,0.664
7.0,7.0,6.6,6.6,0.67
7.0,7.0,6.7,6.7,0.66
7.0,7.0,6.8,6.8,0.704
7.0,7.0,6.9,6.9,0.674
7.0,7.0,7.0,7.0,0.676
7.0,7.0,7.1,7.1,0.698
7.0,7.0,7.2,7.2,0.728
7.0,7.0,7.3,7.3,0.716
7.0,7.0,7.4,7.4,0.716
7.0,7.0,7.5,7.5,0.682
7.0,7.0,7.6,7.6,0.72
7.0,7.0,7.7,7.7,0.676
7.0,7.0,7.8,7.8,0.732
7.0,7.0,7.9,7.9,0.716
7.0,7.0,8.0,8.0,0.742
7.0,7.0,8.1,8.1,0.752
7.0,7.0,8.2,8.2,0.726
7.0,7.0,8.3,8.3,0.726
7.0,7.0,8.4,8.4,0.734
7.0,7.0,8.5,8.5,0.738
7.0,7.0,8.6,8.6,0.766
7.0,7.0,8.7,8.7,0.728
7.0,7.0,8.8,8.8,0.778
7.0,7.0,8.9,8.9,0.768
7.0,7.0,9.0,9.0,0.758
7.0,7.0,9.1,9.1,0.766
7.0,7.0,9.2,9.2,0.74
7.0,7.0,9.3,9.3,0.74
7.0,7.0,9.4,9.4,0.748
7.0,7.0,9.5,9.5,0.748
7.0,7.0,9.6,9.6,0.73
7.0,7.0,9.7,9.7,0.74
7.0,7.0,9.8,9.8,0.778
7.0,7.0,9.9,9.9,0.758
7.0,7.0,10.0,10.0,0.794
7.0,7.0,10.1,10.1,0.77
7.0,7.0,10.2,10.2,0.746
7.0,7.0,10.3,10.3,0.788
7.0,7.0,10.4,10.4,0.8
7.0,7.0,10.5,10.5,0.768
7.0,7.0,10.6,10.6,0.754
7.0,7.0,10.7,10.7,0.778
7.0,7.0,10.8,10.8,0.748
7.0,7.0,10.9,10.9,0.786
7.0,7.0,11.0,11.0,0.792
7.0,7.0,11.1,11.1,0.77
7.0,7.0,11.2,11.2,0.762
7.0,7.0,11.3,11.3,0.782
7.0,7.0,11.4,11.4,0.732
7.0,7.0,11.5,11.5,0.774
7.0,7.0,11.6,11.6,0.774
7.0,7.0,11.7,11.7,0.766
7.0,7.0,11.8,11.8,0.772
7.0,7.0,11.9,11.9,0.76
7.0,7.0,12.0,12.0,0.768
7.0,7.0,12.1,12.1,0.786
7.0,7.0,12.2,12.2,0.782
7.0,7.0,12.3,12.3,0.77
7.0,7.0,12.4,12.4,0.756
7.0,7.0,12.5,12.5,0.786
7.0,7.0,12.6,12.6,0.74
7.0,7.0,12.7,12.7,0.784
7.0,7.0,12.8,12.8,0.766
7.0,7.0,12.9,12.9,0.8
7.0,7.0,13.0,13.0,0.758
7.0,7.0,13.1,13.1,0.76
7.0,7.0,13.2,13.2,0.782
7.0,7.0,13.3,13.3,0.73
7.0,7.0,13.4,13.4,0.772
7.0,7.0,13.5,13.5,0.8
7.0,7.0,13.6,13.6,0.762
7.0,7.0,13.7,13.7,0.744
7.0,7.0,13.8,13.8,0.776
7.0,7.0,13.9,13.9,0.778
7.0,7.0,14.0,14.0,0.742
7.0,7.0,14.1,14.1,0.744
7.0,7.0,14.2,14.2,0.762
7.0,7.0,14.3,14.3,0.724
7.0,7.0,14.4,14.4,0.74
7.0,7.0,14.5,14.5,0.736
7.0,7.0,14.6,14.6,0.756
7.0,7.0,14.7,14.7,0.766
7.0,7.0,14.8,14.8,0.75
7.0,7.0,14.9,14.9,0.76
7.0,7.0,15.0,15.0,0.78
7.0,7.0,15.1,15.1,0.75
7.1,7.1,0.1,0.1,0.036
7.1,7.1,0.2,0.2,0.054
7.1,7.1,0.3,0.3,0.046
7.1,7.1,0.4,0.4,0.06
7.1,7.1,0.5,0.5,0.096
7.1,7.1,0.6,0.6,0.1
7.1,7.1,0.7,0.7,0.13
7.1,7.1,0.8,0.8,0.142
7.1,7.1,0.9,0.9,0.154
7.1,7.1,1.0,1.0,0.158
7.1,7.1,1.1,1.1,0.198
7.1,7.1,1.2,1.2,0.232
7.1,7.1,1.3,1.3,0.248
7.1,7.1,1.4,1.4,0.222
7.1,7.1,1.5,1.5,0.25
7.1,7.1,1.6,1.6,0.25
7.1,7.1,1.7,1.7,0.288
7.1,7.1,1.8,1.8,0.296
7.1,7.1,1.9,1.9,0.322
7.1,7.1,2.0,2.0,0.332
7.1,7.1,2.1,2.1,0.296
7.1,7.1,2.2,2.2,0.336
7.1,7.1,2.3,2.3,0.362
7.1,7.1,2.4,2.4,0.364
7.1,7.1,2.5,2.5,0.394
7.1,7.1,2.6,2.6,0.358
7.1,7.1,2.7,2.7,0.384
7.1,7.1,2.8,2.8,0.414
7.1,7.1,2.9,2.9,0.372
7.1,7.1,3.0,3.0,0.404
7.1,7.1,3.1,3.1,0.428
7.1,7.1,3.2,3.2,0.428
7.1,7.1,3.3,3.3,0.478
7.1,7.1,3.4,3.4,0.462
7.1,7.1,3.5,3.5,0.478
7.1,7.1,3.6,3.6,0.452
7.1,7.1,3.7,3.7,0.48
7.1,7.1,3.8,3.8,0.508
7.1,7.1,3.9,3.9,0.53
7.1,7.1,4.0,4.0,0.524
7.1,7.1,4.1,4.1,0.516
7.1,7.1,4.2,4.2,0.484
7.1,7.1,4.3,4.3,0.542
7.1,7.1,4.4,4.4,0.55
7.1,7.1,4.5,4.5,0.542
7.1,7.1,4.6,4.6,0.564
7.1,7.1,4.7,4.7,0.556
7.1,7.1,4.8,4.8,0.606
7.1,7.1,4.9,4.9,0.596
7.1,7.1,5.0,5.0,0.594
7.1,7.1,5.1,5.1,0.61
7.1,7.1,5.2,5.2,0.576
7.1,7.1,5.3,5.3,0.592
7.1,7.1,5.4,5.4,0.592
7.1,7.1,5.5,5.5,0.594
7.1,7.1,5.6,5.6,0.66
7.1,7.1,5.7,5.7,0.604
7.1,7.1,5.8,5.8,0.634
7.1,7.1,5.9,5.9,0.658
7.1,7.1,6.0,6.0,0.652
7.1,7.1,6.1,6.1,0.644
7.1,7.1,6.2,6.2,0.624
7.1,7.1,6.3,6.3,0.688
7.1,7.1,6.4,6.4,0.654
7.1,7.1,6.5,6.5,0.648
7.1,7.1,6.6,6.6,0.676
7.1,7.1,6.7,6.7,0.678
7.1,7.1,6.8,6.8,0.702
7.1,7.1,6.9,6.9,0.672
7.1,7.1,7.0,7.0,0.714
7.1,7.1,7.1,7.1,0.708
7.1,7.1,7.2,7.2,0.696
7.1,7.1,7.3,7.3,0.69
7.1,7.1,7.4,7.4,0.712
7.1,7.1,7.5,7.5,0.69
7.1,7.1,7.6,7.6,0.714
7.1,7.1,7.7,7.7,0.698
7.1,7.1,7.8,7.8,0.694
7.1,7.1,7.9,7.9,0.742
7.1,7.1,8.0,8.0,0.7
7.1,7.1,8.1,8.1,0.724
7.1,7.1,8.2,8.2,0.736
7.1,7.1,8.3,8.3,0.728
7.1,7.1,8.4,8.4,0.714
7.1,7.1,8.5,8.5,0.742
7.1,7.1,8.6,8.6,0.74
7.1,7.1,8.7,8.7,0.698
7.1,7.1,8.8,8.8,0.752
7.1,7.1,8.9,8.9,0.728
7.1,7.1,9.0,9.0,0.75
7.1,7.1,9.1,9.1,0.754
7.1,7.1,9.2,9.2,0.754
7.1,7.1,9.3,9.3,0.75
7.1,7.1,9.4,9.4,0.744
7.1,7.1,9.5,9.5,0.752
7.1,7.1,9.6,9.6,0.744
7.1,7.1,9.7,9.7,0.77
7.1,7.1,9.8,9.8,0.762
7.1,7.1,9.9,9.9,0.774
7.1,7.1,10.0,10.0,0.774
7.1,7.1,10.1,10.1,0.782
7.1,7.1,10.2,10.2,0.742
7.1,7.1,10.3,10.3,0.758
7.1,7.1,10.4,10.4,0.748
7.1,7.1,10.5,10.5,0.74
7.1,7.1,10.6,10.6,0.792
7.1,7.1,10.7,10.7,0.774
7.1,7.1,10.8,10.8,0.762
7.1,7.1,10.9,10.9,0.762
7.1,7.1,11.0,11.0,0.742
7.1,7.1,11.1,11.1,0.79
7.1,7.1,11.2,11.2,0.766
7.1,7.1,11.3,11.3,0.74
7.1,7.1,11.4,11.4,0.76
7.1,7.1,11.5,11.5,0.764
7.1,7.1,11.6,11.6,0.77
7.1,7.1,11.7,11.7,0.774
7.1,7.1,11.8,11.8,0.756
7.1,7.1,11.9,11.9,0.756
7.1,7.1,12.0,12.0,0.762
7.1,7.1,12.1,12.1,0.768
7.1,7.1,12.2,12.2,0.754
7.1,7.1,12.3,12.3,0.766
7.1,7.1,12.4,12.4,0.744
7.1,7.1,12.5,12.5,0.766
7.1,7.1,12.6,12.6,0.776
7.1,7.1,12.7,12.7,0.76
7.1,7.1,12.8,12.8,0.792
7.1,7.1,12.9,12.9,0.806
7.1,7.1,13.0,13.0,0.758
7.1,7.1,13.1,13.1,0.75
7.1,7.1,13.2,13.2,0.766
7.1,7.1,13.3,13.3,0.81
7.1,7.1,13.4,13.4,0.79
7.1,7.1,13.5,13.5,0.742
7.1,7.1,13.6,13.6,0.792
7.1,7.1,13.7,13.7,0.77
7.1,7.1,13.8,13.8,0.76
7.1,7.1,13.9,13.9,0.79
7.1,7.1,14.0,14.0,0.756
7.1,7.1,14.1,14.1,0.784
7.1,7.1,14.2,14.2,0.75
7.1,7.1,14.3,14.3,0.81
7.1,7.1,14.4,14.4,0.756
7.1,7.1,14.5,14.5,0.75
7.1,7.1,14.6,14.6,0.73
7.1,7.1,14.7,14.7,0.742
7.1,7.1,14.8,14.8,0.724
7.1,7.1,14.9,14.9,0.746
7.1,7.1,15.0,15.0,0.726
7.1,7.1,15.1,15.1,0.766
7.2,7.2,0.1,0.1,0.06
7.2,7.2,0.2,0.2,0.062
7.2,7.2,0.3,0.3,0.066
7.2,7.2,0.4,0.4,0.084
7.2,7.2,0.5,0.5,0.082
7.2,7.2,0.6,0.6,0.114
7.2,7.2,0.7,0.7,0.142
7.2,7.2,0.8,0.8,0.17
7.2,7.2,0.9,0.9,0.14
7.2,7.2,1.0,1.0,0.182
7.2,7.2,1.1,1.1,0.162
7.2,7.2,1.2,1.2,0.26
7.2,7.2,1.3,1.3,0.22
7.2,7.2,1.4,1.4,0.242
7.2,7.2,1.5,1.5,0.214
7.2,7.2,1.6,1.6,0.244
7.2,7.2,1.7,1.7,0.272
7.2,7.2,1.8,1.8,0.288
7.2,7.2,1.9,1.9,0.25
7.2,7.2,2.0,2.0,0.272
7.2,7.2,2.1,2.1,0.304
7.2,7.2,2.2,2.2,0.34
7.2,7.2,2.3,2.3,0.418
7.2,7.2,2.4,2.4,0.334
7.2,7.2,2.5,2.5,0.376
7.2,7.2,2.6,2.6,0.434
7.2,7.2,2.7,2.7,0.376
7.2,7.2,2.8,2.8,0.404
7.2,7.2,2.9,2.9,0.396
7.2,7.2,3.0,3.0,0.4
7.2,7.2,3.1,3.1,0.432
7.2,7.2,3.2,3.2,0.46
7.2,7.2,3.3,3.3,0.472
7.2,7.2,3.4,3.4,0.466
7.2,7.2,3.5,3.5,0.468
7.2,7.2,3.6,3.6,0.478
7.2,7.2,3.7,3.7,0.464
7.2,7.2,3.8,3.8,0.542
7.2,7.2,3.9,3.9,0.516
7.2,7.2,4.0,4.0,0.494
7.2,7.2,4.1,4.1,0.548
7.2,7.2,4.2,4.2,0.53
7.2,7.2,4.3,4.3,0.556
7.2,7.2,4.4,4.4,0.538
7.2,7.2,4.5,4.5,0.55
7.2,7.2,4.6,4.6,0.56
7.2,7.2,4.7,4.7,0.552
7.2,7.2,4.8,4.8,0.568
7.2,7.2,4.9,4.9,0.62
7.2,7.2,5.0,5.0,0.572
7.2,7.2,5.1,5.1,0.614
7.2,7.2,5.2,5.2,0.624
7.2,7.2,5.3,5.3,0.636
7.2,7.2,5.4,5.4,0.618
7.2,7.2,5.5,5.5,0.612
7.2,7.2,5.6,5.6,0.674
7.2,7.2,5.7,5.7,0.682
7.2,7.2,5.8,5.8,0.634
7.2,7.2,5.9,5.9,0.68
7.2,7.2,6.0,6.0,0.628
7.2,7.2,6.1,6.1,0.646
7.2,7.2,6.2,6.2,0.692
7.2,7.2,6.3,6.3,0.68
7.2,7.2,6.4,6.4,0.676
7.2,7.2,6.5,6.5,0.662
7.2,7.2,6.6,6.6,0.652
7.2,7.2,6.7,6.7,0.672
7.2,7.2,6.8,6.8,0.686
7.2,7.2,6.9,6.9,0.696
7.2,7.2,7.0,7.0,0.662
7.2,7.2,7.1,7.1,0.718
7.2,7.2,7.2,7.2,0.694
7.2,7.2,7.3,7.3,0.7
7.2,7.2,7.4,7.4,0.668
7.2,7.2,7.5,7.5,0.704
7.2,7.2,7.6,7.6,0.694
7.2,7.2,7.7,7.7,0.726
7.2,7.2,7.8,7.8,0.688
7.2,7.2,7.9,7.9,0.716
7.2,7.2,8.0,8.0,0.728
7.2,7.2,8.1,8.1,0.692
7.2,7.2,8.2,8.2,0.72
7.2,7.2,8.3,8.3,0.69
7.2,7.2,8.4,8.4,0.73
7.2,7.2,8.5,8.5,0.706
7.2,7.2,8.6,8.6,0.726
7.2,7.2,8.7,8.7,0.73
7.2,7.2,8.8,8.8,0.706
7.2,7.2,8.9,8.9,0.75
7.2,7.2,9.0,9.0,0.694
7.2,7.2,9.1,9.1,0.718
7.2,7.2,9.2,9.2,0.702
7.2,7.2,9.3,9.3,0.698
7.2,7.2,9.4,9.4,0.752
7.2,7.2,9.5,9.5,0.764
7.2,7.2,9.6,9.6,0.774
7.2,7.2,9.7,9.7,0.73
7.2,7.2,9.8,9.8,0.742
7.2,7.2,9.9,9.9,0.75
7.2,7.2,10.0,10.0,0.734
7.2,7.2,10.1,10.1,0.788
7.2,7.2,10.2,10.2,0.75
7.2,7.2,10.3,10.3,0.744
7.2,7.2,10.4,10.4,0.76
7.2,7.2,10.5,10.5,0.782
7.2,7.2,10.6,10.6,0.768
7.2,7.2,10.7,10.7,0.768
7.2,7.2,10.8,10.8,0.772
7.2,7.2,10.9,10.9,0.766
7.2,7.2,11.0,11.0,0.752
7.2,7.2,11.1,11.1,0.776
7.2,7.2,11.2,11.2,0.74
7.2,7.2,11.3,11.3,0.766
7.2,7.2,11.4,11.4,0.744
7.2,7.2,11.5,11.5,0.8
7.2,7.2,11.6,11.6,0.76
7.2,7.2,11.7,11.7,0.734
7.2,7.2,11.8,11.8,0.774
7.2,7.2,11.9,11.9,0.786
7.2,7.2,12.0,12.0,0.77
7.2,7.2,12.1,12.1,0.764
7.2,7.2,12.2,12.2,0.78
7.2,7.2,12.3,12.3,0.752
7.2,7.2,12.4,12.4,0.788
7.2,7.2,12.5,12.5,0.758
7.2,7.2,12.6,12.6,0.78
7.2,7.2,12.7,12.7,0.802
7.2,7.2,12.8,12.8,0.772
7.2,7.2,12.9,12.9,0.792
7.2,7.2,13.0,13.0,0.76
7.2,7.2,13.1,13.1,0.786
7.2,7.2,13.2,13.2,0.75
7.2,7.2,13.3,13.3,0.768
7.2,7.2,13.4,13.4,0.78
7.2,7.2,13.5,13.5,0.756
7.2,7.2,13.6,13.6,0.788
7.2,7.2,13.7,13.7,0.762
7.2,7.2,13.8,13.8,0.73
7.2,7.2,13.9,13.9,0.794
7.2,7.2,14.0,14.0,0.786
7.2,7.2,14.1,14.1,0.756
7.2,7.2,14.2,14.2,0.752
7.2,7.2,14.3,14.3,0.722
7.2,7.2,14.4,14.4,0.766
7.2,7.2,14.5,14.5,0.752
7.2,7.2,14.6,14.6,0.764
7.2,7.2,14.7,14.7,0.754
7.2,7.2,14.8,14.8,0.732
7.2,7.2,14.9,14.9,0.758
7.2,7.2,15.0,15.0,0.76
7.2,7.2,15.1,15.1,0.746
7.3,7.3,0.1,0.1,0.042
7.3,7.3,0.2,0.2,0.048
7.3,7.3,0.3,0.3,0.088
7.3,7.3,0.4,0.4,0.074
7.3,7.3,0.5,0.5,0.116
7.3,7.3,0.6,0.6,0.126
7.3,7.3,0.7,0.7,0.13
7.3,7.3,0.8,0.8,0.154
7.3,7.3,0.9,0.9,0.154
7.3,7.3,1.0,1.0,0.154
7.3,7.3,1.1,1.1,0.174
7.3,7.3,1.2,1.2,0.208
7.3,7.3,1.3,1.3,0.192
7.3,7.3,1.4,1.4,0.234
7.3,7.3,1.5,1.5,0.262
7.3,7.3,1.6,1.6,0.228
7.3,7.3,1.7,1.7,0.25
7.3,7.3,1.8,1.8,0.294
7.3,7.3,1.9,1.9,0.31
7.3,7.3,2.0,2.0,0.324
7.3,7.3,2.1,2.1,0.31
7.3,7.3,2.2,2.2,0.332
7.3,7.3,2.3,2.3,0.308
7.3,7.3,2.4,2.4,0.376
7.3,7.3,2.5,2.5,0.37
7.3,7.3,2.6,2.6,0.388
7.3,7.3,2.7,2.7,0.384
7.3,7.3,2.8,2.8,0.38
7.3,7.3,2.9,2.9,0.436
7.3,7.3,3.0,3.0,0.424
7.3,7.3,3.1,3.1,0.442
7.3,7.3,3.2,3.2,0.47
7.3,7.3,3.3,3.3,0.46
7.3,7.3,3.4,3.4,0.476
7.3,7.3,3.5,3.5,0.474
7.3,7.3,3.6,3.6,0.448
7.3,7.3,3.7,3.7,0.484
7.3,7.3,3.8,3.8,0.484
7.3,7.3,3.9,3.9,0.482
7.3,7.3,4.0,4.0,0.5
7.3,7.3,4.1,4.1,0.518
7.3,7.3,4.2,4.2,0.556
7.3,7.3,4.3,4.3,0.516
7.3,7.3,4.4,4.4,0.558
7.3,7.3,4.5,4.5,0.546
7.3,7.3,4.6,4.6,0.536
7.3,7.3,4.7,4.7,0.558
7.3,7.3,4.8,4.8,0.58
7.3,7.3,4.9,4.9,0.55
7.3,7.3,5.0,5.0,0.602
7.3,7.3,5.1,5.1,0.58
7.3,7.3,5.2,5.2,0.584
7.3,7.3,5.3,5.3,0.618
7.3,7.3,5.4,5.4,0.636
7.3,7.3,5.5,5.5,0.618
7.3,7.3,5.6,5.6,0.598
7.3,7.3,5.7,5.7,0.628
7.3,7.3,5.8,5.8,0.634
7.3,7.3,5.9,5.9,0.638
7.3,7.3,6.0,6.0,0.624
7.3,7.3,6.1,6.1,0.604
7.3,7.3,6.2,6.2,0.628
7.3,7.3,6.3,6.3,0.652
7.3,7.3,6.4,6.4,0.646
7.3,7.3,6.5,6.5,0.666
7.3,7.3,6.6,6.6,0.66
7.3,7.3,6.7,6.7,0.682
7.3,7.3,6.8,6.8,0.656
7.3,7.3,6.9,6.9,0.646
7.3,7.3,7.0,7.0,0.684
7.3,7.3,7.1,7.1,0.712
7.3,7.3,7.2,7.2,0.676
7.3,7.3,7.3,7.3,0.688
7.3,7.3,7.4,7.4,0.708
7.3,7.3,7.5,7.5,0.688
7.3,7.3,7.6,7.6,0.69
7.3,7.3,7.7,7.7,0.704
7.3,7.3,7.8,7.8,0.73
7.3,7.3,7.9,7.9,0.672
7.3,7.3,8.0,8.0,0.71
7.3,7.3,8.1,8.1,0.726
7.3,7.3,8.2,8.2,0.738
7.3,7.3,8.3,8.3,0.734
7.3,7.3,8.4,8.4,0.714
7.3,7.3,8.5,8.5,0.726
7.3,7.3,8.6,8.6,0.694
7.3,7.3,8.7,8.7,0.718
7.3,7.3,8.8,8.8,0.73
7.3,7.3,8.9,8.9,0.748
7.3,7.3,9.0,9.0,0.68
7.3,7.3,9.1,9.1,0.786
7.3,7.3,9.2,9.2,0.712
7.3,7.3,9.3,9.3,0.758
7.3,7.3,9.4,9.4,0.722
7.3,7.3,9.5,9.5,0.762
7.3,7.3,9.6,9.6,0.766
7.3,7.3,9.7,9.7,0.782
7.3,7.3,9.8,9.8,0.756
7.3,7.3,9.9,9.9,0.748
7.3,7.3,10.0,10.0,0.752
7.3,7.3,10.1,10.1,0.764
7.3,7.3,10.2,10.2,0.792
7.3,7.3,10.3,10.3,0.792
7.3,7.3,10.4,10.4,0.79
7.3,7.3,10.5,10.5,0.788
7.3,7.3,10.6,10.6,0.716
7.3,7.3,10.7,10.7,0.744
7.3,7.3,10.8,10.8,0.778
7.3,7.3,10.9,10.9,0.778
7.3,7.3,11.0,11.0,0.742
7.3,7.3,11.1,11.1,0.74
7.3,7.3,11.2,11.2,0.738
7.3,7.3,11.3,11.3,0.75
7.3,7.3,11.4,11.4,0.794
7.3,7.3,11.5,11.5,0.75
7.3,7.3,11.6,11.6,0.766
7.3,7.3,11.7,11.7,0.774
7.3,7.3,11.8,11.8,0.768
7.3,7.3,11.9,11.9,0.776
7.3,7.3,12.0,12.0,0.8
7.3,7.3,12.1,12.1,0.758
7.3,7.3,12.2,12.2,0.77
7.3,7.3,12.3,12.3,0.782
7.3,7.3,12.4,12.4,0.754
7.3,7.3,12.5,12.5,0.76
7.3,7.3,12.6,12.6,0.796
7.3,7.3,12.7,12.7,0.79
7.3,7.3,12.8,12.8,0.762
7.3,7.3,12.9,12.9,0.752
7.3,7.3,13.0,13.0,0.796
7.3,7.3,13.1,13.1,0.764
7.3,7.3,13.2,13.2,0.766
7.3,7.3,13.3,13.3,0.772
7.3,7.3,13.4,13.4,0.752
7.3,7.3,13.5,13.5,0.822
7.3,7.3,13.6,13.6,0.802
7.3,7.3,13.7,13.7,0.748
7.3,7.3,13.8,13.8,0.764
7.3,7.3,13.9,13.9,0.786
7.3,7.3,14.0,14.0,0.744
7.3,7.3,14.1,14.1,0.77
7.3,7.3,14.2,14.2,0.816
7.3,7.3,14.3,14.3,0.778
7.3,7.3,14.4,14.4,0.748
7.3,7.3,14.5,14.5,0.746
7.3,7.3,14.6,14.6,0.776
7.3,7.3,14.7,14.7,0.776
7.3,7.3,14.8,14.8,0.73
7.3,7.3,14.9,14.9,0.734
7.3,7.3,15.0,15.0,0.762
7.3,7.3,15.1,15.1,0.722
7.4,7.4,0.1,0.1,0.046
7.4,7.4,0.2,0.2,0.058
7.4,7.4,0.3,0.3,0.056
7.4,7.4,0.4,0.4,0.066
7.4,7.4,0.5,0.5,0.084
7.4,7.4,0.6,0.6,0.116
7.4,7.4,0.7,0.7,0.156
7.4,7.4,0.8,0.8,0.146
7.4,7.4,0.9,0.9,0.17
7.4,7.4,1.0,1.0,0.17
7.4,7.4,1.1,1.1,0.142
7.4,7.4,1.2,1.2,0.246
7.4,7.4,1.3,1.3,0.21
7.4,7.4,1.4,1.4,0.23
7.4,7.4,1.5,1.5,0.234
7.4,7.4,1.6,1.6,0.242
7.4,7.4,1.7,1.7,0.234
7.4,7.4,1.8,1.8,0.282
7.4,7.4,1.9,1.9,0.322
7.4,7.4,2.0,2.0,0.27
7.4,7.4,2.1,2.1,0.296
7.4,7.4,2.2,2.2,0.348
7.4,7.4,2.3,2.3,0.328
7.4,7.4,2.4,2.4,0.356
7.4,7.4,2.5,2.5,0.346
7.4,7.4,2.6,2.6,0.352
7.4,7.4,2.7,2.7,0.394
7.4,7.4,2.8,2.8,0.398
7.4,7.4,2.9,2.9,0.418
7.4,7.4,3.0,3.0,0.382
7.4,7.4,3.1,3.1,0.416
7.4,7.4,3.2,3.2,0.404
7.4,7.4,3.3,3.3,0.43
7.4,7.4,3.4,3.4,0.45
7.4,7.4,3.5,3.5,0.478
7.4,7.4,3.6,3.6,0.49
7.4,7.4,3.7,3.7,0.444
7.4,7.4,3.8,3.8,0.472
7.4,7.4,3.9,3.9,0.472
7.4,7.4,4.0,4.0,0.502
7.4,7.4,4.1,4.1,0.498
7.4,7.4,4.2,4.2,0.524
7.4,7.4,4.3,4.3,0.54
7.4,7.4,4.4,4.4,0.564
7.4,7.4,4.5,4.5,0.546
7.4,7.4,4.6,4.6,0.572
7.4,7.4,4.7,4.7,0.526
7.4,7.4,4.8,4.8,0.536
7.4,7.4,4.9,4.9,0.542
7.4,7.4,5.0,5.0,0.55
7.4,7.4,5.1,5.1,0.598
7.4,7.4,5.2,5.2,0.578
7.4,7.4,5.3,5.3,0.606
7.4,7.4,5.4,5.4,0.588
7.4,7.4,5.5,5.5,0.608
7.4,7.4,5.6,5.6,0.61
7.4,7.4,5.7,5.7,0.614
7.4,7.4,5.8,5.8,0.642
7.4,7.4,5.9,5.9,0.646
7.4,7.4,6.0,6.0,0.632
7.4,7.4,6.1,6.1,0.67
7.4,7.4,6.2,6.2,0.662
7.4,7.4,6.3,6.3,0.672
7.4,7.4,6.4,6.4,0.652
7.4,7.4,6.5,6.5,0.624
7.4,7.4,6.6,6.6,0.656
7.4,7.4,6.7,6.7,0.656
7.4,7.4,6.8,6.8,0.692
7.4,7.4,6.9,6.9,0.654
7.4,7.4,7.0,7.0,0.628
7.4,7.4,7.1,7.1,0.674
7.4,7.4,7.2,7.2,0.678
7.4,7.4,7.3,7.3,0.678
7.4,7.4,7.4,7.4,0.73
7.4,7.4,7.5,7.5,0.694
7.4,7.4,7.6,7.6,0.692
7.4,7.4,7.7,7.7,0.704
7.4,7.4,7.8,7.8,0.674
7.4,7.4,7.9,7.9,0.702
7.4,7.4,8.0,8.0,0.72
7.4,7.4,8.1,8.1,0.708
7.4,7.4,8.2,8.2,0.718
7.4,7.4,8.3,8.3,0.736
7.4,7.4,8.4,8.4,0.688
7.4,7.4,8.5,8.5,0.756
7.4,7.4,8.6,8.6,0.684
7.4,7.4,8.7,8.7,0.714
7.4,7.4,8.8,8.8,0.738
7.4,7.4,8.9,8.9,0.716
7.4,7.4,9.0,9.0,0.73
7.4,7.4,9.1,9.1,0.752
7.4,7.4,9.2,9.2,0.694
7.4,7.4,9.3,9.3,0.756
7.4,7.4,9.4,9.4,0.704
7.4,7.4,9.5,9.5,0.77
7.4,7.4,9.6,9.6,0.76
7.4,7.4,9.7,9.7,0.76
7.4,7.4,9.8,9.8,0.732
7.4,7.4,9.9,9.9,0.744
7.4,7.4,10.0,10.0,0.754
7.4,7.4,10.1,10.1,0.73
7.4,7.4,10.2,10.2,0.732
7.4,7.4,10.3,10.3,0.756
7.4,7.4,10.4,10.4,0.73
7.4,7.4,10.5,10.5,0.748
7.4,7.4,10.6,10.6,0.732
7.4,7.4,10.7,10.7,0.732
7.4,7.4,10.8,10.8,0.772
7.4,7.4,10.9,10.9,0.736
7.4,7.4,11.0,11.0,0.738
7.4,7.4,11.1,11.1,0.764
7.4,7.4,11.2,11.2,0.748
7.4,7.4,11.3,11.3,0.764
7.4,7.4,11.4,11.4,0.79
7.4,7.4,11.5,11.5,0.79
7.4,7.4,11.6,11.6,0.788
7.4,7.4,11.7,11.7,0.784
7.4,7.4,11.8,11.8,0.746
7.4,7.4,11.9,11.9,0.78
7.4,7.4,12.0,12.0,0.738
7.4,7.4,12.1,12.1,0.798
7.4,7.4,12.2,12.2,0.78
7.4,7.4,12.3,12.3,0.772
7.4,7.4,12.4,12.4,0.774
7.4,7.4,12.5,12.5,0.736
7.4,7.4,12.6,12.6,0.78
7.4,7.4,12.7,12.7,0.756
7.4,7.4,12.8,12.8,0.728
7.4,7.4,12.9,12.9,0.8
7.4,7.4,13.0,13.0,0.77
7.4,7.4,13.1,13.1,0.74
7.4,7.4,13.2,13.2,0.752
7.4,7.4,13.3,13.3,0.742
7.4,7.4,13.4,13.4,0.772
7.4,7.4,13.5,13.5,0.784
7.4,7.4,13.6,13.6,0.752
7.4,7.4,13.7,13.7,0.754
7.4,7.4,13.8,13.8,0.764
7.4,7.4,13.9,13.9,0.77
7.4,7.4,14.0,14.0,0.802
7.4,7.4,14.1,14.1,0.788
7.4,7.4,14.2,14.2,0.756
7.4,7.4,14.3,14.3,0.75
7.4,7.4,14.4,14.4,0.76
7.4,7.4,14.5,14.5,0.762
7.4,7.4,14.6,14.6,0.76
7.4,7.4,14.7,14.7,0.778
7.4,7.4,14.8,14.8,0.77
7.4,7.4,14.9,14.9,0.756
7.4,7.4,15.0,15.0,0.75
7.4,7.4,15.1,15.1,0.76
7.5,7.5,0.1,0.1,0.044
7.5,7.5,0.2,0.2,0.05
7.5,7.5,0.3,0.3,0.056
7.5,7.5,0.4,0.4,0.088
7.5,7.5,0.5,0.5,0.096
7.5,7.5,0.6,0.6,0.116
7.5,7.5,0.7,0.7,0.14
7.5,7.5,0.8,0.8,0.152
7.5,7.5,0.9,0.9,0.144
7.5,7.5,1.0,1.0,0.166
7.5,7.5,1.1,1.1,0.174
7.5,7.5,1.2,1.2,0.216
7.5,7.5,1.3,1.3,0.194
7.5,7.5,1.4,1.4,0.268
7.5,7.5,1.5,1.5,0.22
7.5,7.5,1.6,1.6,0.26
7.5,7.5,1.7,1.7,0.298
7.5,7.5,1.8,1.8,0.284
7.5,7.5,1.9,1.9,0.278
7.5,7.5,2.0,2.0,0.298
7.5,7.5,2.1,2.1,0.346
7.5,7.5,2.2,2.2,0.344
7.5,7.5,2.3,2.3,0.35
7.5,7.5,2.4,2.4,0.328
7.5,7.5,2.5,2.5,0.338
7.5,7.5,2.6,2.6,0.358
7.5,7.5,2.7,2.7,0.4
7.5,7.5,2.8,2.8,0.396
7.5,7.5,2.9,2.9,0.422
7.5,7.5,3.0,3.0,0.408
7.5,7.5,3.1,3.1,0.422
7.5,7.5,3.2,3.2,0.408
7.5,7.5,3.3,3.3,0.444
7.5,7.5,3.4,3.4,0.444
7.5,7.5,3.5,3.5,0.454
7.5,7.5,3.6,3.6,0.47
7.5,7.5,3.7,3.7,0.456
7.5,7.5,3.8,3.8,0.472
7.5,7.5,3.9,3.9,0.508
7.5,7.5,4.0,4.0,0.492
7.5,7.5,4.1,4.1,0.488
7.5,7.5,4.2,4.2,0.52
7.5,7.5,4.3,4.3,0.51
7.5,7.5,4.4,4.4,0.54
7.5,7.5,4.5,4.5,0.528
7.5,7.5,4.6,4.6,0.574
7.5,7.5,4.7,4.7,0.59
7.5,7.5,4.8,4.8,0.552
7.5,7.5,4.9,4.9,0.582
7.5,7.5,5.0,5.0,0.578
7.5,7.5,5.1,5.1,0.608
7.5,7.5,5.2,5.2,0.58
7.5,7.5,5.3,5.3,0.61
7.5,7.5,5.4,5.4,0.586
7.5,7.5,5.5,5.5,0.622
7.5,7.5,5.6,5.6,0.602
7.5,7.5,5.7,5.7,0.616
7.5,7.5,5.8,5.8,0.61
7.5,7.5,5.9,5.9,0.616
7.5,7.5,6.0,6.0,0.588
7.5,7.5,6.1,6.1,0.656
7.5,7.5,6.2,6.2,0.622
7.5,7.5,6.3,6.3,0.66
7.5,7.5,6.4,6.4,0.66
7.5,7.5,6.5,6.5,0.644
7.5,7.5,6.6,6.6,0.664
7.5,7.5,6.7,6.7,0.624
7.5,7.5,6.8,6.8,0.656
7.5,7.5,6.9,6.9,0.646
7.5,7.5,7.0,7.0,0.646
7.5,7.5,7.1,7.1,0.634
7.5,7.5,7.2,7.2,0.668
7.5,7.5,7.3,7.3,0.71
7.5,7.5,7.4,7.4,0.666
7.5,7.5,7.5,7.5,0.71
7.5,7.5,7.6,7.6,0.64
7.5,7.5,7.7,7.7,0.7
7.5,7.5,7.8,7.8,0.696
7.5,7.5,7.9,7.9,0.718
7.5,7.5,8.0,8.0,0.692
7.5,7.5,8.1,8.1,0.688
7.5,7.5,8.2,8.2,0.71
7.5,7.5,8.3,8.3,0.718
7.5,7.5,8.4,8.4,0.726
7.5,7.5,8.5,8.5,0.704
7.5,7.5,8.6,8.6,0.71
7.5,7.5,8.7,8.7,0.704
7.5,7.5,8.8,8.8,0.706
7.5,7.5,8.9,8.9,0.716
7.5,7.5,9.0,9.0,0.76
7.5,7.5,9.1,9.1,0.758
7.5,7.5,9.2,9.2,0.736
7.5,7.5,9.3,9.3,0.752
7.5,7.5,9.4,9.4,0.74
7.5,7.5,9.5,9.5,0.744
7.5,7.5,9.6,9.6,0.748
7.5,7.5,9.7,9.7,0.748
7.5,7.5,9.8,9.8,0.724
7.5,7.5,9.9,9.9,0.754
7.5,7.5,10.0,10.0,0.778
7.5,7.5,10.1,10.1,0.73
7.5,7.5,10.2,10.2,0.738
7.5,7.5,10.3,10.3,0.75
7.5,7.5,10.4,10.4,0.724
7.5,7.5,10.5,10.5,0.766
7.5,7.5,10.6,10.6,0.756
7.5,7.5,10.7,10.7,0.72
7.5,7.5,10.8,10.8,0.774
7.5,7.5,10.9,10.9,0.78
7.5,7.5,11.0,11.0,0.77
7.5,7.5,11.1,11.1,0.75
7.5,7.5,11.2,11.2,0.778
7.5,7.5,11.3,11.3,0.77
7.5,7.5,11.4,11.4,0.766
7.5,7.5,11.5,11.5,0.794
7.5,7.5,11.6,11.6,0.738
7.5,7.5,11.7,11.7,0.762
7.5,7.5,11.8,11.8,0.802
7.5,7.5,11.9,11.9,0.736
7.5,7.5,12.0,12.0,0.724
7.5,7.5,12.1,12.1,0.776
7.5,7.5,12.2,12.2,0.794
7.5,7.5,12.3,12.3,0.77
7.5,7.5,12.4,12.4,0.742
7.5,7.5,12.5,12.5,0.758
7.5,7.5,12.6,12.6,0.77
7.5,7.5,12.7,12.7,0.802
7.5,7.5,12.8,12.8,0.776
7.5,7.5,12.9,12.9,0.774
7.5,7.5,13.0,13.0,0.746
7.5,7.5,13.1,13.1,0.764
7.5,7.5,13.2,13.2,0.784
7.5,7.5,13.3,13.3,0.79
7.5,7.5,13.4,13.4,0.754
7.5,7.5,13.5,13.5,0.744
7.5,7.5,13.6,13.6,0.786
7.5,7.5,13.7,13.7,0.76
7.5,7.5,13.8,13.8,0.798
7.5,7.5,13.9,13.9,0.796
7.5,7.5,14.0,14.0,0.77
7.5,7.5,14.1,14.1,0.768
7.5,7.5,14.2,14.2,0.786
7.5,7.5,14.3,14.3,0.766
7.5,7.5,14.4,14.4,0.774
7.5,7.5,14.5,14.5,0.778
7.5,7.5,14.6,14.6,0.776
7.5,7.5,14.7,14.7,0.76
7.5,7.5,14.8,14.8,0.734
7.5,7.5,14.9,14.9,0.766
7.5,7.5,15.0,15.0,0.782
7.5,7.5,15.1,15.1,0.774
7.6,7.6,0.1,0.1,0.038
7.6,7.6,0.2,0.2,0.044
7.6,7.6,0.3,0.3,0.072
7.6,7.6,0.4,0.4,0.09
7.6,7.6,0.5,0.5,0.1
7.6,7.6,0.6,0.6,0.114
7.6,7.6,0.7,0.7,0.144
7.6,7.6,0.8,0.8,0.136
7.6,7.6,0.9,0.9,0.168
7.6,7.6,1.0,1.0,0.166
7.6,7.6,1.1,1.1,0.18
7.6,7.6,1.2,1.2,0.19
7.6,7.6,1.3,1.3,0.208
7.6,7.6,1.4,1.4,0.226
7.6,7.6,1.5,1.5,0.258
7.6,7.6,1.6,1.6,0.248
7.6,7.6,1.7,1.7,0.256
7.6,7.6,1.8,1.8,0.268
7.6,7.6,1.9,1.9,0.286
7.6,7.6,2.0,2.0,0.32
7.6,7.6,2.1,2.1,0.332
7.6,7.6,2.2,2.2,0.278
7.6,7.6,2.3,2.3,0.32
7.6,7.6,2.4,2.4,0.372
7.6,7.6,2.5,2.5,0.354
7.6,7.6,2.6,2.6,0.338
7.6,7.6,2.7,2.7,0.376
7.6,7.6,2.8,2.8,0.382
7.6,7.6,2.9,2.9,0.378
7.6,7.6,3.0,3.0,0.4
7.6,7.6,3.1,3.1,0.402
7.6,7.6,3.2,3.2,0.45
7.6,7.6,3.3,3.3,0.446
7.6,7.6,3.4,3.4,0.41
7.6,7.6,3.5,3.5,0.454
7.6,7.6,3.6,3.6,0.526
7.6,7.6,3.7,3.7,0.514
7.6,7.6,3.8,3.8,0.48
7.6,7.6,3.9,3.9,0.476
7.6,7.6,4.0,4.0,0.534
7.6,7.6,4.1,4.1,0.522
7.6,7.6,4.2,4.2,0.5
7.6,7.6,4.3,4.3,0.508
7.6,7.6,4.4,4.4,0.548
7.6,7.6,4.5,4.5,0.536
7.6,7.6,4.6,4.6,0.552
7.6,7.6,4.7,4.7,0.588
7.6,7.6,4.8,4.8,0.562
7.6,7.6,4.9,4.9,0.554
7.6,7.6,5.0,5.0,0.564
7.6,7.6,5.1,5.1,0.6
7.6,7.6,5.2,5.2,0.584
7.6,7.6,5.3,5.3,0.592
7.6,7.6,5.4,5.4,0.59
7.6,7.6,5.5,5.5,0.598
7.6,7.6,5.6,5.6,0.6
7.6,7.6,5.7,5.7,0.612
7.6,7.6,5.8,5.8,0.598
7.6,7.6,5.9,5.9,0.616
7.6,7.6,6.0,6.0,0.596
7.6,7.6,6.1,6.1,0.62
7.6,7.6,6.2,6.2,0.626
7.6,7.6,6.3,6.3,0.652
7.6,7.6,6.4,6.4,0.662
7.6,7.6,6.5,6.5,0.666
7.6,7.6,6.6,6.6,0.67
7.6,7.6,6.7,6.7,0.632
7.6,7.6,6.8,6.8,0.658
7.6,7.6,6.9,6.9,0.644
7.6,7.6,7.0,7.0,0.67
7.6,7.6,7.1,7.1,0.67
7.6,7.6,7.2,7.2,0.678
7.6,7.6,7.3,7.3,0.662
7.6,7.6,7.4,7.4,0.676
7.6,7.6,7.5,7.5,0.71
7.6,7.6,7.6,7.6,0.682
7.6,7.6,7.7,7.7,0.702
7.6,7.6,7.8,7.8,0.732
7.6,7.6,7.9,7.9,0.65
7.6,7.6,8.0,8.0,0.72
7.6,7.6,8.1,8.1,0.716
7.6,7.6,8.2,8.2,0.72
7.6,7.6,8.3,8.3,0.692
7.6,7.6,8.4,8.4,0.694
7.6,7.6,8.5,8.5,0.736
7.6,7.6,8.6,8.6,0.734
7.6,7.6,8.7,8.7,0.722
7.6,7.6,8.8,8.8,0.724
7.6,7.6,8.9,8.9,0.688
7.6,7.6,9.0,9.0,0.746
7.6,7.6,9.1,9.1,0.688
7.6,7.6,9.2,9.2,0.728
7.6,7.6,9.3,9.3,0.69
7.6,7.6,9.4,9.4,0.736
7.6,7.6,9.5,9.5,0.758
7.6,7.6,9.6,9.6,0.732
7.6,7.6,9.7,9.7,0.742
7.6,7.6,9.8,9.8,0.742
7.6,7.6,9.9,9.9,0.748
7.6,7.6,10.0,10.0,0.764
7.6,7.6,10.1,10.1,0.742
7.6,7.6,10.2,10.2,0.704
7.6,7.6,10.3,10.3,0.746
7.6,7.6,10.4,10.4,0.752
7.6,7.6,10.5,10.5,0.764
7.6,7.6,10.6,10.6,0.77
7.6,7.6,10.7,10.7,0.758
7.6,7.6,10.8,10.8,0.756
7.6,7.6,10.9,10.9,0.756
7.6,7.6,11.0,11.0,0.78
7.6,7.6,11.1,11.1,0.76
7.6,7.6,11.2,11.2,0.752
7.6,7.6,11.3,11.3,0.718
7.6,7.6,11.4,11.4,0.76
7.6,7.6,11.5,11.5,0.742
7.6,7.6,11.6,11.6,0.778
7.6,7.6,11.7,11.7,0.776
7.6,7.6,11.8,11.8,0.75
7.6,7.6,11.9,11.9,0.766
7.6,7.6,12.0,12.0,0.768
7.6,7.6,12.1,12.1,0.718
7.6,7.6,12.2,12.2,0.768
7.6,7.6,12.3,12.3,0.774
7.6,7.6,12.4,12.4,0.774
7.6,7.6,12.5,12.5,0.746
7.6,7.6,12.6,12.6,0.774
7.6,7.6,12.7,12.7,0.792
7.6,7.6,12.8,12.8,0.794
7.6,7.6,12.9,12.9,0.772
7.6,7.6,13.0,13.0,0.776
7.6,7.6,13.1,13.1,0.744
7.6,7.6,13.2,13.2,0.792
7.6,7.6,13.3,13.3,0.788
7.6,7.6,13.4,13.4,0.754
7.6,7.6,13.5,13.5,0.73
7.6,7.6,13.6,13.6,0.768
7.6,7.6,13.7,13.7,0.784
7.6,7.6,13.8,13.8,0.778
7.6,7.6,13.9,13.9,0.758
7.6,7.6,14.0,14.0,0.78
7.6,7.6,14.1,14.1,0.722
7.6,7.6,14.2,14.2,0.768
7.6,7.6,14.3,14.3,0.764
7.6,7.6,14.4,14.4,0.772
7.6,7.6,14.5,14.5,0.764
7.6,7.6,14.6,14.6,0.764
7.6,7.6,14.7,14.7,0.764
7.6,7.6,14.8,14.8,0.76
7.6,7.6,14.9,14.9,0.786
7.6,7.6,15.0,15.0,0.776
7.6,7.6,15.1,15.1,0.744
7.7,7.7,0.1,0.1,0.04
7.7,7.7,0.2,0.2,0.048
7.7,7.7,0.3,0.3,0.09
7.7,7.7,0.4,0.4,0.086
7.7,7.7,0.5,0.5,0.094
7.7,7.7,0.6,0.6,0.118
7.7,7.7,0.7,0.7,0.126
7.7,7.7,0.8,0.8,0.158
7.7,7.7,0.9,0.9,0.182
7.7,7.7,1.0,1.0,0.156
7.7,7.7,1.1,1.1,0.158
7.7,7.7,1.2,1.2,0.18
7.7,7.7,1.3,1.3,0.244
7.7,7.7,1.4,1.4,0.196
7.7,7.7,1.5,1.5,0.276
7.7,7.7,1.6,1.6,0.236
7.7,7.7,1.7,1.7,0.234
7.7,7.7,1.8,1.8,0.278
7.7,7.7,1.9,1.9,0.296
7.7,7.7,2.0,2.0,0.286
7.7,7.7,2.1,2.1,0.308
7.7,7.7,2.2,2.2,0.32
7.7,7.7,2.3,2.3,0.32
7.7,7.7,2.4,2.4,0.37
7.7,7.7,2.5,2.5,0.352
7.7,7.7,2.6,2.6,0.354
7.7,7.7,2.7,2.7,0.374
7.7,7.7,2.8,2.8,0.382
7.7,7.7,2.9,2.9,0.376
7.7,7.7,3.0,3.0,0.396
7.7,7.7,3.1,3.1,0.446
7.7,7.7,3.2,3.2,0.412
7.7,7.7,3.3,3.3,0.46
7.7,7.7,3.4,3.4,0.414
7.7,7.7,3.5,3.5,0.44
7.7,7.7,3.6,3.6,0.492
7.7,7.7,3.7,3.7,0.456
7.7,7.7,3.8,3.8,0.458
7.7,7.7,3.9,3.9,0.494
7.7,7.7,4.0,4.0,0.444
7.7,7.7,4.1,4.1,0.514
7.7,7.7,4.2,4.2,0.538
7.7,7.7,4.3,4.3,0.536
7.7,7.7,4.4,4.4,0.524
7.7,7.7,4.5,4.5,0.572
7.7,7.7,4.6,4.6,0.506
7.7,7.7,4.7,4.7,0.552
7.7,7.7,4.8,4.8,0.554
7.7,7.7,4.9,4.9,0.58
7.7,7.7,5.0,5.0,0.56
7.7,7.7,5.1,5.1,0.558
7.7,7.7,5.2,5.2,0.532
7.7,7.7,5.3,5.3,0.564
7.7,7.7,5.4,5.4,0.572
7.7,7.7,5.5,5.5,0.58
7.7,7.7,5.6,5.6,0.596
7.7,7.7,5.7,5.7,0.65
7.7,7.7,5.8,5.8,0.616
7.7,7.7,5.9,5.9,0.596
7.7,7.7,6.0,6.0,0.608
7.7,7.7,6.1,6.1,0.604
7.7,7.7,6.2,6.2,0.6
7.7,7.7,6.3,6.3,0.628
7.7,7.7,6.4,6.4,0.676
7.7,7.7,6.5,6.5,0.616
7.7,7.7,6.6,6.6,0.652
7.7,7.7,6.7,6.7,0.666
7.7,7.7,6.8,6.8,0.674
7.7,7.7,6.9,6.9,0.69
7.7,7.7,7.0,7.0,0.678
7.7,7.7,7.1,7.1,0.654
7.7,7.7,7.2,7.2,0.662
7.7,7.7,7.3,7.3,0.666
7.7,7.7,7.4,7.4,0.688
7.7,7.7,7.5,7.5,0.688
7.7,7.7,7.6,7.6,0.696
7.7,7.7,7.7,7.7,0.67
7.7,7.7,7.8,7.8,0.692
7.7,7.7,7.9,7.9,0.672
7.7,7.7,8.0,8.0,0.686
7.7,7.7,8.1,8.1,0.744
7.7,7.7,8.2,8.2,0.704
7.7,7.7,8.3,8.3,0.708
7.7,7.7,8.4,8.4,0.718
7.7,7.7,8.5,8.5,0.732
7.7,7.7,8.6,8.6,0.71
7.7,7.7,8.7,8.7,0.73
7.7,7.7,8.8,8.8,0.748
7.7,7.7,8.9,8.9,0.7
7.7,7.7,9.0,9.0,0.762
7.7,7.7,9.1,9.1,0.738
7.7,7.7,9.2,9.2,0.722
7.7,7.7,9.3,9.3,0.712
7.7,7.7,9.4,9.4,0.726
7.7,7.7,9.5,9.5,0.742
7.7,7.7,9.6,9.6,0.756
7.7,7.7,9.7,9.7,0.734
7.7,7.7,9.8,9.8,0.694
7.7,7.7,9.9,9.9,0.738
7.7,7.7,10.0,10.0,0.75
7.7,7.7,10.1,10.1,0.704
7.7,7.7,10.2,10.2,0.734
7.7,7.7,10.3,10.3,0.756
7.7,7.7,10.4,10.4,0.734
7.7,7.7,10.5,10.5,0.764
7.7,7.7,10.6,10.6,0.758
7.7,7.7,10.7,10.7,0.734
7.7,7.7,10.8,10.8,0.74
7.7,7.7,10.9,10.9,0.776
7.7,7.7,11.0,11.0,0.734
7.7,7.7,11.1,11.1,0.768
7.7,7.7,11.2,11.2,0.75
7.7,7.7,11.3,11.3,0.78
7.7,7.7,11.4,11.4,0.77
7.7,7.7,11.5,11.5,0.738
7.7,7.7,11.6,11.6,0.756
7.7,7.7,11.7,11.7,0.754
7.7,7.7,11.8,11.8,0.756
7.7,7.7,11.9,11.9,0.774
7.7,7.7,12.0,12.0,0.722
7.7,7.7,12.1,12.1,0.756
7.7,7.7,12.2,12.2,0.758
7.7,7.7,12.3,12.3,0.776
7.7,7.7,12.4,12.4,0.75
7.7,7.7,12.5,12.5,0.77
7.7,7.7,12.6,12.6,0.784
7.7,7.7,12.7,12.7,0.754
7.7,7.7,12.8,12.8,0.77
7.7,7.7,12.9,12.9,0.788
7.7,7.7,13.0,13.0,0.762
7.7,7.7,13.1,13.1,0.772
7.7,7.7,13.2,13.2,0.76
7.7,7.7,13.3,13.3,0.78
7.7,7.7,13.4,13.4,0.754
7.7,7.7,13.5,13.5,0.78
7.7,7.7,13.6,13.6,0.796
7.7,7.7,13.7,13.7,0.758
7.7,7.7,13.8,13.8,0.774
7.7,7.7,13.9,13.9,0.806
7.7,7.7,14.0,14.0,0.782
7.7,7.7,14.1,14.1,0.78
7.7,7.7,14.2,14.2,0.786
7.7,7.7,14.3,14.3,0.766
7.7,7.7,14.4,14.4,0.762
7.7,7.7,14.5,14.5,0.75
7.7,7.7,14.6,14.6,0.754
7.7,7.7,14.7,14.7,0.788
7.7,7.7,14.8,14.8,0.782
7.7,7.7,14.9,14.9,0.758
7.7,7.7,15.0,15.0,0.752
7.7,7.7,15.1,15.1,0.758
7.8,7.8,0.1,0.1,0.044
7.8,7.8,0.2,0.2,0.052
7.8,7.8,0.3,0.3,0.074
7.8,7.8,0.4,0.4,0.082
7.8,7.8,0.5,0.5,0.084
7.8,7.8,0.6,0.6,0.102
7.8,7.8,0.7,0.7,0.124
7.8,7.8,0.8,0.8,0.144
7.8,7.8,0.9,0.9,0.158
7.8,7.8,1.0,1.0,0.162
7.8,7.8,1.1,1.1,0.166
7.8,7.8,1.2,1.2,0.19
7.8,7.8,1.3,1.3,0.206
7.8,7.8,1.4,1.4,0.232
7.8,7.8,1.5,1.5,0.27
7.8,7.8,1.6,1.6,0.26
7.8,7.8,1.7,1.7,0.258
7.8,7.8,1.8,1.8,0.274
7.8,7.8,1.9,1.9,0.308
7.8,7.8,2.0,2.0,0.288
7.8,7.8,2.1,2.1,0.322
7.8,7.8,2.2,2.2,0.308
7.8,7.8,2.3,2.3,0.33
7.8,7.8,2.4,2.4,0.298
7.8,7.8,2.5,2.5,0.38
7.8,7.8,2.6,2.6,0.352
7.8,7.8,2.7,2.7,0.356
7.8,7.8,2.8,2.8,0.404
7.8,7.8,2.9,2.9,0.396
7.8,7.8,3.0,3.0,0.398
7.8,7.8,3.1,3.1,0.426
7.8,7.8,3.2,3.2,0.404
7.8,7.8,3.3,3.3,0.458
7.8,7.8,3.4,3.4,0.442
7.8,7.8,3.5,3.5,0.442
7.8,7.8,3.6,3.6,0.472
7.8,7.8,3.7,3.7,0.486
7.8,7.8,3.8,3.8,0.476
7.8,7.8,3.9,3.9,0.506
7.8,7.8,4.0,4.0,0.468
7.8,7.8,4.1,4.1,0.494
7.8,7.8,4.2,4.2,0.536
7.8,7.8,4.3,4.3,0.472
7.8,7.8,4.4,4.4,0.514
7.8,7.8,4.5,4.5,0.532
7.8,7.8,4.6,4.6,0.506
7.8,7.8,4.7,4.7,0.564
7.8,7.8,4.8,4.8,0.554
7.8,7.8,4.9,4.9,0.504
7.8,7.8,5.0,5.0,0.538
7.8,7.8,5.1,5.1,0.598
7.8,7.8,5.2,5.2,0.57
7.8,7.8,5.3,5.3,0.61
7.8,7.8,5.4,5.4,0.588
7.8,7.8,5.5,5.5,0.602
7.8,7.8,5.6,5.6,0.552
7.8,7.8,5.7,5.7,0.6
7.8,7.8,5.8,5.8,0.606
7.8,7.8,5.9,5.9,0.642
7.8,7.8,6.0,6.0,0.578
7.8,7.8,6.1,6.1,0.58
7.8,7.8,6.2,6.2,0.628
7.8,7.8,6.3,6.3,0.628
7.8,7.8,6.4,6.4,0.648
7.8,7.8,6.5,6.5,0.632
7.8,7.8,6.6,6.6,0.664
7.8,7.8,6.7,6.7,0.684
7.8,7.8,6.8,6.8,0.656
7.8,7.8,6.9,6.9,0.672
7.8,7.8,7.0,7.0,0.646
7.8,7.8,7.1,7.1,0.672
7.8,7.8,7.2,7.2,0.676
7.8,7.8,7.3,7.3,0.642
7.8,7.8,7.4,7.4,0.662
7.8,7.8,7.5,7.5,0.704
7.8,7.8,7.6,7.6,0.692
7.8,7.8,7.7,7.7,0.698
7.8,7.8,7.8,7.8,0.694
7.8,7.8,7.9,7.9,0.712
7.8,7.8,8.0,8.0,0.678
7.8,7.8,8.1,8.1,0.718
7.8,7.8,8.2,8.2,0.722
7.8,7.8,8.3,8.3,0.686
7.8,7.8,8.4,8.4,0.7
7.8,7.8,8.5,8.5,0.688
7.8,7.8,8.6,8.6,0.744
7.8,7.8,8.7,8.7,0.718
7.8,7.8,8.8,8.8,0.716
7.8,7.8,8.9,8.9,0.694
7.8,7.8,9.0,9.0,0.762
7.8,7.8,9.1,9.1,0.71
7.8,7.8,9.2,9.2,0.712
7.8,7.8,9.3,9.3,0.708
7.8,7.8,9.4,9.4,0.714
7.8,7.8,9.5,9.5,0.752
7.8,7.8,9.6,9.6,0.726
7.8,7.8,9.7,9.7,0.71
7.8,7.8,9.8,9.8,0.74
7.8,7.8,9.9,9.9,0.742
7.8,7.8,10.0,10.0,0.744
7.8,7.8,10.1,10.1,0.756
7.8,7.8,10.2,10.2,0.762
7.8,7.8,10.3,10.3,0.738
7.8,7.8,10.4,10.4,0.764
7.8,7.8,10.5,10.5,0.738
7.8,7.8,10.6,10.6,0.738
7.8,7.8,10.7,10.7,0.762
7.8,7.8,10.8,10.8,0.782
7.8,7.8,10.9,10.9,0.738
7.8,7.8,11.0,11.0,0.748
7.8,7.8,11.1,11.1,0.768
7.8,7.8,11.2,11.2,0.748
7.8,7.8,11.3,11.3,0.75
7.8,7.8,11.4,11.4,0.782
7.8,7.8,11.5,11.5,0.752
7.8,7.8,11.6,11.6,0.756
7.8,7.8,11.7,11.7,0.798
7.8,7.8,11.8,11.8,0.762
7.8,7.8,11.9,11.9,0.768
7.8,7.8,12.0,12.0,0.76
7.8,7.8,12.1,12.1,0.732
7.8,7.8,12.2,12.2,0.772
7.8,7.8,12.3,12.3,0.798
7.8,7.8,12.4,12.4,0.802
7.8,7.8,12.5,12.5,0.752
7.8,7.8,12.6,12.6,0.804
7.8,7.8,12.7,12.7,0.764
7.8,7.8,12.8,12.8,0.778
7.8,7.8,12.9,12.9,0.768
7.8,7.8,13.0,13.0,0.744
7.8,7.8,13.1,13.1,0.782
7.8,7.8,13.2,13.2,0.794
7.8,7.8,13.3,13.3,0.788
7.8,7.8,13.4,13.4,0.772
7.8,7.8,13.5,13.5,0.754
7.8,7.8,13.6,13.6,0.816
7.8,7.8,13.7,13.7,0.798
7.8,7.8,13.8,13.8,0.734
7.8,7.8,13.9,13.9,0.752
7.8,7.8,14.0,14.0,0.766
7.8,7.8,14.1,14.1,0.794
7.8,7.8,14.2,14.2,0.75
7.8,7.8,14.3,14.3,0.772
7.8,7.8,14.4,14.4,0.798
7.8,7.8,14.5,14.5,0.78
7.8,7.8,14.6,14.6,0.774
7.8,7.8,14.7,14.7,0.772
7.8,7.8,14.8,14.8,0.782
7.8,7.8,14.9,14.9,0.776
7.8,7.8,15.0,15.0,0.784
7.8,7.8,15.1,15.1,0.772
7.9,7.9,0.1,0.1,0.038
7.9,7.9,0.2,0.2,0.058
7.9,7.9,0.3,0.3,0.056
7.9,7.9,0.4,0.4,0.078
7.9,7.9,0.5,0.5,0.098
7.9,7.9,0.6,0.6,0.096
7.9,7.9,0.7,0.7,0.124
7.9,7.9,0.8,0.8,0.13
7.9,7.9,0.9,0.9,0.156
7.9,7.9,1.0,1.0,0.158
7.9,7.9,1.1,1.1,0.164
7.9,7.9,1.2,1.2,0.164
7.9,7.9,1.3,1.3,0.198
7.9,7.9,1.4,1.4,0.252
7.9,7.9,1.5,1.5,0.214
7.9,7.9,1.6,1.6,0.284
7.9,7.9,1.7,1.7,0.248
7.9,7.9,1.8,1.8,0.272
7.9,7.9,1.9,1.9,0.288
7.9,7.9,2.0,2.0,0.286
7.9,7.9,2.1,2.1,0.296
7.9,7.9,2.2,2.2,0.31
7.9,7.9,2.3,2.3,0.336
7.9,7.9,2.4,2.4,0.312
7.9,7.9,2.5,2.5,0.342
7.9,7.9,2.6,2.6,0.364
7.9,7.9,2.7,2.7,0.406
7.9,7.9,2.8,2.8,0.376
7.9,7.9,2.9,2.9,0.37
7.9,7.9,3.0,3.0,0.404
7.9,7.9,3.1,3.1,0.41
7.9,7.9,3.2,3.2,0.414
7.9,7.9,3.3,3.3,0.448
7.9,7.9,3.4,3.4,0.398
7.9,7.9,3.5,3.5,0.422
7.9,7.9,3.6,3.6,0.454
7.9,7.9,3.7,3.7,0.436
7.9,7.9,3.8,3.8,0.456
7.9,7.9,3.9,3.9,0.492
7.9,7.9,4.0,4.0,0.47
7.9,7.9,4.1,4.1,0.504
7.9,7.9,4.2,4.2,0.466
7.9,7.9,4.3,4.3,0.52
7.9,7.9,4.4,4.4,0.498
7.9,7.9,4.5,4.5,0.532
7.9,7.9,4.6,4.6,0.486
7.9,7.9,4.7,4.7,0.528
7.9,7.9,4.8,4.8,0.506
7.9,7.9,4.9,4.9,0.516
7.9,7.9,5.0,5.0,0.59
7.9,7.9,5.1,5.1,0.558
7.9,7.9,5.2,5.2,0.588
7.9,7.9,5.3,5.3,0.594
7.9,7.9,5.4,5.4,0.586
7.9,7.9,5.5,5.5,0.582
7.9,7.9,5.6,5.6,0.602
7.9,7.9,5.7,5.7,0.586
7.9,7.9,5.8,5.8,0.606
7.9,7.9,5.9,5.9,0.594
7.9,7.9,6.0,6.0,0.606
7.9,7.9,6.1,6.1,0.59
7.9,7.9,6.2,6.2,0.622
7.9,7.9,6.3,6.3,0.588
7.9,7.9,6.4,6.4,0.67
7.9,7.9,6.5,6.5,0.624
7.9,7.9,6.6,6.6,0.642
7.9,7.9,6.7,6.7,0.68
7.9,7.9,6.8,6.8,0.638
7.9,7.9,6.9,6.9,0.688
7.9,7.9,7.0,7.0,0.678
7.9,7.9,7.1,7.1,0.626
7.9,7.9,7.2,7.2,0.668
7.9,7.9,7.3,7.3,0.654
7.9,7.9,7.4,7.4,0.662
7.9,7.9,7.5,7.5,0.684
7.9,7.9,7.6,7.6,0.674
7.9,7.9,7.7,7.7,0.726
7.9,7.9,7.8,7.8,0.684
7.9,7.9,7.9,7.9,0.678
7.9,7.9,8.0,8.0,0.668
7.9,7.9,8.1,8.1,0.69
7.9,7.9,8.2,8.2,0.702
7.9,7.9,8.3,8.3,0.704
7.9,7.9,8.4,8.4,0.716
7.9,7.9,8.5,8.5,0.716
7.9,7.9,8.6,8.6,0.746
7.9,7.9,8.7,8.7,0.696
7.9,7.9,8.8,8.8,0.762
7.9,7.9,8.9,8.9,0.734
7.9,7.9,9.0,9.0,0.698
7.9,7.9,9.1,9.1,0.71
7.9,7.9,9.2,9.2,0.714
7.9,7.9,9.3,9.3,0.69
7.9,7.9,9.4,9.4,0.732
7.9,7.9,9.5,9.5,0.746
7.9,7.9,9.6,9.6,0.76
7.9,7.9,9.7,9.7,0.78
7.9,7.9,9.8,9.8,0.776
7.9,7.9,9.9,9.9,0.728
7.9,7.9,10.0,10.0,0.744
7.9,7.9,10.1,10.1,0.73
7.9,7.9,10.2,10.2,0.72
7.9,7.9,10.3,10.3,0.706
7.9,7.9,10.4,10.4,0.756
7.9,7.9,10.5,10.5,0.778
7.9,7.9,10.6,10.6,0.734
7.9,7.9,10.7,10.7,0.786
7.9,7.9,10.8,10.8,0.768
7.9,7.9,10.9,10.9,0.76
7.9,7.9,11.0,11.0,0.746
7.9,7.9,11.1,11.1,0.78
7.9,7.9,11.2,11.2,0.726
7.9,7.9,11.3,11.3,0.736
7.9,7.9,11.4,11.4,0.73
7.9,7.9,11.5,11.5,0.752
7.9,7.9,11.6,11.6,0.78
7.9,7.9,11.7,11.7,0.708
7.9,7.9,11.8,11.8,0.78
7.9,7.9,11.9,11.9,0.756
7.9,7.9,12.0,12.0,0.778
7.9,7.9,12.1,12.1,0.758
7.9,7.9,12.2,12.2,0.748
7.9,7.9,12.3,12.3,0.786
7.9,7.9,12.4,12.4,0.776
7.9,7.9,12.5,12.5,0.78
7.9,7.9,12.6,12.6,0.77
7.9,7.9,12.7,12.7,0.762
7.9,7.9,12.8,12.8,0.778
7.9,7.9,12.9,12.9,0.792
7.9,7.9,13.0,13.0,0.742
7.9,7.9,13.1,13.1,0.732
7.9,7.9,13.2,13.2,0.73
7.9,7.9,13.3,13.3,0.786
7.9,7.9,13.4,13.4,0.76
7.9,7.9,13.5,13.5,0.762
7.9,7.9,13.6,13.6,0.764
7.9,7.9,13.7,13.7,0.778
7.9,7.9,13.8,13.8,0.754
7.9,7.9,13.9,13.9,0.75
7.9,7.9,14.0,14.0,0.762
7.9,7.9,14.1,14.1,0.78
7.9,7.9,14.2,14.2,0.746
7.9,7.9,14.3,14.3,0.774
7.9,7.9,14.4,14.4,0.76
7.9,7.9,14.5,14.5,0.768
7.9,7.9,14.6,14.6,0.802
7.9,7.9,14.7,14.7,0.78
7.9,7.9,14.8,14.8,0.764
7.9,7.9,14.9,14.9,0.74
7.9,7.9,15.0,15.0,0.796
7.9,7.9,15.1,15.1,0.738
8.0,8.0,0.1,0.1,0.044
8.0,8.0,0.2,0.2,0.052
8.0,8.0,0.3,0.3,0.062
8.0,8.0,0.4,0.4,0.062
8.0,8.0,0.5,0.5,0.09
8.0,8.0,0.6,0.6,0.094
8.0,8.0,0.7,0.7,0.124
8.0,8.0,0.8,0.8,0.146
8.0,8.0,0.9,0.9,0.15
8.0,8.0,1.0,1.0,0.19
8.0,8.0,1.1,1.1,0.194
8.0,8.0,1.2,1.2,0.166
8.0,8.0,1.3,1.3,0.198
8.0,8.0,1.4,1.4,0.206
8.0,8.0,1.5,1.5,0.25
8.0,8.0,1.6,1.6,0.242
8.0,8.0,1.7,1.7,0.266
8.0,8.0,1.8,1.8,0.274
8.0,8.0,1.9,1.9,0.272
8.0,8.0,2.0,2.0,0.296
8.0,8.0,2.1,2.1,0.314
8.0,8.0,2.2,2.2,0.312
8.0,8.0,2.3,2.3,0.268
8.0,8.0,2.4,2.4,0.342
8.0,8.0,2.5,2.5,0.354
8.0,8.0,2.6,2.6,0.346
8.0,8.0,2.7,2.7,0.39
8.0,8.0,2.8,2.8,0.346
8.0,8.0,2.9,2.9,0.41
8.0,8.0,3.0,3.0,0.408
8.0,8.0,3.1,3.1,0.444
8.0,8.0,3.2,3.2,0.39
8.0,8.0,3.3,3.3,0.414
8.0,8.0,3.4,3.4,0.45
8.0,8.0,3.5,3.5,0.432
8.0,8.0,3.6,3.6,0.42
8.0,8.0,3.7,3.7,0.432
8.0,8.0,3.8,3.8,0.47
8.0,8.0,3.9,3.9,0.474
8.0,8.0,4.0,4.0,0.412
8.0,8.0,4.1,4.1,0.468
8.0,8.0,4.2,4.2,0.486
8.0,8.0,4.3,4.3,0.496
8.0,8.0,4.4,4.4,0.546
8.0,8.0,4.5,4.5,0.52
8.0,8.0,4.6,4.6,0.5
8.0,8.0,4.7,4.7,0.544
8.0,8.0,4.8,4.8,0.554
8.0,8.0,4.9,4.9,0.532
8.0,8.0,5.0,5.0,0.558
8.0,8.0,5.1,5.1,0.568
8.0,8.0,5.2,5.2,0.552
8.0,8.0,5.3,5.3,0.554
8.0,8.0,5.4,5.4,0.586
8.0,8.0,5.5,5.5,0.628
8.0,8.0,5.6,5.6,0.598
8.0,8.0,5.7,5.7,0.628
8.0,8.0,5.8,5.8,0.572
8.0,8.0,5.9,5.9,0.608
8.0,8.0,6.0,6.0,0.59
8.0,8.0,6.1,6.1,0.596
8.0,8.0,6.2,6.2,0.658
8.0,8.0,6.3,6.3,0.652
8.0,8.0,6.4,6.4,0.634
8.0,8.0,6.5,6.5,0.592
8.0,8.0,6.6,6.6,0.682
8.0,8.0,6.7,6.7,0.6
8.0,8.0,6.8,6.8,0.632
8.0,8.0,6.9,6.9,0.656
8.0,8.0,7.0,7.0,0.646
8.0,8.0,7.1,7.1,0.672
8.0,8.0,7.2,7.2,0.654
8.0,8.0,7.3,7.3,0.676
8.0,8.0,7.4,7.4,0.658
8.0,8.0,7.5,7.5,0.682
8.0,8.0,7.6,7.6,0.684
8.0,8.0,7.7,7.7,0.65
8.0,8.0,7.8,7.8,0.71
8.0,8.0,7.9,7.9,0.668
8.0,8.0,8.0,8.0,0.692
8.0,8.0,8.1,8.1,0.7
8.0,8.0,8.2,8.2,0.71
8.0,8.0,8.3,8.3,0.728
8.0,8.0,8.4,8.4,0.684
8.0,8.0,8.5,8.5,0.734
8.0,8.0,8.6,8.6,0.726
8.0,8.0,8.7,8.7,0.726
8.0,8.0,8.8,8.8,0.68
8.0,8.0,8.9,8.9,0.702
8.0,8.0,9.0,9.0,0.708
8.0,8.0,9.1,9.1,0.722
8.0,8.0,9.2,9.2,0.72
8.0,8.0,9.3,9.3,0.726
8.0,8.0,9.4,9.4,0.716
8.0,8.0,9.5,9.5,0.706
8.0,8.0,9.6,9.6,0.714
8.0,8.0,9.7,9.7,0.73
8.0,8.0,9.8,9.8,0.748
8.0,8.0,9.9,9.9,0.736
8.0,8.0,10.0,10.0,0.752
8.0,8.0,10.1,10.1,0.726
8.0,8.0,10.2,10.2,0.764
8.0,8.0,10.3,10.3,0.754
8.0,8.0,10.4,10.4,0.736
8.0,8.0,10.5,10.5,0.718
8.0,8.0,10.6,10.6,0.768
8.0,8.0,10.7,10.7,0.764
8.0,8.0,10.8,10.8,0.768
8.0,8.0,10.9,10.9,0.752
8.0,8.0,11.0,11.0,0.778
8.0,8.0,11.1,11.1,0.774
8.0,8.0,11.2,11.2,0.728
8.0,8.0,11.3,11.3,0.772
8.0,8.0,11.4,11.4,0.74
8.0,8.0,11.5,11.5,0.77
8.0,8.0,11.6,11.6,0.75
8.0,8.0,11.7,11.7,0.736
8.0,8.0,11.8,11.8,0.766
8.0,8.0,11.9,11.9,0.734
8.0,8.0,12.0,12.0,0.734
8.0,8.0,12.1,12.1,0.754
8.0,8.0,12.2,12.2,0.778
8.0,8.0,12.3,12.3,0.724
8.0,8.0,12.4,12.4,0.776
8.0,8.0,12.5,12.5,0.8
8.0,8.0,12.6,12.6,0.8
8.0,8.0,12.7,12.7,0.766
8.0,8.0,12.8,12.8,0.768
8.0,8.0,12.9,12.9,0.77
8.0,8.0,13.0,13.0,0.754
8.0,8.0,13.1,13.1,0.776
8.0,8.0,13.2,13.2,0.76
8.0,8.0,13.3,13.3,0.756
8.0,8.0,13.4,13.4,0.76
8.0,8.0,13.5,13.5,0.73
8.0,8.0,13.6,13.6,0.762
8.0,8.0,13.7,13.7,0.782
8.0,8.0,13.8,13.8,0.778
8.0,8.0,13.9,13.9,0.76
8.0,8.0,14.0,14.0,0.8
8.0,8.0,14.1,14.1,0.798
8.0,8.0,14.2,14.2,0.788
8.0,8.0,14.3,14.3,0.764
8.0,8.0,14.4,14.4,0.764
8.0,8.0,14.5,14.5,0.754
8.0,8.0,14.6,14.6,0.736
8.0,8.0,14.7,14.7,0.752
8.0,8.0,14.8,14.8,0.752
8.0,8.0,14.9,14.9,0.758
8.0,8.0,15.0,15.0,0.708
8.0,8.0,15.1,15.1,0.754
8.1,8.1,0.1,0.1,0.054
8.1,8.1,0.2,0.2,0.05
8.1,8.1,0.3,0.3,0.066
8.1,8.1,0.4,0.4,0.08
8.1,8.1,0.5,0.5,0.088
8.1,8.1,0.6,0.6,0.122
8.1,8.1,0.7,0.7,0.114
8.1,8.1,0.8,0.8,0.144
8.1,8.1,0.9,0.9,0.144
8.1,8.1,1.0,1.0,0.168
8.1,8.1,1.1,1.1,0.174
8.1,8.1,1.2,1.2,0.152
8.1,8.1,1.3,1.3,0.174
8.1,8.1,1.4,1.4,0.218
8.1,8.1,1.5,1.5,0.234
8.1,8.1,1.6,1.6,0.26
8.1,8.1,1.7,1.7,0.214
8.1,8.1,1.8,1.8,0.25
8.1,8.1,1.9,1.9,0.248
8.1,8.1,2.0,2.0,0.254
8.1,8.1,2.1,2.1,0.306
8.1,8.1,2.2,2.2,0.3
8.1,8.1,2.3,2.3,0.324
8.1,8.1,2.4,2.4,0.326
8.1,8.1,2.5,2.5,0.33
8.1,8.1,2.6,2.6,0.346
8.1,8.1,2.7,2.7,0.3
8.1,8.1,2.8,2.8,0.354
8.1,8.1,2.9,2.9,0.392
8.1,8.1,3.0,3.0,0.394
8.1,8.1,3.1,3.1,0.4
8.1,8.1,3.2,3.2,0.424
8.1,8.1,3.3,3.3,0.44
8.1,8.1,3.4,3.4,0.428
8.1,8.1,3.5,3.5,0.392
8.1,8.1,3.6,3.6,0.44
8.1,8.1,3.7,3.7,0.442
8.1,8.1,3.8,3.8,0.488
8.1,8.1,3.9,3.9,0.464
8.1,8.1,4.0,4.0,0.472
8.1,8.1,4.1,4.1,0.488
8.1,8.1,4.2,4.2,0.474
8.1,8.1,4.3,4.3,0.528
8.1,8.1,4.4,4.4,0.494
8.1,8.1,4.5,4.5,0.532
8.1,8.1,4.6,4.6,0.536
8.1,8.1,4.7,4.7,0.496
8.1,8.1,4.8,4.8,0.534
8.1,8.1,4.9,4.9,0.55
8.1,8.1,5.0,5.0,0.582
8.1,8.1,5.1,5.1,0.536
8.1,8.1,5.2,5.2,0.58
8.1,8.1,5.3,5.3,0.578
8.1,8.1,5.4,5.4,0.55
8.1,8.1,5.5,5.5,0.576
8.1,8.1,5.6,5.6,0.546
8.1,8.1,5.7,5.7,0.564
8.1,8.1,5.8,5.8,0.582
8.1,8.1,5.9,5.9,0.602
8.1,8.1,6.0,6.0,0.574
8.1,8.1,6.1,6.1,0.568
8.1,8.1,6.2,6.2,0.602
8.1,8.1,6.3,6.3,0.592
8.1,8.1,6.4,6.4,0.692
8.1,8.1,6.5,6.5,0.62
8.1,8.1,6.6,6.6,0.644
8.1,8.1,6.7,6.7,0.63
8.1,8.1,6.8,6.8,0.608
8.1,8.1,6.9,6.9,0.716
8.1,8.1,7.0,7.0,0.596
8.1,8.1,7.1,7.1,0.654
8.1,8.1,7.2,7.2,0.66
8.1,8.1,7.3,7.3,0.684
8.1,8.1,7.4,7.4,0.678
8.1,8.1,7.5,7.5,0.652
8.1,8.1,7.6,7.6,0.718
8.1,8.1,7.7,7.7,0.64
8.1,8.1,7.8,7.8,0.65
8.1,8.1,7.9,7.9,0.704
8.1,8.1,8.0,8.0,0.682
8.1,8.1,8.1,8.1,0.69
8.1,8.1,8.2,8.2,0.716
8.1,8.1,8.3,8.3,0.66
8.1,8.1,8.4,8.4,0.702
8.1,8.1,8.5,8.5,0.712
8.1,8.1,8.6,8.6,0.734
8.1,8.1,8.7,8.7,0.676
8.1,8.1,8.8,8.8,0.692
8.1,8.1,8.9,8.9,0.734
8.1,8.1,9.0,9.0,0.738
8.1,8.1,9.1,9.1,0.706
8.1,8.1,9.2,9.2,0.754
8.1,8.1,9.3,9.3,0.748
8.1,8.1,9.4,9.4,0.708
8.1,8.1,9.5,9.5,0.716
8.1,8.1,9.6,9.6,0.742
8.1,8.1,9.7,9.7,0.754
8.1,8.1,9.8,9.8,0.71
8.1,8.1,9.9,9.9,0.752
8.1,8.1,10.0,10.0,0.736
8.1,8.1,10.1,10.1,0.742
8.1,8.1,10.2,10.2,0.708
8.1,8.1,10.3,10.3,0.74
8.1,8.1,10.4,10.4,0.744
8.1,8.1,10.5,10.5,0.754
8.1,8.1,10.6,10.6,0.772
8.1,8.1,10.7,10.7,0.77
8.1,8.1,10.8,10.8,0.72
8.1,8.1,10.9,10.9,0.744
8.1,8.1,11.0,11.0,0.72
8.1,8.1,11.1,11.1,0.738
8.1,8.1,11.2,11.2,0.728
8.1,8.1,11.3,11.3,0.758
8.1,8.1,11.4,11.4,0.772
8.1,8.1,11.5,11.5,0.776
8.1,8.1,11.6,11.6,0.784
8.1,8.1,11.7,11.7,0.74
8.1,8.1,11.8,11.8,0.758
8.1,8.1,11.9,11.9,0.792
8.1,8.1,12.0,12.0,0.718
8.1,8.1,12.1,12.1,0.754
8.1,8.1,12.2,12.2,0.774
8.1,8.1,12.3,12.3,0.76
8.1,8.1,12.4,12.4,0.75
8.1,8.1,12.5,12.5,0.762
8.1,8.1,12.6,12.6,0.76
8.1,8.1,12.7,12.7,0.788
8.1,8.1,12.8,12.8,0.786
8.1,8.1,12.9,12.9,0.752
8.1,8.1,13.0,13.0,0.75
8.1,8.1,13.1,13.1,0.796
8.1,8.1,13.2,13.2,0.75
8.1,8.1,13.3,13.3,0.794
8.1,8.1,13.4,13.4,0.802
8.1,8.1,13.5,13.5,0.776
8.1,8.1,13.6,13.6,0.77
8.1,8.1,13.7,13.7,0.762
8.1,8.1,13.8,13.8,0.77
8.1,8.1,13.9,13.9,0.768
8.1,8.1,14.0,14.0,0.766
8.1,8.1,14.1,14.1,0.762
8.1,8.1,14.2,14.2,0.786
8.1,8.1,14.3,14.3,0.768
8.1,8.1,14.4,14.4,0.776
8.1,8.1,14.5,14.5,0.766
8.1,8.1,14.6,14.6,0.774
8.1,8.1,14.7,14.7,0.788
8.1,8.1,14.8,14.8,0.784
8.1,8.1,14.9,14.9,0.784
8.1,8.1,15.0,15.0,0.752
8.1,8.1,15.1,15.1,0.758
8.2,8.2,0.1,0.1,0.066
8.2,8.2,0.2,0.2,0.056
8.2,8.2,0.3,0.3,0.044
8.2,8.2,0.4,0.4,0.08
8.2,8.2,0.5,0.5,0.094
8.2,8.2,0.6,0.6,0.09
8.2,8.2,0.7,0.7,0.11
8.2,8.2,0.8,0.8,0.13
8.2,8.2,0.9,0.9,0.138
8.2,8.2,1.0,1.0,0.154
8.2,8.2,1.1,1.1,0.14
8.2,8.2,1.2,1.2,0.216
8.2,8.2,1.3,1.3,0.192
8.2,8.2,1.4,1.4,0.232
8.2,8.2,1.5,1.5,0.212
8.2,8.2,1.6,1.6,0.284
8.2,8.2,1.7,1.7,0.228
8.2,8.2,1.8,1.8,0.238
8.2,8.2,1.9,1.9,0.284
8.2,8.2,2.0,2.0,0.29
8.2,8.2,2.1,2.1,0.316
8.2,8.2,2.2,2.2,0.278
8.2,8.2,2.3,2.3,0.302
8.2,8.2,2.4,2.4,0.362
8.2,8.2,2.5,2.5,0.342
8.2,8.2,2.6,2.6,0.334
8.2,8.2,2.7,2.7,0.324
8.2,8.2,2.8,2.8,0.352
8.2,8.2,2.9,2.9,0.38
8.2,8.2,3.0,3.0,0.36
8.2,8.2,3.1,3.1,0.424
8.2,8.2,3.2,3.2,0.36
8.2,8.2,3.3,3.3,0.406
8.2,8.2,3.4,3.4,0.436
8.2,8.2,3.5,3.5,0.428
8.2,8.2,3.6,3.6,0.41
8.2,8.2,3.7,3.7,0.458
8.2,8.2,3.8,3.8,0.436
8.2,8.2,3.9,3.9,0.476
8.2,8.2,4.0,4.0,0.44
8.2,8.2,4.1,4.1,0.474
8.2,8.2,4.2,4.2,0.476
8.2,8.2,4.3,4.3,0.454
8.2,8.2,4.4,4.4,0.514
8.2,8.2,4.5,4.5,0.528
8.2,8.2,4.6,4.6,0.534
8.2,8.2,4.7,4.7,0.524
8.2,8.2,4.8,4.8,0.524
8.2,8.2,4.9,4.9,0.512
8.2,8.2,5.0,5.0,0.584
8.2,8.2,5.1,5.1,0.568
8.2,8.2,5.2,5.2,0.564
8.2,8.2,5.3,5.3,0.544
8.2,8.2,5.4,5.4,0.548
8.2,8.2,5.5,5.5,0.574
8.2,8.2,5.6,5.6,0.626
8.2,8.2,5.7,5.7,0.588
8.2,8.2,5.8,5.8,0.638
8.2,8.2,5.9,5.9,0.606
8.2,8.2,6.0,6.0,0.582
8.2,8.2,6.1,6.1,0.592
8.2,8.2,6.2,6.2,0.614
8.2,8.2,6.3,6.3,0.626
8.2,8.2,6.4,6.4,0.616
8.2,8.2,6.5,6.5,0.624
8.2,8.2,6.6,6.6,0.636
8.2,8.2,6.7,6.7,0.67
8.2,8.2,6.8,6.8,0.68
8.2,8.2,6.9,6.9,0.632
8.2,8.2,7.0,7.0,0.618
8.2,8.2,7.1,7.1,0.68
8.2,8.2,7.2,7.2,0.66
8.2,8.2,7.3,7.3,0.702
8.2,8.2,7.4,7.4,0.668
8.2,8.2,7.5,7.5,0.666
8.2,8.2,7.6,7.6,0.65
8.2,8.2,7.7,7.7,0.668
8.2,8.2,7.8,7.8,0.676
8.2,8.2,7.9,7.9,0.698
8.2,8.2,8.0,8.0,0.694
8.2,8.2,8.1,8.1,0.678
8.2,8.2,8.2,8.2,0.706
8.2,8.2,8.3,8.3,0.682
8.2,8.2,8.4,8.4,0.712
8.2,8.2,8.5,8.5,0.696
8.2,8.2,8.6,8.6,0.732
8.2,8.2,8.7,8.7,0.694
8.2,8.2,8.8,8.8,0.728
8.2,8.2,8.9,8.9,0.696
8.2,8.2,9.0,9.0,0.746
8.2,8.2,9.1,9.1,0.698
8.2,8.2,9.2,9.2,0.732
8.2,8.2,9.3,9.3,0.704
8.2,8.2,9.4,9.4,0.752
8.2,8.2,9.5,9.5,0.74
8.2,8.2,9.6,9.6,0.722
8.2,8.2,9.7,9.7,0.73
8.2,8.2,9.8,9.8,0.738
8.2,8.2,9.9,9.9,0.746
8.2,8.2,10.0,10.0,0.744
8.2,8.2,10.1,10.1,0.72
8.2,8.2,10.2,10.2,0.74
8.2,8.2,10.3,10.3,0.724
8.2,8.2,10.4,10.4,0.724
8.2,8.2,10.5,10.5,0.742
8.2,8.2,10.6,10.6,0.74
8.2,8.2,10.7,10.7,0.732
8.2,8.2,10.8,10.8,0.748
8.2,8.2,10.9,10.9,0.762
8.2,8.2,11.0,11.0,0.744
8.2,8.2,11.1,11.1,0.74
8.2,8.2,11.2,11.2,0.746
8.2,8.2,11.3,11.3,0.736
8.2,8.2,11.4,11.4,0.78
8.2,8.2,11.5,11.5,0.73
8.2,8.2,11.6,11.6,0.75
8.2,8.2,11.7,11.7,0.764
8.2,8.2,11.8,11.8,0.756
8.2,8.2,11.9,11.9,0.764
8.2,8.2,12.0,12.0,0.776
8.2,8.2,12.1,12.1,0.76
8.2,8.2,12.2,12.2,0.77
8.2,8.2,12.3,12.3,0.76
8.2,8.2,12.4,12.4,0.734
8.2,8.2,12.5,12.5,0.772
8.2,8.2,12.6,12.6,0.788
8.2,8.2,12.7,12.7,0.752
8.2,8.2,12.8,12.8,0.716
8.2,8.2,12.9,12.9,0.786
8.2,8.2,13.0,13.0,0.73
8.2,8.2,13.1,13.1,0.782
8.2,8.2,13.2,13.2,0.762
8.2,8.2,13.3,13.3,0.766
8.2,8.2,13.4,13.4,0.766
8.2,8.2,13.5,13.5,0.786
8.2,8.2,13.6,13.6,0.734
8.2,8.2,13.7,13.7,0.768
8.2,8.2,13.8,13.8,0.786
8.2,8.2,13.9,13.9,0.79
8.2,8.2,14.0,14.0,0.738
8.2,8.2,14.1,14.1,0.75
8.2,8.2,14.2,14.2,0.738
8.2,8.2,14.3,14.3,0.766
8.2,8.2,14.4,14.4,0.762
8.2,8.2,14.5,14.5,0.768
8.2,8.2,14.6,14.6,0.776
8.2,8.2,14.7,14.7,0.768
8.2,8.2,14.8,14.8,0.766
8.2,8.2,14.9,14.9,0.816
8.2,8.2,15.0,15.0,0.78
8.2,8.2,15.1,15.1,0.768
8.3,8.3,0.1,0.1,0.03
8.3,8.3,0.2,0.2,0.056
8.3,8.3,0.3,0.3,0.08
8.3,8.3,0.4,0.4,0.072
8.3,8.3,0.5,0.5,0.086
8.3,8.3,0.6,0.6,0.11
8.3,8.3,0.7,0.7,0.116
8.3,8.3,0.8,0.8,0.14
8.3,8.3,0.9,0.9,0.152
8.3,8.3,1.0,1.0,0.162
8.3,8.3,1.1,1.1,0.14
8.3,8.3,1.2,1.2,0.188
8.3,8.3,1.3,1.3,0.196
8.3,8.3,1.4,1.4,0.198
8.3,8.3,1.5,1.5,0.218
8.3,8.3,1.6,1.6,0.222
8.3,8.3,1.7,1.7,0.248
8.3,8.3,1.8,1.8,0.26
8.3,8.3,1.9,1.9,0.31
8.3,8.3,2.0,2.0,0.254
8.3,8.3,2.1,2.1,0.284
8.3,8.3,2.2,2.2,0.294
8.3,8.3,2.3,2.3,0.312
8.3,8.3,2.4,2.4,0.274
8.3,8.3,2.5,2.5,0.324
8.3,8.3,2.6,2.6,0.376
8.3,8.3,2.7,2.7,0.356
8.3,8.3,2.8,2.8,0.364
8.3,8.3,2.9,2.9,0.348
8.3,8.3,3.0,3.0,0.396
8.3,8.3,3.1,3.1,0.372
8.3,8.3,3.2,3.2,0.418
8.3,8.3,3.3,3.3,0.402
8.3,8.3,3.4,3.4,0.366
8.3,8.3,3.5,3.5,0.44
8.3,8.3,3.6,3.6,0.426
8.3,8.3,3.7,3.7,0.438
8.3,8.3,3.8,3.8,0.438
8.3,8.3,3.9,3.9,0.514
8.3,8.3,4.0,4.0,0.442
8.3,8.3,4.1,4.1,0.48
8.3,8.3,4.2,4.2,0.506
8.3,8.3,4.3,4.3,0.498
8.3,8.3,4.4,4.4,0.516
8.3,8.3,4.5,4.5,0.486
8.3,8.3,4.6,4.6,0.542
8.3,8.3,4.7,4.7,0.512
8.3,8.3,4.8,4.8,0.48
8.3,8.3,4.9,4.9,0.564
8.3,8.3,5.0,5.0,0.558
8.3,8.3,5.1,5.1,0.556
8.3,8.3,5.2,5.2,0.578
8.3,8.3,5.3,5.3,0.594
8.3,8.3,5.4,5.4,0.558
8.3,8.3,5.5,5.5,0.556
8.3,8.3,5.6,5.6,0.526
8.3,8.3,5.7,5.7,0.58
8.3,8.3,5.8,5.8,0.586
8.3,8.3,5.9,5.9,0.59
8.3,8.3,6.0,6.0,0.562
8.3,8.3,6.1,6.1,0.624
8.3,8.3,6.2,6.2,0.622
8.3,8.3,6.3,6.3,0.59
8.3,8.3,6.4,6.4,0.588
8.3,8.3,6.5,6.5,0.616
8.3,8.3,6.6,6.6,0.598
8.3,8.3,6.7,6.7,0.656
8.3,8.3,6.8,6.8,0.638
8.3,8.3,6.9,6.9,0.654
8.3,8.3,7.0,7.0,0.66
8.3,8.3,7.1,7.1,0.652
8.3,8.3,7.2,7.2,0.64
8.3,8.3,7.3,7.3,0.678
8.3,8.3,7.4,7.4,0.65
8.3,8.3,7.5,7.5,0.66
8.3,8.3,7.6,7.6,0.67
8.3,8.3,7.7,7.7,0.698
8.3,8.3,7.8,7.8,0.66
8.3,8.3,7.9,7.9,0.674
8.3,8.3,8.0,8.0,0.704
8.3,8.3,8.1,8.1,0.644
8.3,8.3,8.2,8.2,0.66
8.3,8.3,8.3,8.3,0.726
8.3,8.3,8.4,8.4,0.674
8.3,8.3,8.5,8.5,0.682
8.3,8.3,8.6,8.6,0.696
8.3,8.3,8.7,8.7,0.71
8.3,8.3,8.8,8.8,0.648
8.3,8.3,8.9,8.9,0.678
8.3,8.3,9.0,9.0,0.73
8.3,8.3,9.1,9.1,0.708
8.3,8.3,9.2,9.2,0.714
8.3,8.3,9.3,9.3,0.72
8.3,8.3,9.4,9.4,0.718
8.3,8.3,9.5,9.5,0.728
8.3,8.3,9.6,9.6,0.736
8.3,8.3,9.7,9.7,0.716
8.3,8.3,9.8,9.8,0.716
8.3,8.3,9.9,9.9,0.704
8.3,8.3,10.0,10.0,0.736
8.3,8.3,10.1,10.1,0.726
8.3,8.3,10.2,10.2,0.732
8.3,8.3,10.3,10.3,0.742
8.3,8.3,10.4,10.4,0.732
8.3,8.3,10.5,10.5,0.738
8.3,8.3,10.6,10.6,0.718
8.3,8.3,10.7,10.7,0.734
8.3,8.3,10.8,10.8,0.768
8.3,8.3,10.9,10.9,0.72
8.3,8.3,11.0,11.0,0.748
8.3,8.3,11.1,11.1,0.78
8.3,8.3,11.2,11.2,0.736
8.3,8.3,11.3,11.3,0.746
8.3,8.3,11.4,11.4,0.748
8.3,8.3,11.5,11.5,0.72
8.3,8.3,11.6,11.6,0.762
8.3,8.3,11.7,11.7,0.736
8.3,8.3,11.8,11.8,0.748
8.3,8.3,11.9,11.9,0.748
8.3,8.3,12.0,12.0,0.76
8.3,8.3,12.1,12.1,0.748
8.3,8.3,12.2,12.2,0.742
8.3,8.3,12.3,12.3,0.734
8.3,8.3,12.4,12.4,0.736
8.3,8.3,12.5,12.5,0.792
8.3,8.3,12.6,12.6,0.754
8.3,8.3,12.7,12.7,0.778
8.3,8.3,12.8,12.8,0.774
8.3,8.3,12.9,12.9,0.75
8.3,8.3,13.0,13.0,0.748
8.3,8.3,13.1,13.1,0.772
8.3,8.3,13.2,13.2,0.754
8.3,8.3,13.3,13.3,0.75
8.3,8.3,13.4,13.4,0.768
8.3,8.3,13.5,13.5,0.746
8.3,8.3,13.6,13.6,0.818
8.3,8.3,13.7,13.7,0.734
8.3,8.3,13.8,13.8,0.804
8.3,8.3,13.9,13.9,0.762
8.3,8.3,14.0,14.0,0.762
8.3,8.3,14.1,14.1,0.806
8.3,8.3,14.2,14.2,0.774
8.3,8.3,14.3,14.3,0.778
8.3,8.3,14.4,14.4,0.784
8.3,8.3,14.5,14.5,0.768
8.3,8.3,14.6,14.6,0.768
8.3,8.3,14.7,14.7,0.766
8.3,8.3,14.8,14.8,0.76
8.3,8.3,14.9,14.9,0.778
8.3,8.3,15.0,15.0,0.724
8.3,8.3,15.1,15.1,0.736
8.4,8.4,0.1,0.1,0.036
8.4,8.4,0.2,0.2,0.042
8.4,8.4,0.3,0.3,0.08
8.4,8.4,0.4,0.4,0.092
8.4,8.4,0.5,0.5,0.114
8.4,8.4,0.6,0.6,0.102
8.4,8.4,0.7,0.7,0.116
8.4,8.4,0.8,0.8,0.122
8.4,8.4,0.9,0.9,0.138
8.4,8.4,1.0,1.0,0.138
8.4,8.4,1.1,1.1,0.13
8.4,8.4,1.2,1.2,0.164
8.4,8.4,1.3,1.3,0.204
8.4,8.4,1.4,1.4,0.212
8.4,8.4,1.5,1.5,0.226
8.4,8.4,1.6,1.6,0.242
8.4,8.4,1.7,1.7,0.27
8.4,8.4,1.8,1.8,0.252
8.4,8.4,1.9,1.9,0.286
8.4,8.4,2.0,2.0,0.25
8.4,8.4,2.1,2.1,0.316
8.4,8.4,2.2,2.2,0.308
8.4,8.4,2.3,2.3,0.286
8.4,8.4,2.4,2.4,0.308
8.4,8.4,2.5,2.5,0.316
8.4,8.4,2.6,2.6,0.31
8.4,8.4,2.7,2.7,0.306
8.4,8.4,2.8,2.8,0.376
8.4,8.4,2.9,2.9,0.316
8.4,8.4,3.0,3.0,0.36
8.4,8.4,3.1,3.1,0.38
8.4,8.4,3.2,3.2,0.364
8.4,8.4,3.3,3.3,0.378
8.4,8.4,3.4,3.4,0.464
8.4,8.4,3.5,3.5,0.436
8.4,8.4,3.6,3.6,0.484
8.4,8.4,3.7,3.7,0.438
8.4,8.4,3.8,3.8,0.43
8.4,8.4,3.9,3.9,0.47
8.4,8.4,4.0,4.0,0.474
8.4,8.4,4.1,4.1,0.52
8.4,8.4,4.2,4.2,0.48
8.4,8.4,4.3,4.3,0.474
8.4,8.4,4.4,4.4,0.508
8.4,8.4,4.5,4.5,0.496
8.4,8.4,4.6,4.6,0.554
8.4,8.4,4.7,4.7,0.508
8.4,8.4,4.8,4.8,0.494
8.4,8.4,4.9,4.9,0.518
8.4,8.4,5.0,5.0,0.53
8.4,8.4,5.1,5.1,0.55
8.4,8.4,5.2,5.2,0.586
8.4,8.4,5.3,5.3,0.556
8.4,8.4,5.4,5.4,0.574
8.4,8.4,5.5,5.5,0.586
8.4,8.4,5.6,5.6,0.562
8.4,8.4,5.7,5.7,0.596
8.4,8.4,5.8,5.8,0.59
8.4,8.4,5.9,5.9,0.584
8.4,8.4,6.0,6.0,0.578
8.4,8.4,6.1,6.1,0.594
8.4,8.4,6.2,6.2,0.626
8.4,8.4,6.3,6.3,0.58
8.4,8.4,6.4,6.4,0.602
8.4,8.4,6.5,6.5,0.608
8.4,8.4,6.6,6.6,0.626
8.4,8.4,6.7,6.7,0.592
8.4,8.4,6.8,6.8,0.598
8.4,8.4,6.9,6.9,0.646
8.4,8.4,7.0,7.0,0.648
8.4,8.4,7.1,7.1,0.646
8.4,8.4,7.2,7.2,0.658
8.4,8.4,7.3,7.3,0.684
8.4,8.4,7.4,7.4,0.664
8.4,8.4,7.5,7.5,0.704
8.4,8.4,7.6,7.6,0.732
8.4,8.4,7.7,7.7,0.678
8.4,8.4,7.8,7.8,0.652
8.4,8.4,7.9,7.9,0.684
8.4,8.4,8.0,8.0,0.678
8.4,8.4,8.1,8.1,0.674
8.4,8.4,8.2,8.2,0.644
8.4,8.4,8.3,8.3,0.716
8.4,8.4,8.4,8.4,0.654
8.4,8.4,8.5,8.5,0.708
8.4,8.4,8.6,8.6,0.684
8.4,8.4,8.7,8.7,0.686
8.4,8.4,8.8,8.8,0.714
8.4,8.4,8.9,8.9,0.744
8.4,8.4,9.0,9.0,0.722
8.4,8.4,9.1,9.1,0.72
8.4,8.4,9.2,9.2,0.762
8.4,8.4,9.3,9.3,0.704
8.4,8.4,9.4,9.4,0.69
8.4,8.4,9.5,9.5,0.734
8.4,8.4,9.6,9.6,0.702
8.4,8.4,9.7,9.7,0.708
8.4,8.4,9.8,9.8,0.732
8.4,8.4,9.9,9.9,0.722
8.4,8.4,10.0,10.0,0.748
8.4,8.4,10.1,10.1,0.768
8.4,8.4,10.2,10.2,0.734
8.4,8.4,10.3,10.3,0.742
8.4,8.4,10.4,10.4,0.73
8.4,8.4,10.5,10.5,0.746
8.4,8.4,10.6,10.6,0.722
8.4,8.4,10.7,10.7,0.726
8.4,8.4,10.8,10.8,0.746
8.4,8.4,10.9,10.9,0.762
8.4,8.4,11.0,11.0,0.766
8.4,8.4,11.1,11.1,0.786
8.4,8.4,11.2,11.2,0.768
8.4,8.4,11.3,11.3,0.724
8.4,8.4,11.4,11.4,0.746
8.4,8.4,11.5,11.5,0.78
8.4,8.4,11.6,11.6,0.776
8.4,8.4,11.7,11.7,0.772
8.4,8.4,11.8,11.8,0.77
8.4,8.4,11.9,11.9,0.768
8.4,8.4,12.0,12.0,0.756
8.4,8.4,12.1,12.1,0.758
8.4,8.4,12.2,12.2,0.774
8.4,8.4,12.3,12.3,0.788
8.4,8.4,12.4,12.4,0.76
8.4,8.4,12.5,12.5,0.74
8.4,8.4,12.6,12.6,0.776
8.4,8.4,12.7,12.7,0.73
8.4,8.4,12.8,12.8,0.758
8.4,8.4,12.9,12.9,0.748
8.4,8.4,13.0,13.0,0.778
8.4,8.4,13.1,13.1,0.784
8.4,8.4,13.2,13.2,0.738
8.4,8.4,13.3,13.3,0.794
8.4,8.4,13.4,13.4,0.77
8.4,8.4,13.5,13.5,0.786
8.4,8.4,13.6,13.6,0.802
8.4,8.4,13.7,13.7,0.754
8.4,8.4,13.8,13.8,0.75
8.4,8.4,13.9,13.9,0.744
8.4,8.4,14.0,14.0,0.766
8.4,8.4,14.1,14.1,0.73
8.4,8.4,14.2,14.2,0.782
8.4,8.4,14.3,14.3,0.766
8.4,8.4,14.4,14.4,0.8
8.4,8.4,14.5,14.5,0.768
8.4,8.4,14.6,14.6,0.742
8.4,8.4,14.7,14.7,0.754
8.4,8.4,14.8,14.8,0.752
8.4,8.4,14.9,14.9,0.73
8.4,8.4,15.0,15.0,0.768
8.4,8.4,15.1,15.1,0.766
8.5,8.5,0.1,0.1,0.028
8.5,8.5,0.2,0.2,0.054
8.5,8.5,0.3,0.3,0.066
8.5,8.5,0.4,0.4,0.076
8.5,8.5,0.5,0.5,0.072
8.5,8.5,0.6,0.6,0.116
8.5,8.5,0.7,0.7,0.128
8.5,8.5,0.8,0.8,0.112
8.5,8.5,0.9,0.9,0.138
8.5,8.5,1.0,1.0,0.16
8.5,8.5,1.1,1.1,0.168
8.5,8.5,1.2,1.2,0.164
8.5,8.5,1.3,1.3,0.194
8.5,8.5,1.4,1.4,0.198
8.5,8.5,1.5,1.5,0.232
8.5,8.5,1.6,1.6,0.214
8.5,8.5,1.7,1.7,0.22
8.5,8.5,1.8,1.8,0.234
8.5,8.5,1.9,1.9,0.278
8.5,8.5,2.0,2.0,0.29
8.5,8.5,2.1,2.1,0.266
8.5,8.5,2.2,2.2,0.266
8.5,8.5,2.3,2.3,0.296
8.5,8.5,2.4,2.4,0.316
8.5,8.5,2.5,2.5,0.298
8.5,8.5,2.6,2.6,0.346
8.5,8.5,2.7,2.7,0.328
8.5,8.5,2.8,2.8,0.35
8.5,8.5,2.9,2.9,0.366
8.5,8.5,3.0,3.0,0.386
8.5,8.5,3.1,3.1,0.388
8.5,8.5,3.2,3.2,0.402
8.5,8.5,3.3,3.3,0.428
8.5,8.5,3.4,3.4,0.43
8.5,8.5,3.5,3.5,0.414
8.5,8.5,3.6,3.6,0.426
8.5,8.5,3.7,3.7,0.386
8.5,8.5,3.8,3.8,0.43
8.5,8.5,3.9,3.9,0.452
8.5,8.5,4.0,4.0,0.452
8.5,8.5,4.1,4.1,0.448
8.5,8.5,4.2,4.2,0.496
8.5,8.5,4.3,4.3,0.466
8.5,8.5,4.4,4.4,0.456
8.5,8.5,4.5,4.5,0.506
8.5,8.5,4.6,4.6,0.528
8.5,8.5,4.7,4.7,0.52
8.5,8.5,4.8,4.8,0.522
8.5,8.5,4.9,4.9,0.542
8.5,8.5,5.0,5.0,0.552
8.5,8.5,5.1,5.1,0.526
8.5,8.5,5.2,5.2,0.55
8.5,8.5,5.3,5.3,0.578
8.5,8.5,5.4,5.4,0.534
8.5,8.5,5.5,5.5,0.582
8.5,8.5,5.6,5.6,0.56
8.5,8.5,5.7,5.7,0.528
8.5,8.5,5.8,5.8,0.546
8.5,8.5,5.9,5.9,0.616
8.5,8.5,6.0,6.0,0.594
8.5,8.5,6.1,6.1,0.608
8.5,8.5,6.2,6.2,0.6
8.5,8.5,6.3,6.3,0.668
8.5,8.5,6.4,6.4,0.654
8.5,8.5,6.5,6.5,0.612
8.5,8.5,6.6,6.6,0.634
8.5,8.5,6.7,6.7,0.652
8.5,8.5,6.8,6.8,0.606
8.5,8.5,6.9,6.9,0.638
8.5,8.5,7.0,7.0,0.624
8.5,8.5,7.1,7.1,0.646
8.5,8.5,7.2,7.2,0.618
8.5,8.5,7.3,7.3,0.632
8.5,8.5,7.4,7.4,0.658
8.5,8.5,7.5,7.5,0.65
8.5,8.5,7.6,7.6,0.664
8.5,8.5,7.7,7.7,0.65
8.5,8.5,7.8,7.8,0.698
8.5,8.5,7.9,7.9,0.702
8.5,8.5,8.0,8.0,0.696
8.5,8.5,8.1,8.1,0.654
8.5,8.5,8.2,8.2,0.686
8.5,8.5,8.3,8.3,0.71
8.5,8.5,8.4,8.4,0.702
8.5,8.5,8.5,8.5,0.692
8.5,8.5,8.6,8.6,0.742
8.5,8.5,8.7,8.7,0.682
8.5,8.5,8.8,8.8,0.674
8.5,8.5,8.9,8.9,0.706
8.5,8.5,9.0,9.0,0.668
8.5,8.5,9.1,9.1,0.724
8.5,8.5,9.2,9.2,0.698
8.5,8.5,9.3,9.3,0.708
8.5,8.5,9.4,9.4,0.686
8.5,8.5,9.5,9.5,0.696
8.5,8.5,9.6,9.6,0.714
8.5,8.5,9.7,9.7,0.708
8.5,8.5,9.8,9.8,0.704
8.5,8.5,9.9,9.9,0.756
8.5,8.5,10.0,10.0,0.728
8.5,8.5,10.1,10.1,0.722
8.5,8.5,10.2,10.2,0.758
8.5,8.5,10.3,10.3,0.726
8.5,8.5,10.4,10.4,0.722
8.5,8.5,10.5,10.5,0.734
8.5,8.5,10.6,10.6,0.72
8.5,8.5,10.7,10.7,0.722
8.5,8.5,10.8,10.8,0.752
8.5,8.5,10.9,10.9,0.752
8.5,8.5,11.0,11.0,0.76
8.5,8.5,11.1,11.1,0.734
8.5,8.5,11.2,11.2,0.74
8.5,8.5,11.3,11.3,0.734
8.5,8.5,11.4,11.4,0.762
8.5,8.5,11.5,11.5,0.748
8.5,8.5,11.6,11.6,0.76
8.5,8.5,11.7,11.7,0.752
8.5,8.5,11.8,11.8,0.756
8.5,8.5,11.9,11.9,0.764
8.5,8.5,12.0,12.0,0.764
8.5,8.5,12.1,12.1,0.764
8.5,8.5,12.2,12.2,0.748
8.5,8.5,12.3,12.3,0.714
8.5,8.5,12.4,12.4,0.764
8.5,8.5,12.5,12.5,0.732
8.5,8.5,12.6,12.6,0.756
8.5,8.5,12.7,12.7,0.774
8.5,8.5,12.8,12.8,0.766
8.5,8.5,12.9,12.9,0.756
8.5,8.5,13.0,13.0,0.77
8.5,8.5,13.1,13.1,0.762
8.5,8.5,13.2,13.2,0.768
8.5,8.5,13.3,13.3,0.776
8.5,8.5,13.4,13.4,0.774
8.5,8.5,13.5,13.5,0.756
8.5,8.5,13.6,13.6,0.758
8.5,8.5,13.7,13.7,0.732
8.5,8.5,13.8,13.8,0.758
8.5,8.5,13.9,13.9,0.766
8.5,8.5,14.0,14.0,0.764
8.5,8.5,14.1,14.1,0.794
8.5,8.5,14.2,14.2,0.752
8.5,8.5,14.3,14.3,0.782
8.5,8.5,14.4,14.4,0.756
8.5,8.5,14.5,14.5,0.772
8.5,8.5,14.6,14.6,0.742
8.5,8.5,14.7,14.7,0.77
8.5,8.5,14.8,14.8,0.768
8.5,8.5,14.9,14.9,0.792
8.5,8.5,15.0,15.0,0.78
8.5,8.5,15.1,15.1,0.768
8.6,8.6,0.1,0.1,0.046
8.6,8.6,0.2,0.2,0.062
8.6,8.6,0.3,0.3,0.046
8.6,8.6,0.4,0.4,0.092
8.6,8.6,0.5,0.5,0.068
8.6,8.6,0.6,0.6,0.11
8.6,8.6,0.7,0.7,0.094
8.6,8.6,0.8,0.8,0.128
8.6,8.6,0.9,0.9,0.158
8.6,8.6,1.0,1.0,0.13
8.6,8.6,1.1,1.1,0.188
8.6,8.6,1.2,1.2,0.18
8.6,8.6,1.3,1.3,0.184
8.6,8.6,1.4,1.4,0.23
8.6,8.6,1.5,1.5,0.202
8.6,8.6,1.6,1.6,0.228
8.6,8.6,1.7,1.7,0.222
8.6,8.6,1.8,1.8,0.258
8.6,8.6,1.9,1.9,0.29
8.6,8.6,2.0,2.0,0.262
8.6,8.6,2.1,2.1,0.3
8.6,8.6,2.2,2.2,0.312
8.6,8.6,2.3,2.3,0.262
8.6,8.6,2.4,2.4,0.296
8.6,8.6,2.5,2.5,0.318
8.6,8.6,2.6,2.6,0.318
8.6,8.6,2.7,2.7,0.33
8.6,8.6,2.8,2.8,0.376
8.6,8.6,2.9,2.9,0.37
8.6,8.6,3.0,3.0,0.374
8.6,8.6,3.1,3.1,0.41
8.6,8.6,3.2,3.2,0.42
8.6,8.6,3.3,3.3,0.426
8.6,8.6,3.4,3.4,0.428
8.6,8.6,3.5,3.5,0.396
8.6,8.6,3.6,3.6,0.42
8.6,8.6,3.7,3.7,0.446
8.6,8.6,3.8,3.8,0.43
8.6,8.6,3.9,3.9,0.438
8.6,8.6,4.0,4.0,0.446
8.6,8.6,4.1,4.1,0.442
8.6,8.6,4.2,4.2,0.462
8.6,8.6,4.3,4.3,0.476
8.6,8.6,4.4,4.4,0.48
8.6,8.6,4.5,4.5,0.466
8.6,8.6,4.6,4.6,0.534
8.6,8.6,4.7,4.7,0.558
8.6,8.6,4.8,4.8,0.494
8.6,8.6,4.9,4.9,0.552
8.6,8.6,5.0,5.0,0.528
8.6,8.6,5.1,5.1,0.576
8.6,8.6,5.2,5.2,0.554
8.6,8.6,5.3,5.3,0.584
8.6,8.6,5.4,5.4,0.534
8.6,8.6,5.5,5.5,0.514
8.6,8.6,5.6,5.6,0.54
8.6,8.6,5.7,5.7,0.548
8.6,8.6,5.8,5.8,0.604
8.6,8.6,5.9,5.9,0.586
8.6,8.6,6.0,6.0,0.556
8.6,8.6,6.1,6.1,0.592
8.6,8.6,6.2,6.2,0.588
8.6,8.6,6.3,6.3,0.632
8.6,8.6,6.4,6.4,0.644
8.6,8.6,6.5,6.5,0.584
8.6,8.6,6.6,6.6,0.642
8.6,8.6,6.7,6.7,0.64
8.6,8.6,6.8,6.8,0.602
8.6,8.6,6.9,6.9,0.638
8.6,8.6,7.0,7.0,0.654
8.6,8.6,7.1,7.1,0.626
8.6,8.6,7.2,7.2,0.662
8.6,8.6,7.3,7.3,0.63
8.6,8.6,7.4,7.4,0.632
8.6,8.6,7.5,7.5,0.65
8.6,8.6,7.6,7.6,0.614
8.6,8.6,7.7,7.7,0.658
8.6,8.6,7.8,7.8,0.678
8.6,8.6,7.9,7.9,0.684
8.6,8.6,8.0,8.0,0.65
8.6,8.6,8.1,8.1,0.66
8.6,8.6,8.2,8.2,0.668
8.6,8.6,8.3,8.3,0.72
8.6,8.6,8.4,8.4,0.684
8.6,8.6,8.5,8.5,0.664
8.6,8.6,8.6,8.6,0.732
8.6,8.6,8.7,8.7,0.718
8.6,8.6,8.8,8.8,0.716
8.6,8.6,8.9,8.9,0.696
8.6,8.6,9.0,9.0,0.684
8.6,8.6,9.1,9.1,0.702
8.6,8.6,9.2,9.2,0.702
8.6,8.6,9.3,9.3,0.692
8.6,8.6,9.4,9.4,0.728
8.6,8.6,9.5,9.5,0.722
8.6,8.6,9.6,9.6,0.704
8.6,8.6,9.7,9.7,0.72
8.6,8.6,9.8,9.8,0.7
8.6,8.6,9.9,9.9,0.686
8.6,8.6,10.0,10.0,0.698
8.6,8.6,10.1,10.1,0.754
8.6,8.6,10.2,10.2,0.696
8.6,8.6,10.3,10.3,0.686
8.6,8.6,10.4,10.4,0.718
8.6,8.6,10.5,10.5,0.738
8.6,8.6,10.6,10.6,0.704
8.6,8.6,10.7,10.7,0.742
8.6,8.6,10.8,10.8,0.724
8.6,8.6,10.9,10.9,0.72
8.6,8.6,11.0,11.0,0.742
8.6,8.6,11.1,11.1,0.728
8.6,8.6,11.2,11.2,0.752
8.6,8.6,11.3,11.3,0.746
8.6,8.6,11.4,11.4,0.748
8.6,8.6,11.5,11.5,0.74
8.6,8.6,11.6,11.6,0.724
8.6,8.6,11.7,11.7,0.768
8.6,8.6,11.8,11.8,0.764
8.6,8.6,11.9,11.9,0.706
8.6,8.6,12.0,12.0,0.772
8.6,8.6,12.1,12.1,0.75
8.6,8.6,12.2,12.2,0.764
8.6,8.6,12.3,12.3,0.758
8.6,8.6,12.4,12.4,0.762
8.6,8.6,12.5,12.5,0.778
8.6,8.6,12.6,12.6,0.738
8.6,8.6,12.7,12.7,0.796
8.6,8.6,12.8,12.8,0.738
8.6,8.6,12.9,12.9,0.758
8.6,8.6,13.0,13.0,0.786
8.6,8.6,13.1,13.1,0.788
8.6,8.6,13.2,13.2,0.758
8.6,8.6,13.3,13.3,0.77
8.6,8.6,13.4,13.4,0.772
8.6,8.6,13.5,13.5,0.752
8.6,8.6,13.6,13.6,0.76
8.6,8.6,13.7,13.7,0.83
8.6,8.6,13.8,13.8,0.774
8.6,8.6,13.9,13.9,0.752
8.6,8.6,14.0,14.0,0.79
8.6,8.6,14.1,14.1,0.774
8.6,8.6,14.2,14.2,0.774
8.6,8.6,14.3,14.3,0.77
8.6,8.6,14.4,14.4,0.78
8.6,8.6,14.5,14.5,0.778
8.6,8.6,14.6,14.6,0.794
8.6,8.6,14.7,14.7,0.76
8.6,8.6,14.8,14.8,0.782
8.6,8.6,14.9,14.9,0.766
8.6,8.6,15.0,15.0,0.742
8.6,8.6,15.1,15.1,0.78
8.7,8.7,0.1,0.1,0.042
8.7,8.7,0.2,0.2,0.054
8.7,8.7,0.3,0.3,0.054
8.7,8.7,0.4,0.4,0.076
8.7,8.7,0.5,0.5,0.082
8.7,8.7,0.6,0.6,0.108
8.7,8.7,0.7,0.7,0.106
8.7,8.7,0.8,0.8,0.09
8.7,8.7,0.9,0.9,0.146
8.7,8.7,1.0,1.0,0.132
8.7,8.7,1.1,1.1,0.174
8.7,8.7,1.2,1.2,0.168
8.7,8.7,1.3,1.3,0.206
8.7,8.7,1.4,1.4,0.202
8.7,8.7,1.5,1.5,0.208
8.7,8.7,1.6,1.6,0.214
8.7,8.7,1.7,1.7,0.23
8.7,8.7,1.8,1.8,0.272
8.7,8.7,1.9,1.9,0.278
8.7,8.7,2.0,2.0,0.28
8.7,8.7,2.1,2.1,0.306
8.7,8.7,2.2,2.2,0.278
8.7,8.7,2.3,2.3,0.278
8.7,8.7,2.4,2.4,0.298
8.7,8.7,2.5,2.5,0.332
8.7,8.7,2.6,2.6,0.314
8.7,8.7,2.7,2.7,0.366
8.7,8.7,2.8,2.8,0.362
8.7,8.7,2.9,2.9,0.368
8.7,8.7,3.0,3.0,0.358
8.7,8.7,3.1,3.1,0.362
8.7,8.7,3.2,3.2,0.386
8.7,8.7,3.3,3.3,0.342
8.7,8.7,3.4,3.4,0.424
8.7,8.7,3.5,3.5,0.428
8.7,8.7,3.6,3.6,0.444
8.7,8.7,3.7,3.7,0.434
8.7,8.7,3.8,3.8,0.45
8.7,8.7,3.9,3.9,0.426
8.7,8.7,4.0,4.0,0.434
8.7,8.7,4.1,4.1,0.456
8.7,8.7,4.2,4.2,0.48
8.7,8.7,4.3,4.3,0.48
8.7,8.7,4.4,4.4,0.488
8.7,8.7,4.5,4.5,0.51
8.7,8.7,4.6,4.6,0.562
8.7,8.7,4.7,4.7,0.498
8.7,8.7,4.8,4.8,0.5
8.7,8.7,4.9,4.9,0.54
8.7,8.7,5.0,5.0,0.522
8.7,8.7,5.1,5.1,0.538
8.7,8.7,5.2,5.2,0.502
8.7,8.7,5.3,5.3,0.532
8.7,8.7,5.4,5.4,0.522
8.7,8.7,5.5,5.5,0.544
8.7,8.7,5.6,5.6,0.56
8.7,8.7,5.7,5.7,0.594
8.7,8.7,5.8,5.8,0.546
8.7,8.7,5.9,5.9,0.584
8.7,8.7,6.0,6.0,0.59
8.7,8.7,6.1,6.1,0.53
8.7,8.7,6.2,6.2,0.576
8.7,8.7,6.3,6.3,0.608
8.7,8.7,6.4,6.4,0.59
8.7,8.7,6.5,6.5,0.594
8.7,8.7,6.6,6.6,0.588
8.7,8.7,6.7,6.7,0.626
8.7,8.7,6.8,6.8,0.642
8.7,8.7,6.9,6.9,0.634
8.7,8.7,7.0,7.0,0.64
8.7,8.7,7.1,7.1,0.588
8.7,8.7,7.2,7.2,0.628
8.7,8.7,7.3,7.3,0.654
8.7,8.7,7.4,7.4,0.666
8.7,8.7,7.5,7.5,0.648
8.7,8.7,7.6,7.6,0.67
8.7,8.7,7.7,7.7,0.674
8.7,8.7,7.8,7.8,0.67
8.7,8.7,7.9,7.9,0.684
8.7,8.7,8.0,8.0,0.672
8.7,8.7,8.1,8.1,0.622
8.7,8.7,8.2,8.2,0.666
8.7,8.7,8.3,8.3,0.672
8.7,8.7,8.4,8.4,0.662
8.7,8.7,8.5,8.5,0.704
8.7,8.7,8.6,8.6,0.684
8.7,8.7,8.7,8.7,0.724
8.7,8.7,8.8,8.8,0.692
8.7,8.7,8.9,8.9,0.732
8.7,8.7,9.0,9.0,0.706
8.7,8.7,9.1,9.1,0.692
8.7,8.7,9.2,9.2,0.674
8.7,8.7,9.3,9.3,0.688
8.7,8.7,9.4,9.4,0.736
8.7,8.7,9.5,9.5,0.708
8.7,8.7,9.6,9.6,0.718
8.7,8.7,9.7,9.7,0.728
8.7,8.7,9.8,9.8,0.76
8.7,8.7,9.9,9.9,0.678
8.7,8.7,10.0,10.0,0.72
8.7,8.7,10.1,10.1,0.716
8.7,8.7,10.2,10.2,0.714
8.7,8.7,10.3,10.3,0.734
8.7,8.7,10.4,10.4,0.728
8.7,8.7,10.5,10.5,0.742
8.7,8.7,10.6,10.6,0.732
8.7,8.7,10.7,10.7,0.73
8.7,8.7,10.8,10.8,0.734
8.7,8.7,10.9,10.9,0.73
8.7,8.7,11.0,11.0,0.718
8.7,8.7,11.1,11.1,0.752
8.7,8.7,11.2,11.2,0.756
8.7,8.7,11.3,11.3,0.764
8.7,8.7,11.4,11.4,0.758
8.7,8.7,11.5,11.5,0.75
8.7,8.7,11.6,11.6,0.778
8.7,8.7,11.7,11.7,0.764
8.7,8.7,11.8,11.8,0.736
8.7,8.7,11.9,11.9,0.768
8.7,8.7,12.0,12.0,0.762
8.7,8.7,12.1,12.1,0.788
8.7,8.7,12.2,12.2,0.736
8.7,8.7,12.3,12.3,0.764
8.7,8.7,12.4,12.4,0.76
8.7,8.7,12.5,12.5,0.76
8.7,8.7,12.6,12.6,0.784
8.7,8.7,12.7,12.7,0.752
8.7,8.7,12.8,12.8,0.756
8.7,8.7,12.9,12.9,0.768
8.7,8.7,13.0,13.0,0.764
8.7,8.7,13.1,13.1,0.756
8.7,8.7,13.2,13.2,0.752
8.7,8.7,13.3,13.3,0.762
8.7,8.7,13.4,13.4,0.79
8.7,8.7,13.5,13.5,0.726
8.7,8.7,13.6,13.6,0.758
8.7,8.7,13.7,13.7,0.762
8.7,8.7,13.8,13.8,0.768
8.7,8.7,13.9,13.9,0.782
8.7,8.7,14.0,14.0,0.79
8.7,8.7,14.1,14.1,0.744
8.7,8.7,14.2,14.2,0.8
8.7,8.7,14.3,14.3,0.786
8.7,8.7,14.4,14.4,0.778
8.7,8.7,14.5,14.5,0.74
8.7,8.7,14.6,14.6,0.804
8.7,8.7,14.7,14.7,0.74
8.7,8.7,14.8,14.8,0.758
8.7,8.7,14.9,14.9,0.784
8.7,8.7,15.0,15.0,0.79
8.7,8.7,15.1,15.1,0.752
8.8,8.8,0.1,0.1,0.042
8.8,8.8,0.2,0.2,0.052
8.8,8.8,0.3,0.3,0.052
8.8,8.8,0.4,0.4,0.07
8.8,8.8,0.5,0.5,0.096
8.8,8.8,0.6,0.6,0.096
8.8,8.8,0.7,0.7,0.13
8.8,8.8,0.8,0.8,0.132
8.8,8.8,0.9,0.9,0.142
8.8,8.8,1.0,1.0,0.148
8.8,8.8,1.1,1.1,0.186
8.8,8.8,1.2,1.2,0.17
8.8,8.8,1.3,1.3,0.2
8.8,8.8,1.4,1.4,0.214
8.8,8.8,1.5,1.5,0.184
8.8,8.8,1.6,1.6,0.206
8.8,8.8,1.7,1.7,0.272
8.8,8.8,1.8,1.8,0.246
8.8,8.8,1.9,1.9,0.228
8.8,8.8,2.0,2.0,0.288
8.8,8.8,2.1,2.1,0.28
8.8,8.8,2.2,2.2,0.27
8.8,8.8,2.3,2.3,0.266
8.8,8.8,2.4,2.4,0.294
8.8,8.8,2.5,2.5,0.314
8.8,8.8,2.6,2.6,0.33
8.8,8.8,2.7,2.7,0.33
8.8,8.8,2.8,2.8,0.372
8.8,8.8,2.9,2.9,0.364
8.8,8.8,3.0,3.0,0.334
8.8,8.8,3.1,3.1,0.36
8.8,8.8,3.2,3.2,0.39
8.8,8.8,3.3,3.3,0.382
8.8,8.8,3.4,3.4,0.362
8.8,8.8,3.5,3.5,0.38
8.8,8.8,3.6,3.6,0.382
8.8,8.8,3.7,3.7,0.47
8.8,8.8,3.8,3.8,0.462
8.8,8.8,3.9,3.9,0.446
8.8,8.8,4.0,4.0,0.45
8.8,8.8,4.1,4.1,0.472
8.8,8.8,4.2,4.2,0.46
8.8,8.8,4.3,4.3,0.504
8.8,8.8,4.4,4.4,0.51
8.8,8.8,4.5,4.5,0.514
8.8,8.8,4.6,4.6,0.466
8.8,8.8,4.7,4.7,0.506
8.8,8.8,4.8,4.8,0.468
8.8,8.8,4.9,4.9,0.532
8.8,8.8,5.0,5.0,0.532
8.8,8.8,5.1,5.1,0.542
8.8,8.8,5.2,5.2,0.564
8.8,8.8,5.3,5.3,0.556
8.8,8.8,5.4,5.4,0.546
8.8,8.8,5.5,5.5,0.564
8.8,8.8,5.6,5.6,0.558
8.8,8.8,5.7,5.7,0.58
8.8,8.8,5.8,5.8,0.536
8.8,8.8,5.9,5.9,0.58
8.8,8.8,6.0,6.0,0.572
8.8,8.8,6.1,6.1,0.572
8.8,8.8,6.2,6.2,0.554
8.8,8.8,6.3,6.3,0.63
8.8,8.8,6.4,6.4,0.576
8.8,8.8,6.5,6.5,0.618
8.8,8.8,6.6,6.6,0.608
8.8,8.8,6.7,6.7,0.664
8.8,8.8,6.8,6.8,0.61
8.8,8.8,6.9,6.9,0.644
8.8,8.8,7.0,7.0,0.662
8.8,8.8,7.1,7.1,0.622
8.8,8.8,7.2,7.2,0.622
8.8,8.8,7.3,7.3,0.652
8.8,8.8,7.4,7.4,0.626
8.8,8.8,7.5,7.5,0.632
8.8,8.8,7.6,7.6,0.654
8.8,8.8,7.7,7.7,0.68
8.8,8.8,7.8,7.8,0.636
8.8,8.8,7.9,7.9,0.658
8.8,8.8,8.0,8.0,0.682
8.8,8.8,8.1,8.1,0.678
8.8,8.8,8.2,8.2,0.642
8.8,8.8,8.3,8.3,0.682
8.8,8.8,8.4,8.4,0.68
8.8,8.8,8.5,8.5,0.72
8.8,8.8,8.6,8.6,0.65
8.8,8.8,8.7,8.7,0.69
8.8,8.8,8.8,8.8,0.692
8.8,8.8,8.9,8.9,0.696
8.8,8.8,9.0,9.0,0.672
8.8,8.8,9.1,9.1,0.7
8.8,8.8,9.2,9.2,0.704
8.8,8.8,9.3,9.3,0.668
8.8,8.8,9.4,9.4,0.696
8.8,8.8,9.5,9.5,0.714
8.8,8.8,9.6,9.6,0.682
8.8,8.8,9.7,9.7,0.69
8.8,8.8,9.8,9.8,0.738
8.8,8.8,9.9,9.9,0.706
8.8,8.8,10.0,10.0,0.686
8.8,8.8,10.1,10.1,0.726
8.8,8.8,10.2,10.2,0.714
8.8,8.8,10.3,10.3,0.722
8.8,8.8,10.4,10.4,0.728
8.8,8.8,10.5,10.5,0.718
8.8,8.8,10.6,10.6,0.732
8.8,8.8,10.7,10.7,0.722
8.8,8.8,10.8,10.8,0.73
8.8,8.8,10.9,10.9,0.724
8.8,8.8,11.0,11.0,0.744
8.8,8.8,11.1,11.1,0.774
8.8,8.8,11.2,11.2,0.734
8.8,8.8,11.3,11.3,0.768
8.8,8.8,11.4,11.4,0.778
8.8,8.8,11.5,11.5,0.75
8.8,8.8,11.6,11.6,0.758
8.8,8.8,11.7,11.7,0.74
8.8,8.8,11.8,11.8,0.742
8.8,8.8,11.9,11.9,0.748
8.8,8.8,12.0,12.0,0.73
8.8,8.8,12.1,12.1,0.782
8.8,8.8,12.2,12.2,0.772
8.8,8.8,12.3,12.3,0.75
8.8,8.8,12.4,12.4,0.748
8.8,8.8,12.5,12.5,0.722
8.8,8.8,12.6,12.6,0.77
8.8,8.8,12.7,12.7,0.788
8.8,8.8,12.8,12.8,0.756
8.8,8.8,12.9,12.9,0.77
8.8,8.8,13.0,13.0,0.774
8.8,8.8,13.1,13.1,0.776
8.8,8.8,13.2,13.2,0.752
8.8,8.8,13.3,13.3,0.76
8.8,8.8,13.4,13.4,0.726
8.8,8.8,13.5,13.5,0.78
8.8,8.8,13.6,13.6,0.74
8.8,8.8,13.7,13.7,0.736
8.8,8.8,13.8,13.8,0.74
8.8,8.8,13.9,13.9,0.792
8.8,8.8,14.0,14.0,0.772
8.8,8.8,14.1,14.1,0.744
8.8,8.8,14.2,14.2,0.774
8.8,8.8,14.3,14.3,0.8
8.8,8.8,14.4,14.4,0.756
8.8,8.8,14.5,14.5,0.768
8.8,8.8,14.6,14.6,0.76
8.8,8.8,14.7,14.7,0.786
8.8,8.8,14.8,14.8,0.786
8.8,8.8,14.9,14.9,0.738
8.8,8.8,15.0,15.0,0.758
8.8,8.8,15.1,15.1,0.77
8.9,8.9,0.1,0.1,0.042
8.9,8.9,0.2,0.2,0.046
8.9,8.9,0.3,0.3,0.07
8.9,8.9,0.4,0.4,0.078
8.9,8.9,0.5,0.5,0.098
8.9,8.9,0.6,0.6,0.094
8.9,8.9,0.7,0.7,0.102
8.9,8.9,0.8,0.8,0.122
8.9,8.9,0.9,0.9,0.118
8.9,8.9,1.0,1.0,0.152
8.9,8.9,1.1,1.1,0.15
8.9,8.9,1.2,1.2,0.176
8.9,8.9,1.3,1.3,0.178
8.9,8.9,1.4,1.4,0.2
8.9,8.9,1.5,1.5,0.172
8.9,8.9,1.6,1.6,0.218
8.9,8.9,1.7,1.7,0.248
8.9,8.9,1.8,1.8,0.268
8.9,8.9,1.9,1.9,0.23
8.9,8.9,2.0,2.0,0.274
8.9,8.9,2.1,2.1,0.3
8.9,8.9,2.2,2.2,0.288
8.9,8.9,2.3,2.3,0.328
8.9,8.9,2.4,2.4,0.292
8.9,8.9,2.5,2.5,0.298
8.9,8.9,2.6,2.6,0.306
8.9,8.9,2.7,2.7,0.332
8.9,8.9,2.8,2.8,0.328
8.9,8.9,2.9,2.9,0.394
8.9,8.9,3.0,3.0,0.37
8.9,8.9,3.1,3.1,0.362
8.9,8.9,3.2,3.2,0.376
8.9,8.9,3.3,3.3,0.382
8.9,8.9,3.4,3.4,0.386
8.9,8.9,3.5,3.5,0.412
8.9,8.9,3.6,3.6,0.402
8.9,8.9,3.7,3.7,0.396
8.9,8.9,3.8,3.8,0.452
8.9,8.9,3.9,3.9,0.446
8.9,8.9,4.0,4.0,0.446
8.9,8.9,4.1,4.1,0.422
8.9,8.9,4.2,4.2,0.438
8.9,8.9,4.3,4.3,0.484
8.9,8.9,4.4,4.4,0.456
8.9,8.9,4.5,4.5,0.474
8.9,8.9,4.6,4.6,0.506
8.9,8.9,4.7,4.7,0.514
8.9,8.9,4.8,4.8,0.494
8.9,8.9,4.9,4.9,0.492
8.9,8.9,5.0,5.0,0.558
8.9,8.9,5.1,5.1,0.514
8.9,8.9,5.2,5.2,0.53
8.9,8.9,5.3,5.3,0.532
8.9,8.9,5.4,5.4,0.55
8.9,8.9,5.5,5.5,0.558
8.9,8.9,5.6,5.6,0.588
8.9,8.9,5.7,5.7,0.526
8.9,8.9,5.8,5.8,0.594
8.9,8.9,5.9,5.9,0.564
8.9,8.9,6.0,6.0,0.58
8.9,8.9,6.1,6.1,0.568
8.9,8.9,6.2,6.2,0.588
8.9,8.9,6.3,6.3,0.558
8.9,8.9,6.4,6.4,0.606
8.9,8.9,6.5,6.5,0.622
8.9,8.9,6.6,6.6,0.584
8.9,8.9,6.7,6.7,0.578
8.9,8.9,6.8,6.8,0.574
8.9,8.9,6.9,6.9,0.604
8.9,8.9,7.0,7.0,0.608
8.9,8.9,7.1,7.1,0.614
8.9,8.9,7.2,7.2,0.672
8.9,8.9,7.3,7.3,0.616
8.9,8.9,7.4,7.4,0.66
8.9,8.9,7.5,7.5,0.658
8.9,8.9,7.6,7.6,0.676
8.9,8.9,7.7,7.7,0.666
8.9,8.9,7.8,7.8,0.652
8.9,8.9,7.9,7.9,0.65
8.9,8.9,8.0,8.0,0.644
8.9,8.9,8.1,8.1,0.68
8.9,8.9,8.2,8.2,0.684
8.9,8.9,8.3,8.3,0.664
8.9,8.9,8.4,8.4,0.666
8.9,8.9,8.5,8.5,0.662
8.9,8.9,8.6,8.6,0.666
8.9,8.9,8.7,8.7,0.69
8.9,8.9,8.8,8.8,0.696
8.9,8.9,8.9,8.9,0.712
8.9,8.9,9.0,9.0,0.696
8.9,8.9,9.1,9.1,0.68
8.9,8.9,9.2,9.2,0.7
8.9,8.9,9.3,9.3,0.676
8.9,8.9,9.4,9.4,0.704
8.9,8.9,9.5,9.5,0.7
8.9,8.9,9.6,9.6,0.726
8.9,8.9,9.7,9.7,0.722
8.9,8.9,9.8,9.8,0.718
8.9,8.9,9.9,9.9,0.744
8.9,8.9,10.0,10.0,0.74
8.9,8.9,10.1,10.1,0.694
8.9,8.9,10.2,10.2,0.69
8.9,8.9,10.3,10.3,0.69
8.9,8.9,10.4,10.4,0.742
8.9,8.9,10.5,10.5,0.726
8.9,8.9,10.6,10.6,0.732
8.9,8.9,10.7,10.7,0.752
8.9,8.9,10.8,10.8,0.762
8.9,8.9,10.9,10.9,0.73
8.9,8.9,11.0,11.0,0.716
8.9,8.9,11.1,11.1,0.748
8.9,8.9,11.2,11.2,0.76
8.9,8.9,11.3,11.3,0.736
8.9,8.9,11.4,11.4,0.734
8.9,8.9,11.5,11.5,0.748
8.9,8.9,11.6,11.6,0.714
8.9,8.9,11.7,11.7,0.77
8.9,8.9,11.8,11.8,0.734
8.9,8.9,11.9,11.9,0.782
8.9,8.9,12.0,12.0,0.748
8.9,8.9,12.1,12.1,0.744
8.9,8.9,12.2,12.2,0.714
8.9,8.9,12.3,12.3,0.752
8.9,8.9,12.4,12.4,0.806
8.9,8.9,12.5,12.5,0.754
8.9,8.9,12.6,12.6,0.766
8.9,8.9,12.7,12.7,0.766
8.9,8.9,12.8,12.8,0.764
8.9,8.9,12.9,12.9,0.774
8.9,8.9,13.0,13.0,0.766
8.9,8.9,13.1,13.1,0.788
8.9,8.9,13.2,13.2,0.742
8.9,8.9,13.3,13.3,0.73
8.9,8.9,13.4,13.4,0.748
8.9,8.9,13.5,13.5,0.764
8.9,8.9,13.6,13.6,0.748
8.9,8.9,13.7,13.7,0.794
8.9,8.9,13.8,13.8,0.812
8.9,8.9,13.9,13.9,0.738
8.9,8.9,14.0,14.0,0.752
8.9,8.9,14.1,14.1,0.758
8.9,8.9,14.2,14.2,0.764
8.9,8.9,14.3,14.3,0.746
8.9,8.9,14.4,14.4,0.788
8.9,8.9,14.5,14.5,0.748
8.9,8.9,14.6,14.6,0.752
8.9,8.9,14.7,14.7,0.764
8.9,8.9,14.8,14.8,0.778
8.9,8.9,14.9,14.9,0.774
8.9,8.9,15.0,15.0,0.768
8.9,8.9,15.1,15.1,0.762
9.0,9.0,0.1,0.1,0.046
9.0,9.0,0.2,0.2,0.048
9.0,9.0,0.3,0.3,0.07
9.0,9.0,0.4,0.4,0.082
9.0,9.0,0.5,0.5,0.102
9.0,9.0,0.6,0.6,0.104
9.0,9.0,0.7,0.7,0.09
9.0,9.0,0.8,0.8,0.12
9.0,9.0,0.9,0.9,0.13
9.0,9.0,1.0,1.0,0.15
9.0,9.0,1.1,1.1,0.152
9.0,9.0,1.2,1.2,0.176
9.0,9.0,1.3,1.3,0.204
9.0,9.0,1.4,1.4,0.184
9.0,9.0,1.5,1.5,0.198
9.0,9.0,1.6,1.6,0.202
9.0,9.0,1.7,1.7,0.218
9.0,9.0,1.8,1.8,0.23
9.0,9.0,1.9,1.9,0.226
9.0,9.0,2.0,2.0,0.262
9.0,9.0,2.1,2.1,0.286
9.0,9.0,2.2,2.2,0.3
9.0,9.0,2.3,2.3,0.31
9.0,9.0,2.4,2.4,0.288
9.0,9.0,2.5,2.5,0.316
9.0,9.0,2.6,2.6,0.358
9.0,9.0,2.7,2.7,0.374
9.0,9.0,2.8,2.8,0.344
9.0,9.0,2.9,2.9,0.36
9.0,9.0,3.0,3.0,0.358
9.0,9.0,3.1,3.1,0.388
9.0,9.0,3.2,3.2,0.356
9.0,9.0,3.3,3.3,0.362
9.0,9.0,3.4,3.4,0.378
9.0,9.0,3.5,3.5,0.41
9.0,9.0,3.6,3.6,0.39
9.0,9.0,3.7,3.7,0.424
9.0,9.0,3.8,3.8,0.446
9.0,9.0,3.9,3.9,0.434
9.0,9.0,4.0,4.0,0.452
9.0,9.0,4.1,4.1,0.47
9.0,9.0,4.2,4.2,0.49
9.0,9.0,4.3,4.3,0.434
9.0,9.0,4.4,4.4,0.436
9.0,9.0,4.5,4.5,0.456
9.0,9.0,4.6,4.6,0.494
9.0,9.0,4.7,4.7,0.506
9.0,9.0,4.8,4.8,0.486
9.0,9.0,4.9,4.9,0.494
9.0,9.0,5.0,5.0,0.516
9.0,9.0,5.1,5.1,0.48
9.0,9.0,5.2,5.2,0.552
9.0,9.0,5.3,5.3,0.508
9.0,9.0,5.4,5.4,0.492
9.0,9.0,5.5,5.5,0.582
9.0,9.0,5.6,5.6,0.52
9.0,9.0,5.7,5.7,0.564
9.0,9.0,5.8,5.8,0.606
9.0,9.0,5.9,5.9,0.532
9.0,9.0,6.0,6.0,0.588
9.0,9.0,6.1,6.1,0.594
9.0,9.0,6.2,6.2,0.588
9.0,9.0,6.3,6.3,0.56
9.0,9.0,6.4,6.4,0.614
9.0,9.0,6.5,6.5,0.572
9.0,9.0,6.6,6.6,0.632
9.0,9.0,6.7,6.7,0.63
9.0,9.0,6.8,6.8,0.624
9.0,9.0,6.9,6.9,0.61
9.0,9.0,7.0,7.0,0.62
9.0,9.0,7.1,7.1,0.64
9.0,9.0,7.2,7.2,0.636
9.0,9.0,7.3,7.3,0.672
9.0,9.0,7.4,7.4,0.64
9.0,9.0,7.5,7.5,0.616
9.0,9.0,7.6,7.6,0.676
9.0,9.0,7.7,7.7,0.646
9.0,9.0,7.8,7.8,0.654
9.0,9.0,7.9,7.9,0.664
9.0,9.0,8.0,8.0,0.666
9.0,9.0,8.1,8.1,0.644
9.0,9.0,8.2,8.2,0.674
9.0,9.0,8.3,8.3,0.624
9.0,9.0,8.4,8.4,0.688
9.0,9.0,8.5,8.5,0.68
9.0,9.0,8.6,8.6,0.69
9.0,9.0,8.7,8.7,0.674
9.0,9.0,8.8,8.8,0.686
9.0,9.0,8.9,8.9,0.694
9.0,9.0,9.0,9.0,0.724
9.0,9.0,9.1,9.1,0.7
9.0,9.0,9.2,9.2,0.674
9.0,9.0,9.3,9.3,0.714
9.0,9.0,9.4,9.4,0.66
9.0,9.0,9.5,9.5,0.708
9.0,9.0,9.6,9.6,0.72
9.0,9.0,9.7,9.7,0.71
9.0,9.0,9.8,9.8,0.736
9.0,9.0,9.9,9.9,0.696
9.0,9.0,10.0,10.0,0.686
9.0,9.0,10.1,10.1,0.736
9.0,9.0,10.2,10.2,0.736
9.0,9.0,10.3,10.3,0.702
9.0,9.0,10.4,10.4,0.722
9.0,9.0,10.5,10.5,0.746
9.0,9.0,10.6,10.6,0.728
9.0,9.0,10.7,10.7,0.748
9.0,9.0,10.8,10.8,0.738
9.0,9.0,10.9,10.9,0.736
9.0,9.0,11.0,11.0,0.74
9.0,9.0,11.1,11.1,0.73
9.0,9.0,11.2,11.2,0.73
9.0,9.0,11.3,11.3,0.73
9.0,9.0,11.4,11.4,0.718
9.0,9.0,11.5,11.5,0.764
9.0,9.0,11.6,11.6,0.772
9.0,9.0,11.7,11.7,0.748
9.0,9.0,11.8,11.8,0.7
9.0,9.0,11.9,11.9,0.738
9.0,9.0,12.0,12.0,0.756
9.0,9.0,12.1,12.1,0.738
9.0,9.0,12.2,12.2,0.76
9.0,9.0,12.3,12.3,0.724
9.0,9.0,12.4,12.4,0.742
9.0,9.0,12.5,12.5,0.754
9.0,9.0,12.6,12.6,0.76
9.0,9.0,12.7,12.7,0.75
9.0,9.0,12.8,12.8,0.774
9.0,9.0,12.9,12.9,0.792
9.0,9.0,13.0,13.0,0.798
9.0,9.0,13.1,13.1,0.756
9.0,9.0,13.2,13.2,0.816
9.0,9.0,13.3,13.3,0.752
9.0,9.0,13.4,13.4,0.78
9.0,9.0,13.5,13.5,0.752
9.0,9.0,13.6,13.6,0.738
9.0,9.0,13.7,13.7,0.76
9.0,9.0,13.8,13.8,0.74
9.0,9.0,13.9,13.9,0.768
9.0,9.0,14.0,14.0,0.776
9.0,9.0,14.1,14.1,0.8
9.0,9.0,14.2,14.2,0.756
9.0,9.0,14.3,14.3,0.798
9.0,9.0,14.4,14.4,0.77
9.0,9.0,14.5,14.5,0.76
9.0,9.0,14.6,14.6,0.772
9.0,9.0,14.7,14.7,0.76
9.0,9.0,14.8,14.8,0.762
9.0,9.0,14.9,14.9,0.776
9.0,9.0,15.0,15.0,0.784
9.0,9.0,15.1,15.1,0.762
9.1,9.1,0.1,0.1,0.052
9.1,9.1,0.2,0.2,0.058
9.1,9.1,0.3,0.3,0.076
9.1,9.1,0.4,0.4,0.072
9.1,9.1,0.5,0.5,0.092
9.1,9.1,0.6,0.6,0.09
9.1,9.1,0.7,0.7,0.102
9.1,9.1,0.8,0.8,0.13
9.1,9.1,0.9,0.9,0.118
9.1,9.1,1.0,1.0,0.13
9.1,9.1,1.1,1.1,0.152
9.1,9.1,1.2,1.2,0.17
9.1,9.1,1.3,1.3,0.178
9.1,9.1,1.4,1.4,0.204
9.1,9.1,1.5,1.5,0.198
9.1,9.1,1.6,1.6,0.23
9.1,9.1,1.7,1.7,0.238
9.1,9.1,1.8,1.8,0.218
9.1,9.1,1.9,1.9,0.272
9.1,9.1,2.0,2.0,0.208
9.1,9.1,2.1,2.1,0.244
9.1,9.1,2.2,2.2,0.284
9.1,9.1,2.3,2.3,0.302
9.1,9.1,2.4,2.4,0.286
9.1,9.1,2.5,2.5,0.304
9.1,9.1,2.6,2.6,0.3
9.1,9.1,2.7,2.7,0.3
9.1,9.1,2.8,2.8,0.3
9.1,9.1,2.9,2.9,0.374
9.1,9.1,3.0,3.0,0.376
9.1,9.1,3.1,3.1,0.398
9.1,9.1,3.2,3.2,0.348
9.1,9.1,3.3,3.3,0.36
9.1,9.1,3.4,3.4,0.352
9.1,9.1,3.5,3.5,0.436
9.1,9.1,3.6,3.6,0.4
9.1,9.1,3.7,3.7,0.428
9.1,9.1,3.8,3.8,0.442
9.1,9.1,3.9,3.9,0.436
9.1,9.1,4.0,4.0,0.448
9.1,9.1,4.1,4.1,0.43
9.1,9.1,4.2,4.2,0.432
9.1,9.1,4.3,4.3,0.436
9.1,9.1,4.4,4.4,0.492
9.1,9.1,4.5,4.5,0.478
9.1,9.1,4.6,4.6,0.506
9.1,9.1,4.7,4.7,0.508
9.1,9.1,4.8,4.8,0.514
9.1,9.1,4.9,4.9,0.526
9.1,9.1,5.0,5.0,0.532
9.1,9.1,5.1,5.1,0.5
9.1,9.1,5.2,5.2,0.54
9.1,9.1,5.3,5.3,0.524
9.1,9.1,5.4,5.4,0.548
9.1,9.1,5.5,5.5,0.566
9.1,9.1,5.6,5.6,0.554
9.1,9.1,5.7,5.7,0.546
9.1,9.1,5.8,5.8,0.496
9.1,9.1,5.9,5.9,0.562
9.1,9.1,6.0,6.0,0.568
9.1,9.1,6.1,6.1,0.55
9.1,9.1,6.2,6.2,0.554
9.1,9.1,6.3,6.3,0.594
9.1,9.1,6.4,6.4,0.6
9.1,9.1,6.5,6.5,0.566
9.1,9.1,6.6,6.6,0.61
9.1,9.1,6.7,6.7,0.592
9.1,9.1,6.8,6.8,0.57
9.1,9.1,6.9,6.9,0.572
9.1,9.1,7.0,7.0,0.612
9.1,9.1,7.1,7.1,0.668
9.1,9.1,7.2,7.2,0.648
9.1,9.1,7.3,7.3,0.65
9.1,9.1,7.4,7.4,0.634
9.1,9.1,7.5,7.5,0.636
9.1,9.1,7.6,7.6,0.654
9.1,9.1,7.7,7.7,0.678
9.1,9.1,7.8,7.8,0.676
9.1,9.1,7.9,7.9,0.64
9.1,9.1,8.0,8.0,0.636
9.1,9.1,8.1,8.1,0.658
9.1,9.1,8.2,8.2,0.656
9.1,9.1,8.3,8.3,0.696
9.1,9.1,8.4,8.4,0.692
9.1,9.1,8.5,8.5,0.644
9.1,9.1,8.6,8.6,0.656
9.1,9.1,8.7,8.7,0.686
9.1,9.1,8.8,8.8,0.688
9.1,9.1,8.9,8.9,0.7
9.1,9.1,9.0,9.0,0.696
9.1,9.1,9.1,9.1,0.67
9.1,9.1,9.2,9.2,0.718
9.1,9.1,9.3,9.3,0.722
9.1,9.1,9.4,9.4,0.692
9.1,9.1,9.5,9.5,0.688
9.1,9.1,9.6,9.6,0.71
9.1,9.1,9.7,9.7,0.692
9.1,9.1,9.8,9.8,0.73
9.1,9.1,9.9,9.9,0.702
9.1,9.1,10.0,10.0,0.706
9.1,9.1,10.1,10.1,0.718
9.1,9.1,10.2,10.2,0.704
9.1,9.1,10.3,10.3,0.682
9.1,9.1,10.4,10.4,0.728
9.1,9.1,10.5,10.5,0.752
9.1,9.1,10.6,10.6,0.742
9.1,9.1,10.7,10.7,0.724
9.1,9.1,10.8,10.8,0.718
9.1,9.1,10.9,10.9,0.694
9.1,9.1,11.0,11.0,0.752
9.1,9.1,11.1,11.1,0.718
9.1,9.1,11.2,11.2,0.722
9.1,9.1,11.3,11.3,0.732
9.1,9.1,11.4,11.4,0.724
9.1,9.1,11.5,11.5,0.768
9.1,9.1,11.6,11.6,0.74
9.1,9.1,11.7,11.7,0.754
9.1,9.1,11.8,11.8,0.742
9.1,9.1,11.9,11.9,0.764
9.1,9.1,12.0,12.0,0.762
9.1,9.1,12.1,12.1,0.74
9.1,9.1,12.2,12.2,0.764
9.1,9.1,12.3,12.3,0.776
9.1,9.1,12.4,12.4,0.77
9.1,9.1,12.5,12.5,0.726
9.1,9.1,12.6,12.6,0.71
9.1,9.1,12.7,12.7,0.76
9.1,9.1,12.8,12.8,0.756
9.1,9.1,12.9,12.9,0.76
9.1,9.1,13.0,13.0,0.716
9.1,9.1,13.1,13.1,0.772
9.1,9.1,13.2,13.2,0.77
9.1,9.1,13.3,13.3,0.75
9.1,9.1,13.4,13.4,0.758
9.1,9.1,13.5,13.5,0.754
9.1,9.1,13.6,13.6,0.802
9.1,9.1,13.7,13.7,0.768
9.1,9.1,13.8,13.8,0.786
9.1,9.1,13.9,13.9,0.748
9.1,9.1,14.0,14.0,0.784
9.1,9.1,14.1,14.1,0.766
9.1,9.1,14.2,14.2,0.784
9.1,9.1,14.3,14.3,0.788
9.1,9.1,14.4,14.4,0.772
9.1,9.1,14.5,14.5,0.748
9.1,9.1,14.6,14.6,0.772
9.1,9.1,14.7,14.7,0.778
9.1,9.1,14.8,14.8,0.758
9.1,9.1,14.9,14.9,0.752
9.1,9.1,15.0,15.0,0.786
9.1,9.1,15.1,15.1,0.776
9.2,9.2,0.1,0.1,0.042
9.2,9.2,0.2,0.2,0.042
9.2,9.2,0.3,0.3,0.064
9.2,9.2,0.4,0.4,0.066
9.2,9.2,0.5,0.5,0.094
9.2,9.2,0.6,0.6,0.106
9.2,9.2,0.7,0.7,0.112
9.2,9.2,0.8,0.8,0.112
9.2,9.2,0.9,0.9,0.146
9.2,9.2,1.0,1.0,0.108
9.2,9.2,1.1,1.1,0.152
9.2,9.2,1.2,1.2,0.16
9.2,9.2,1.3,1.3,0.166
9.2,9.2,1.4,1.4,0.198
9.2,9.2,1.5,1.5,0.186
9.2,9.2,1.6,1.6,0.214
9.2,9.2,1.7,1.7,0.212
9.2,9.2,1.8,1.8,0.24
9.2,9.2,1.9,1.9,0.202
9.2,9.2,2.0,2.0,0.242
9.2,9.2,2.1,2.1,0.302
9.2,9.2,2.2,2.2,0.246
9.2,9.2,2.3,2.3,0.264
9.2,9.2,2.4,2.4,0.292
9.2,9.2,2.5,2.5,0.29
9.2,9.2,2.6,2.6,0.338
9.2,9.2,2.7,2.7,0.33
9.2,9.2,2.8,2.8,0.336
9.2,9.2,2.9,2.9,0.316
9.2,9.2,3.0,3.0,0.342
9.2,9.2,3.1,3.1,0.364
9.2,9.2,3.2,3.2,0.366
9.2,9.2,3.3,3.3,0.4
9.2,9.2,3.4,3.4,0.402
9.2,9.2,3.5,3.5,0.376
9.2,9.2,3.6,3.6,0.388
9.2,9.2,3.7,3.7,0.428
9.2,9.2,3.8,3.8,0.426
9.2,9.2,3.9,3.9,0.416
9.2,9.2,4.0,4.0,0.418
9.2,9.2,4.1,4.1,0.436
9.2,9.2,4.2,4.2,0.432
9.2,9.2,4.3,4.3,0.446
9.2,9.2,4.4,4.4,0.446
9.2,9.2,4.5,4.5,0.444
9.2,9.2,4.6,4.6,0.48
9.2,9.2,4.7,4.7,0.46
9.2,9.2,4.8,4.8,0.47
9.2,9.2,4.9,4.9,0.484
9.2,9.2,5.0,5.0,0.52
9.2,9.2,5.1,5.1,0.502
9.2,9.2,5.2,5.2,0.516
9.2,9.2,5.3,5.3,0.532
9.2,9.2,5.4,5.4,0.532
9.2,9.2,5.5,5.5,0.548
9.2,9.2,5.6,5.6,0.516
9.2,9.2,5.7,5.7,0.582
9.2,9.2,5.8,5.8,0.564
9.2,9.2,5.9,5.9,0.608
9.2,9.2,6.0,6.0,0.556
9.2,9.2,6.1,6.1,0.548
9.2,9.2,6.2,6.2,0.602
9.2,9.2,6.3,6.3,0.61
9.2,9.2,6.4,6.4,0.6
9.2,9.2,6.5,6.5,0.608
9.2,9.2,6.6,6.6,0.57
9.2,9.2,6.7,6.7,0.6
9.2,9.2,6.8,6.8,0.57
9.2,9.2,6.9,6.9,0.608
9.2,9.2,7.0,7.0,0.632
9.2,9.2,7.1,7.1,0.606
9.2,9.2,7.2,7.2,0.648
9.2,9.2,7.3,7.3,0.616
9.2,9.2,7.4,7.4,0.65
9.2,9.2,7.5,7.5,0.658
9.2,9.2,7.6,7.6,0.624
9.2,9.2,7.7,7.7,0.644
9.2,9.2,7.8,7.8,0.65
9.2,9.2,7.9,7.9,0.662
9.2,9.2,8.0,8.0,0.614
9.2,9.2,8.1,8.1,0.624
9.2,9.2,8.2,8.2,0.642
9.2,9.2,8.3,8.3,0.646
9.2,9.2,8.4,8.4,0.646
9.2,9.2,8.5,8.5,0.658
9.2,9.2,8.6,8.6,0.704
9.2,9.2,8.7,8.7,0.68
9.2,9.2,8.8,8.8,0.642
9.2,9.2,8.9,8.9,0.65
9.2,9.2,9.0,9.0,0.7
9.2,9.2,9.1,9.1,0.716
9.2,9.2,9.2,9.2,0.69
9.2,9.2,9.3,9.3,0.672
9.2,9.2,9.4,9.4,0.66
9.2,9.2,9.5,9.5,0.686
9.2,9.2,9.6,9.6,0.676
9.2,9.2,9.7,9.7,0.718
9.2,9.2,9.8,9.8,0.718
9.2,9.2,9.9,9.9,0.734
9.2,9.2,10.0,10.0,0.706
9.2,9.2,10.1,10.1,0.712
9.2,9.2,10.2,10.2,0.728
9.2,9.2,10.3,10.3,0.734
9.2,9.2,10.4,10.4,0.746
9.2,9.2,10.5,10.5,0.702
9.2,9.2,10.6,10.6,0.7
9.2,9.2,10.7,10.7,0.698
9.2,9.2,10.8,10.8,0.742
9.2,9.2,10.9,10.9,0.71
9.2,9.2,11.0,11.0,0.73
9.2,9.2,11.1,11.1,0.758
9.2,9.2,11.2,11.2,0.736
9.2,9.2,11.3,11.3,0.732
9.2,9.2,11.4,11.4,0.752
9.2,9.2,11.5,11.5,0.718
9.2,9.2,11.6,11.6,0.766
9.2,9.2,11.7,11.7,0.776
9.2,9.2,11.8,11.8,0.754
9.2,9.2,11.9,11.9,0.756
9.2,9.2,12.0,12.0,0.754
9.2,9.2,12.1,12.1,0.748
9.2,9.2,12.2,12.2,0.768
9.2,9.2,12.3,12.3,0.716
9.2,9.2,12.4,12.4,0.72
9.2,9.2,12.5,12.5,0.75
9.2,9.2,12.6,12.6,0.764
9.2,9.2,12.7,12.7,0.752
9.2,9.2,12.8,12.8,0.714
9.2,9.2,12.9,12.9,0.74
9.2,9.2,13.0,13.0,0.752
9.2,9.2,13.1,13.1,0.706
9.2,9.2,13.2,13.2,0.738
9.2,9.2,13.3,13.3,0.798
9.2,9.2,13.4,13.4,0.76
9.2,9.2,13.5,13.5,0.77
9.2,9.2,13.6,13.6,0.778
9.2,9.2,13.7,13.7,0.766
9.2,9.2,13.8,13.8,0.766
9.2,9.2,13.9,13.9,0.762
9.2,9.2,14.0,14.0,0.758
9.2,9.2,14.1,14.1,0.736
9.2,9.2,14.2,14.2,0.772
9.2,9.2,14.3,14.3,0.756
9.2,9.2,14.4,14.4,0.796
9.2,9.2,14.5,14.5,0.766
9.2,9.2,14.6,14.6,0.778
9.2,9.2,14.7,14.7,0.766
9.2,9.2,14.8,14.8,0.738
9.2,9.2,14.9,14.9,0.808
9.2,9.2,15.0,15.0,0.766
9.2,9.2,15.1,15.1,0.766
9.3,9.3,0.1,0.1,0.042
9.3,9.3,0.2,0.2,0.054
9.3,9.3,0.3,0.3,0.072
9.3,9.3,0.4,0.4,0.058
9.3,9.3,0.5,0.5,0.064
9.3,9.3,0.6,0.6,0.102
9.3,9.3,0.7,0.7,0.106
9.3,9.3,0.8,0.8,0.096
9.3,9.3,0.9,0.9,0.14
9.3,9.3,1.0,1.0,0.142
9.3,9.3,1.1,1.1,0.14
9.3,9.3,1.2,1.2,0.16
9.3,9.3,1.3,1.3,0.194
9.3,9.3,1.4,1.4,0.216
9.3,9.3,1.5,1.5,0.212
9.3,9.3,1.6,1.6,0.196
9.3,9.3,1.7,1.7,0.228
9.3,9.3,1.8,1.8,0.252
9.3,9.3,1.9,1.9,0.256
9.3,9.3,2.0,2.0,0.25
9.3,9.3,2.1,2.1,0.276
9.3,9.3,2.2,2.2,0.266
9.3,9.3,2.3,2.3,0.272
9.3,9.3,2.4,2.4,0.28
9.3,9.3,2.5,2.5,0.31
9.3,9.3,2.6,2.6,0.318
9.3,9.3,2.7,2.7,0.324
9.3,9.3,2.8,2.8,0.338
9.3,9.3,2.9,2.9,0.31
9.3,9.3,3.0,3.0,0.338
9.3,9.3,3.1,3.1,0.368
9.3,9.3,3.2,3.2,0.336
9.3,9.3,3.3,3.3,0.374
9.3,9.3,3.4,3.4,0.408
9.3,9.3,3.5,3.5,0.396
9.3,9.3,3.6,3.6,0.388
9.3,9.3,3.7,3.7,0.376
9.3,9.3,3.8,3.8,0.42
9.3,9.3,3.9,3.9,0.418
9.3,9.3,4.0,4.0,0.442
9.3,9.3,4.1,4.1,0.432
9.3,9.3,4.2,4.2,0.434
9.3,9.3,4.3,4.3,0.468
9.3,9.3,4.4,4.4,0.47
9.3,9.3,4.5,4.5,0.466
9.3,9.3,4.6,4.6,0.528
9.3,9.3,4.7,4.7,0.528
9.3,9.3,4.8,4.8,0.472
9.3,9.3,4.9,4.9,0.52
9.3,9.3,5.0,5.0,0.498
9.3,9.3,5.1,5.1,0.524
9.3,9.3,5.2,5.2,0.532
9.3,9.3,5.3,5.3,0.562
9.3,9.3,5.4,5.4,0.526
9.3,9.3,5.5,5.5,0.56
9.3,9.3,5.6,5.6,0.532
9.3,9.3,5.7,5.7,0.582
9.3,9.3,5.8,5.8,0.53
9.3,9.3,5.9,5.9,0.562
9.3,9.3,6.0,6.0,0.542
9.3,9.3,6.1,6.1,0.55
9.3,9.3,6.2,6.2,0.578
9.3,9.3,6.3,6.3,0.608
9.3,9.3,6.4,6.4,0.588
9.3,9.3,6.5,6.5,0.57
9.3,9.3,6.6,6.6,0.606
9.3,9.3,6.7,6.7,0.59
9.3,9.3,6.8,6.8,0.63
9.3,9.3,6.9,6.9,0.618
9.3,9.3,7.0,7.0,0.604
9.3,9.3,7.1,7.1,0.63
9.3,9.3,7.2,7.2,0.592
9.3,9.3,7.3,7.3,0.646
9.3,9.3,7.4,7.4,0.634
9.3,9.3,7.5,7.5,0.65
9.3,9.3,7.6,7.6,0.612
9.3,9.3,7.7,7.7,0.66
9.3,9.3,7.8,7.8,0.614
9.3,9.3,7.9,7.9,0.67
9.3,9.3,8.0,8.0,0.668
9.3,9.3,8.1,8.1,0.668
9.3,9.3,8.2,8.2,0.66
9.3,9.3,8.3,8.3,0.682
9.3,9.3,8.4,8.4,0.638
9.3,9.3,8.5,8.5,0.662
9.3,9.3,8.6,8.6,0.696
9.3,9.3,8.7,8.7,0.668
9.3,9.3,8.8,8.8,0.656
9.3,9.3,8.9,8.9,0.676
9.3,9.3,9.0,9.0,0.668
9.3,9.3,9.1,9.1,0.702
9.3,9.3,9.2,9.2,0.702
9.3,9.3,9.3,9.3,0.688
9.3,9.3,9.4,9.4,0.694
9.3,9.3,9.5,9.5,0.728
9.3,9.3,9.6,9.6,0.692
9.3,9.3,9.7,9.7,0.688
9.3,9.3,9.8,9.8,0.746
9.3,9.3,9.9,9.9,0.728
9.3,9.3,10.0,10.0,0.736
9.3,9.3,10.1,10.1,0.674
9.3,9.3,10.2,10.2,0.686
9.3,9.3,10.3,10.3,0.702
9.3,9.3,10.4,10.4,0.726
9.3,9.3,10.5,10.5,0.726
9.3,9.3,10.6,10.6,0.71
9.3,9.3,10.7,10.7,0.714
9.3,9.3,10.8,10.8,0.714
9.3,9.3,10.9,10.9,0.716
9.3,9.3,11.0,11.0,0.744
9.3,9.3,11.1,11.1,0.738
9.3,9.3,11.2,11.2,0.782
9.3,9.3,11.3,11.3,0.736
9.3,9.3,11.4,11.4,0.772
9.3,9.3,11.5,11.5,0.724
9.3,9.3,11.6,11.6,0.75
9.3,9.3,11.7,11.7,0.706
9.3,9.3,11.8,11.8,0.734
9.3,9.3,11.9,11.9,0.77
9.3,9.3,12.0,12.0,0.732
9.3,9.3,12.1,12.1,0.688
9.3,9.3,12.2,12.2,0.738
9.3,9.3,12.3,12.3,0.734
9.3,9.3,12.4,12.4,0.756
9.3,9.3,12.5,12.5,0.716
9.3,9.3,12.6,12.6,0.754
9.3,9.3,12.7,12.7,0.782
9.3,9.3,12.8,12.8,0.77
9.3,9.3,12.9,12.9,0.798
9.3,9.3,13.0,13.0,0.77
9.3,9.3,13.1,13.1,0.774
9.3,9.3,13.2,13.2,0.76
9.3,9.3,13.3,13.3,0.714
9.3,9.3,13.4,13.4,0.758
9.3,9.3,13.5,13.5,0.74
9.3,9.3,13.6,13.6,0.768
9.3,9.3,13.7,13.7,0.756
9.3,9.3,13.8,13.8,0.754
9.3,9.3,13.9,13.9,0.76
9.3,9.3,14.0,14.0,0.744
9.3,9.3,14.1,14.1,0.75
9.3,9.3,14.2,14.2,0.786
9.3,9.3,14.3,14.3,0.764
9.3,9.3,14.4,14.4,0.776
9.3,9.3,14.5,14.5,0.77
9.3,9.3,14.6,14.6,0.762
9.3,9.3,14.7,14.7,0.778
9.3,9.3,14.8,14.8,0.778
9.3,9.3,14.9,14.9,0.768
9.3,9.3,15.0,15.0,0.752
9.3,9.3,15.1,15.1,0.76
9.4,9.4,0.1,0.1,0.05
9.4,9.4,0.2,0.2,0.034
9.4,9.4,0.3,0.3,0.058
9.4,9.4,0.4,0.4,0.088
9.4,9.4,0.5,0.5,0.092
9.4,9.4,0.6,0.6,0.074
9.4,9.4,0.7,0.7,0.112
9.4,9.4,0.8,0.8,0.094
9.4,9.4,0.9,0.9,0.124
9.4,9.4,1.0,1.0,0.15
9.4,9.4,1.1,1.1,0.146
9.4,9.4,1.2,1.2,0.152
9.4,9.4,1.3,1.3,0.166
9.4,9.4,1.4,1.4,0.204
9.4,9.4,1.5,1.5,0.22
9.4,9.4,1.6,1.6,0.206
9.4,9.4,1.7,1.7,0.204
9.4,9.4,1.8,1.8,0.244
9.4,9.4,1.9,1.9,0.24
9.4,9.4,2.0,2.0,0.236
9.4,9.4,2.1,2.1,0.238
9.4,9.4,2.2,2.2,0.252
9.4,9.4,2.3,2.3,0.284
9.4,9.4,2.4,2.4,0.276
9.4,9.4,2.5,2.5,0.328
9.4,9.4,2.6,2.6,0.318
9.4,9.4,2.7,2.7,0.334
9.4,9.4,2.8,2.8,0.358
9.4,9.4,2.9,2.9,0.322
9.4,9.4,3.0,3.0,0.356
9.4,9.4,3.1,3.1,0.334
9.4,9.4,3.2,3.2,0.362
9.4,9.4,3.3,3.3,0.356
9.4,9.4,3.4,3.4,0.376
9.4,9.4,3.5,3.5,0.392
9.4,9.4,3.6,3.6,0.394
9.4,9.4,3.7,3.7,0.438
9.4,9.4,3.8,3.8,0.402
9.4,9.4,3.9,3.9,0.438
9.4,9.4,4.0,4.0,0.398
9.4,9.4,4.1,4.1,0.416
9.4,9.4,4.2,4.2,0.438
9.4,9.4,4.3,4.3,0.426
9.4,9.4,4.4,4.4,0.432
9.4,9.4,4.5,4.5,0.498
9.4,9.4,4.6,4.6,0.498
9.4,9.4,4.7,4.7,0.488
9.4,9.4,4.8,4.8,0.474
9.4,9.4,4.9,4.9,0.502
9.4,9.4,5.0,5.0,0.502
9.4,9.4,5.1,5.1,0.502
9.4,9.4,5.2,5.2,0.538
9.4,9.4,5.3,5.3,0.508
9.4,9.4,5.4,5.4,0.528
9.4,9.4,5.5,5.5,0.518
9.4,9.4,5.6,5.6,0.528
9.4,9.4,5.7,5.7,0.54
9.4,9.4,5.8,5.8,0.534
9.4,9.4,5.9,5.9,0.542
9.4,9.4,6.0,6.0,0.546
9.4,9.4,6.1,6.1,0.546
9.4,9.4,6.2,6.2,0.568
9.4,9.4,6.3,6.3,0.606
9.4,9.4,6.4,6.4,0.562
9.4,9.4,6.5,6.5,0.544
9.4,9.4,6.6,6.6,0.616
9.4,9.4,6.7,6.7,0.544
9.4,9.4,6.8,6.8,0.592
9.4,9.4,6.9,6.9,0.612
9.4,9.4,7.0,7.0,0.572
9.4,9.4,7.1,7.1,0.608
9.4,9.4,7.2,7.2,0.634
9.4,9.4,7.3,7.3,0.602
9.4,9.4,7.4,7.4,0.622
9.4,9.4,7.5,7.5,0.648
9.4,9.4,7.6,7.6,0.63
9.4,9.4,7.7,7.7,0.65
9.4,9.4,7.8,7.8,0.634
9.4,9.4,7.9,7.9,0.648
9.4,9.4,8.0,8.0,0.63
9.4,9.4,8.1,8.1,0.626
9.4,9.4,8.2,8.2,0.666
9.4,9.4,8.3,8.3,0.676
9.4,9.4,8.4,8.4,0.684
9.4,9.4,8.5,8.5,0.678
9.4,9.4,8.6,8.6,0.648
9.4,9.4,8.7,8.7,0.724
9.4,9.4,8.8,8.8,0.712
9.4,9.4,8.9,8.9,0.708
9.4,9.4,9.0,9.0,0.678
9.4,9.4,9.1,9.1,0.672
9.4,9.4,9.2,9.2,0.672
9.4,9.4,9.3,9.3,0.716
9.4,9.4,9.4,9.4,0.692
9.4,9.4,9.5,9.5,0.714
9.4,9.4,9.6,9.6,0.66
9.4,9.4,9.7,9.7,0.694
9.4,9.4,9.8,9.8,0.69
9.4,9.4,9.9,9.9,0.71
9.4,9.4,10.0,10.0,0.726
9.4,9.4,10.1,10.1,0.718
9.4,9.4,10.2,10.2,0.726
9.4,9.4,10.3,10.3,0.746
9.4,9.4,10.4,10.4,0.73
9.4,9.4,10.5,10.5,0.714
9.4,9.4,10.6,10.6,0.708
9.4,9.4,10.7,10.7,0.766
9.4,9.4,10.8,10.8,0.748
9.4,9.4,10.9,10.9,0.698
9.4,9.4,11.0,11.0,0.75
9.4,9.4,11.1,11.1,0.716
9.4,9.4,11.2,11.2,0.682
9.4,9.4,11.3,11.3,0.724
9.4,9.4,11.4,11.4,0.73
9.4,9.4,11.5,11.5,0.736
9.4,9.4,11.6,11.6,0.758
9.4,9.4,11.7,11.7,0.74
9.4,9.4,11.8,11.8,0.736
9.4,9.4,11.9,11.9,0.724
9.4,9.4,12.0,12.0,0.764
9.4,9.4,12.1,12.1,0.756
9.4,9.4,12.2,12.2,0.76
9.4,9.4,12.3,12.3,0.728
9.4,9.4,12.4,12.4,0.746
9.4,9.4,12.5,12.5,0.74
9.4,9.4,12.6,12.6,0.728
9.4,9.4,12.7,12.7,0.716
9.4,9.4,12.8,12.8,0.764
9.4,9.4,12.9,12.9,0.772
9.4,9.4,13.0,13.0,0.79
9.4,9.4,13.1,13.1,0.768
9.4,9.4,13.2,13.2,0.752
9.4,9.4,13.3,13.3,0.782
9.4,9.4,13.4,13.4,0.756
9.4,9.4,13.5,13.5,0.744
9.4,9.4,13.6,13.6,0.756
9.4,9.4,13.7,13.7,0.752
9.4,9.4,13.8,13.8,0.76
9.4,9.4,13.9,13.9,0.764
9.4,9.4,14.0,14.0,0.754
9.4,9.4,14.1,14.1,0.748
9.4,9.4,14.2,14.2,0.758
9.4,9.4,14.3,14.3,0.734
9.4,9.4,14.4,14.4,0.754
9.4,9.4,14.5,14.5,0.75
9.4,9.4,14.6,14.6,0.748
9.4,9.4,14.7,14.7,0.778
9.4,9.4,14.8,14.8,0.744
9.4,9.4,14.9,14.9,0.782
9.4,9.4,15.0,15.0,0.776
9.4,9.4,15.1,15.1,0.752
9.5,9.5,0.1,0.1,0.034
9.5,9.5,0.2,0.2,0.042
9.5,9.5,0.3,0.3,0.078
9.5,9.5,0.4,0.4,0.062
9.5,9.5,0.5,0.5,0.078
9.5,9.5,0.6,0.6,0.104
9.5,9.5,0.7,0.7,0.116
9.5,9.5,0.8,0.8,0.116
9.5,9.5,0.9,0.9,0.126
9.5,9.5,1.0,1.0,0.138
9.5,9.5,1.1,1.1,0.178
9.5,9.5,1.2,1.2,0.156
9.5,9.5,1.3,1.3,0.172
9.5,9.5,1.4,1.4,0.16
9.5,9.5,1.5,1.5,0.198
9.5,9.5,1.6,1.6,0.218
9.5,9.5,1.7,1.7,0.24
9.5,9.5,1.8,1.8,0.232
9.5,9.5,1.9,1.9,0.258
9.5,9.5,2.0,2.0,0.216
9.5,9.5,2.1,2.1,0.232
9.5,9.5,2.2,2.2,0.308
9.5,9.5,2.3,2.3,0.248
9.5,9.5,2.4,2.4,0.312
9.5,9.5,2.5,2.5,0.306
9.5,9.5,2.6,2.6,0.288
9.5,9.5,2.7,2.7,0.326
9.5,9.5,2.8,2.8,0.308
9.5,9.5,2.9,2.9,0.33
9.5,9.5,3.0,3.0,0.346
9.5,9.5,3.1,3.1,0.322
9.5,9.5,3.2,3.2,0.36
9.5,9.5,3.3,3.3,0.36
9.5,9.5,3.4,3.4,0.38
9.5,9.5,3.5,3.5,0.41
9.5,9.5,3.6,3.6,0.426
9.5,9.5,3.7,3.7,0.42
9.5,9.5,3.8,3.8,0.43
9.5,9.5,3.9,3.9,0.46
9.5,9.5,4.0,4.0,0.406
9.5,9.5,4.1,4.1,0.418
9.5,9.5,4.2,4.2,0.426
9.5,9.5,4.3,4.3,0.474
9.5,9.5,4.4,4.4,0.44
9.5,9.5,4.5,4.5,0.444
9.5,9.5,4.6,4.6,0.434
9.5,9.5,4.7,4.7,0.5
9.5,9.5,4.8,4.8,0.488
9.5,9.5,4.9,4.9,0.5
9.5,9.5,5.0,5.0,0.518
9.5,9.5,5.1,5.1,0.494
9.5,9.5,5.2,5.2,0.512
9.5,9.5,5.3,5.3,0.512
9.5,9.5,5.4,5.4,0.486
9.5,9.5,5.5,5.5,0.532
9.5,9.5,5.6,5.6,0.55
9.5,9.5,5.7,5.7,0.54
9.5,9.5,5.8,5.8,0.544
9.5,9.5,5.9,5.9,0.568
9.5,9.5,6.0,6.0,0.536
9.5,9.5,6.1,6.1,0.514
9.5,9.5,6.2,6.2,0.554
9.5,9.5,6.3,6.3,0.574
9.5,9.5,6.4,6.4,0.534
9.5,9.5,6.5,6.5,0.608
9.5,9.5,6.6,6.6,0.58
9.5,9.5,6.7,6.7,0.582
9.5,9.5,6.8,6.8,0.59
9.5,9.5,6.9,6.9,0.586
9.5,9.5,7.0,7.0,0.614
9.5,9.5,7.1,7.1,0.622
9.5,9.5,7.2,7.2,0.604
9.5,9.5,7.3,7.3,0.604
9.5,9.5,7.4,7.4,0.614
9.5,9.5,7.5,7.5,0.616
9.5,9.5,7.6,7.6,0.668
9.5,9.5,7.7,7.7,0.636
9.5,9.5,7.8,7.8,0.64
9.5,9.5,7.9,7.9,0.634
9.5,9.5,8.0,8.0,0.67
9.5,9.5,8.1,8.1,0.654
9.5,9.5,8.2,8.2,0.626
9.5,9.5,8.3,8.3,0.652
9.5,9.5,8.4,8.4,0.662
9.5,9.5,8.5,8.5,0.654
9.5,9.5,8.6,8.6,0.652
9.5,9.5,8.7,8.7,0.69
9.5,9.5,8.8,8.8,0.666
9.5,9.5,8.9,8.9,0.642
9.5,9.5,9.0,9.0,0.688
9.5,9.5,9.1,9.1,0.714
9.5,9.5,9.2,9.2,0.712
9.5,9.5,9.3,9.3,0.696
9.5,9.5,9.4,9.4,0.694
9.5,9.5,9.5,9.5,0.714
9.5,9.5,9.6,9.6,0.662
9.5,9.5,9.7,9.7,0.728
9.5,9.5,9.8,9.8,0.688
9.5,9.5,9.9,9.9,0.662
9.5,9.5,10.0,10.0,0.702
9.5,9.5,10.1,10.1,0.7
9.5,9.5,10.2,10.2,0.692
9.5,9.5,10.3,10.3,0.69
9.5,9.5,10.4,10.4,0.704
9.5,9.5,10.5,10.5,0.706
9.5,9.5,10.6,10.6,0.72
9.5,9.5,10.7,10.7,0.724
9.5,9.5,10.8,10.8,0.724
9.5,9.5,10.9,10.9,0.726
9.5,9.5,11.0,11.0,0.728
9.5,9.5,11.1,11.1,0.732
9.5,9.5,11.2,11.2,0.73
9.5,9.5,11.3,11.3,0.74
9.5,9.5,11.4,11.4,0.73
9.5,9.5,11.5,11.5,0.744
9.5,9.5,11.6,11.6,0.73
9.5,9.5,11.7,11.7,0.76
9.5,9.5,11.8,11.8,0.724
9.5,9.5,11.9,11.9,0.744
9.5,9.5,12.0,12.0,0.738
9.5,9.5,12.1,12.1,0.75
9.5,9.5,12.2,12.2,0.724
9.5,9.5,12.3,12.3,0.724
9.5,9.5,12.4,12.4,0.738
9.5,9.5,12.5,12.5,0.72
9.5,9.5,12.6,12.6,0.718
9.5,9.5,12.7,12.7,0.738
9.5,9.5,12.8,12.8,0.786
9.5,9.5,12.9,12.9,0.744
9.5,9.5,13.0,13.0,0.774
9.5,9.5,13.1,13.1,0.758
9.5,9.5,13.2,13.2,0.762
9.5,9.5,13.3,13.3,0.734
9.5,9.5,13.4,13.4,0.766
9.5,9.5,13.5,13.5,0.758
9.5,9.5,13.6,13.6,0.732
9.5,9.5,13.7,13.7,0.752
9.5,9.5,13.8,13.8,0.796
9.5,9.5,13.9,13.9,0.728
9.5,9.5,14.0,14.0,0.758
9.5,9.5,14.1,14.1,0.752
9.5,9.5,14.2,14.2,0.752
9.5,9.5,14.3,14.3,0.75
9.5,9.5,14.4,14.4,0.744
9.5,9.5,14.5,14.5,0.764
9.5,9.5,14.6,14.6,0.77
9.5,9.5,14.7,14.7,0.764
9.5,9.5,14.8,14.8,0.788
9.5,9.5,14.9,14.9,0.786
9.5,9.5,15.0,15.0,0.742
9.5,9.5,15.1,15.1,0.77
9.6,9.6,0.1,0.1,0.048
9.6,9.6,0.2,0.2,0.048
9.6,9.6,0.3,0.3,0.054
9.6,9.6,0.4,0.4,0.078
9.6,9.6,0.5,0.5,0.098
9.6,9.6,0.6,0.6,0.076
9.6,9.6,0.7,0.7,0.104
9.6,9.6,0.8,0.8,0.1
9.6,9.6,0.9,0.9,0.112
9.6,9.6,1.0,1.0,0.118
9.6,9.6,1.1,1.1,0.106
9.6,9.6,1.2,1.2,0.192
9.6,9.6,1.3,1.3,0.186
9.6,9.6,1.4,1.4,0.192
9.6,9.6,1.5,1.5,0.186
9.6,9.6,1.6,1.6,0.188
9.6,9.6,1.7,1.7,0.236
9.6,9.6,1.8,1.8,0.218
9.6,9.6,1.9,1.9,0.248
9.6,9.6,2.0,2.0,0.266
9.6,9.6,2.1,2.1,0.252
9.6,9.6,2.2,2.2,0.292
9.6,9.6,2.3,2.3,0.294
9.6,9.6,2.4,2.4,0.262
9.6,9.6,2.5,2.5,0.322
9.6,9.6,2.6,2.6,0.288
9.6,9.6,2.7,2.7,0.354
9.6,9.6,2.8,2.8,0.3
9.6,9.6,2.9,2.9,0.334
9.6,9.6,3.0,3.0,0.344
9.6,9.6,3.1,3.1,0.334
9.6,9.6,3.2,3.2,0.334
9.6,9.6,3.3,3.3,0.36
9.6,9.6,3.4,3.4,0.37
9.6,9.6,3.5,3.5,0.364
9.6,9.6,3.6,3.6,0.386
9.6,9.6,3.7,3.7,0.422
9.6,9.6,3.8,3.8,0.438
9.6,9.6,3.9,3.9,0.4
9.6,9.6,4.0,4.0,0.446
9.6,9.6,4.1,4.1,0.416
9.6,9.6,4.2,4.2,0.462
9.6,9.6,4.3,4.3,0.378
9.6,9.6,4.4,4.4,0.418
9.6,9.6,4.5,4.5,0.48
9.6,9.6,4.6,4.6,0.43
9.6,9.6,4.7,4.7,0.496
9.6,9.6,4.8,4.8,0.482
9.6,9.6,4.9,4.9,0.498
9.6,9.6,5.0,5.0,0.496
9.6,9.6,5.1,5.1,0.498
9.6,9.6,5.2,5.2,0.53
9.6,9.6,5.3,5.3,0.478
9.6,9.6,5.4,5.4,0.508
9.6,9.6,5.5,5.5,0.534
9.6,9.6,5.6,5.6,0.494
9.6,9.6,5.7,5.7,0.562
9.6,9.6,5.8,5.8,0.536
9.6,9.6,5.9,5.9,0.526
9.6,9.6,6.0,6.0,0.508
9.6,9.6,6.1,6.1,0.568
9.6,9.6,6.2,6.2,0.596
9.6,9.6,6.3,6.3,0.578
9.6,9.6,6.4,6.4,0.57
9.6,9.6,6.5,6.5,0.56
9.6,9.6,6.6,6.6,0.58
9.6,9.6,6.7,6.7,0.592
9.6,9.6,6.8,6.8,0.546
9.6,9.6,6.9,6.9,0.606
9.6,9.6,7.0,7.0,0.592
9.6,9.6,7.1,7.1,0.584
9.6,9.6,7.2,7.2,0.638
9.6,9.6,7.3,7.3,0.632
9.6,9.6,7.4,7.4,0.622
9.6,9.6,7.5,7.5,0.614
9.6,9.6,7.6,7.6,0.624
9.6,9.6,7.7,7.7,0.638
9.6,9.6,7.8,7.8,0.656
9.6,9.6,7.9,7.9,0.602
9.6,9.6,8.0,8.0,0.62
9.6,9.6,8.1,8.1,0.66
9.6,9.6,8.2,8.2,0.672
9.6,9.6,8.3,8.3,0.658
9.6,9.6,8.4,8.4,0.69
9.6,9.6,8.5,8.5,0.66
9.6,9.6,8.6,8.6,0.668
9.6,9.6,8.7,8.7,0.652
9.6,9.6,8.8,8.8,0.662
9.6,9.6,8.9,8.9,0.678
9.6,9.6,9.0,9.0,0.662
9.6,9.6,9.1,9.1,0.652
9.6,9.6,9.2,9.2,0.674
9.6,9.6,9.3,9.3,0.702
9.6,9.6,9.4,9.4,0.682
9.6,9.6,9.5,9.5,0.678
9.6,9.6,9.6,9.6,0.704
9.6,9.6,9.7,9.7,0.724
9.6,9.6,9.8,9.8,0.708
9.6,9.6,9.9,9.9,0.706
9.6,9.6,10.0,10.0,0.674
9.6,9.6,10.1,10.1,0.696
9.6,9.6,10.2,10.2,0.706
9.6,9.6,10.3,10.3,0.692
9.6,9.6,10.4,10.4,0.706
9.6,9.6,10.5,10.5,0.726
9.6,9.6,10.6,10.6,0.702
9.6,9.6,10.7,10.7,0.686
9.6,9.6,10.8,10.8,0.72
9.6,9.6,10.9,10.9,0.756
9.6,9.6,11.0,11.0,0.714
9.6,9.6,11.1,11.1,0.724
9.6,9.6,11.2,11.2,0.744
9.6,9.6,11.3,11.3,0.766
9.6,9.6,11.4,11.4,0.738
9.6,9.6,11.5,11.5,0.722
9.6,9.6,11.6,11.6,0.772
9.6,9.6,11.7,11.7,0.722
9.6,9.6,11.8,11.8,0.744
9.6,9.6,11.9,11.9,0.702
9.6,9.6,12.0,12.0,0.768
9.6,9.6,12.1,12.1,0.718
9.6,9.6,12.2,12.2,0.758
9.6,9.6,12.3,12.3,0.758
9.6,9.6,12.4,12.4,0.766
9.6,9.6,12.5,12.5,0.74
9.6,9.6,12.6,12.6,0.73
9.6,9.6,12.7,12.7,0.752
9.6,9.6,12.8,12.8,0.76
9.6,9.6,12.9,12.9,0.74
9.6,9.6,13.0,13.0,0.768
9.6,9.6,13.1,13.1,0.738
9.6,9.6,13.2,13.2,0.784
9.6,9.6,13.3,13.3,0.762
9.6,9.6,13.4,13.4,0.754
9.6,9.6,13.5,13.5,0.734
9.6,9.6,13.6,13.6,0.762
9.6,9.6,13.7,13.7,0.76
9.6,9.6,13.8,13.8,0.736
9.6,9.6,13.9,13.9,0.762
9.6,9.6,14.0,14.0,0.8
9.6,9.6,14.1,14.1,0.744
9.6,9.6,14.2,14.2,0.766
9.6,9.6,14.3,14.3,0.792
9.6,9.6,14.4,14.4,0.768
9.6,9.6,14.5,14.5,0.764
9.6,9.6,14.6,14.6,0.748
9.6,9.6,14.7,14.7,0.76
9.6,9.6,14.8,14.8,0.772
9.6,9.6,14.9,14.9,0.748
9.6,9.6,15.0,15.0,0.778
9.6,9.6,15.1,15.1,0.762
9.7,9.7,0.1,0.1,0.064
9.7,9.7,0.2,0.2,0.056
9.7,9.7,0.3,0.3,0.064
9.7,9.7,0.4,0.4,0.064
9.7,9.7,0.5,0.5,0.09
9.7,9.7,0.6,0.6,0.096
9.7,9.7,0.7,0.7,0.088
9.7,9.7,0.8,0.8,0.146
9.7,9.7,0.9,0.9,0.146
9.7,9.7,1.0,1.0,0.148
9.7,9.7,1.1,1.1,0.156
9.7,9.7,1.2,1.2,0.132
9.7,9.7,1.3,1.3,0.146
9.7,9.7,1.4,1.4,0.202
9.7,9.7,1.5,1.5,0.198
9.7,9.7,1.6,1.6,0.202
9.7,9.7,1.7,1.7,0.214
9.7,9.7,1.8,1.8,0.248
9.7,9.7,1.9,1.9,0.24
9.7,9.7,2.0,2.0,0.264
9.7,9.7,2.1,2.1,0.218
9.7,9.7,2.2,2.2,0.256
9.7,9.7,2.3,2.3,0.306
9.7,9.7,2.4,2.4,0.292
9.7,9.7,2.5,2.5,0.304
9.7,9.7,2.6,2.6,0.296
9.7,9.7,2.7,2.7,0.312
9.7,9.7,2.8,2.8,0.304
9.7,9.7,2.9,2.9,0.288
9.7,9.7,3.0,3.0,0.336
9.7,9.7,3.1,3.1,0.368
9.7,9.7,3.2,3.2,0.364
9.7,9.7,3.3,3.3,0.328
9.7,9.7,3.4,3.4,0.418
9.7,9.7,3.5,3.5,0.378
9.7,9.7,3.6,3.6,0.374
9.7,9.7,3.7,3.7,0.402
9.7,9.7,3.8,3.8,0.418
9.7,9.7,3.9,3.9,0.42
9.7,9.7,4.0,4.0,0.422
9.7,9.7,4.1,4.1,0.402
9.7,9.7,4.2,4.2,0.412
9.7,9.7,4.3,4.3,0.434
9.7,9.7,4.4,4.4,0.432
9.7,9.7,4.5,4.5,0.454
9.7,9.7,4.6,4.6,0.466
9.7,9.7,4.7,4.7,0.492
9.7,9.7,4.8,4.8,0.494
9.7,9.7,4.9,4.9,0.494
9.7,9.7,5.0,5.0,0.494
9.7,9.7,5.1,5.1,0.506
9.7,9.7,5.2,5.2,0.466
9.7,9.7,5.3,5.3,0.536
9.7,9.7,5.4,5.4,0.504
9.7,9.7,5.5,5.5,0.516
9.7,9.7,5.6,5.6,0.524
9.7,9.7,5.7,5.7,0.56
9.7,9.7,5.8,5.8,0.564
9.7,9.7,5.9,5.9,0.558
9.7,9.7,6.0,6.0,0.566
9.7,9.7,6.1,6.1,0.592
9.7,9.7,6.2,6.2,0.56
9.7,9.7,6.3,6.3,0.544
9.7,9.7,6.4,6.4,0.566
9.7,9.7,6.5,6.5,0.58
9.7,9.7,6.6,6.6,0.604
9.7,9.7,6.7,6.7,0.578
9.7,9.7,6.8,6.8,0.568
9.7,9.7,6.9,6.9,0.626
9.7,9.7,7.0,7.0,0.576
9.7,9.7,7.1,7.1,0.612
9.7,9.7,7.2,7.2,0.6
9.7,9.7,7.3,7.3,0.612
9.7,9.7,7.4,7.4,0.622
9.7,9.7,7.5,7.5,0.566
9.7,9.7,7.6,7.6,0.594
9.7,9.7,7.7,7.7,0.626
9.7,9.7,7.8,7.8,0.616
9.7,9.7,7.9,7.9,0.628
9.7,9.7,8.0,8.0,0.646
9.7,9.7,8.1,8.1,0.688
9.7,9.7,8.2,8.2,0.64
9.7,9.7,8.3,8.3,0.656
9.7,9.7,8.4,8.4,0.652
9.7,9.7,8.5,8.5,0.604
9.7,9.7,8.6,8.6,0.668
9.7,9.7,8.7,8.7,0.628
9.7,9.7,8.8,8.8,0.678
9.7,9.7,8.9,8.9,0.656
9.7,9.7,9.0,9.0,0.654
9.7,9.7,9.1,9.1,0.694
9.7,9.7,9.2,9.2,0.642
9.7,9.7,9.3,9.3,0.696
9.7,9.7,9.4,9.4,0.664
9.7,9.7,9.5,9.5,0.692
9.7,9.7,9.6,9.6,0.712
9.7,9.7,9.7,9.7,0.732
9.7,9.7,9.8,9.8,0.728
9.7,9.7,9.9,9.9,0.71
9.7,9.7,10.0,10.0,0.726
9.7,9.7,10.1,10.1,0.704
9.7,9.7,10.2,10.2,0.706
9.7,9.7,10.3,10.3,0.682
9.7,9.7,10.4,10.4,0.716
9.7,9.7,10.5,10.5,0.746
9.7,9.7,10.6,10.6,0.71
9.7,9.7,10.7,10.7,0.68
9.7,9.7,10.8,10.8,0.71
9.7,9.7,10.9,10.9,0.702
9.7,9.7,11.0,11.0,0.708
9.7,9.7,11.1,11.1,0.744
9.7,9.7,11.2,11.2,0.708
9.7,9.7,11.3,11.3,0.688
9.7,9.7,11.4,11.4,0.714
9.7,9.7,11.5,11.5,0.752
9.7,9.7,11.6,11.6,0.786
9.7,9.7,11.7,11.7,0.754
9.7,9.7,11.8,11.8,0.734
9.7,9.7,11.9,11.9,0.71
9.7,9.7,12.0,12.0,0.736
9.7,9.7,12.1,12.1,0.724
9.7,9.7,12.2,12.2,0.722
9.7,9.7,12.3,12.3,0.738
9.7,9.7,12.4,12.4,0.706
9.7,9.7,12.5,12.5,0.746
9.7,9.7,12.6,12.6,0.788
9.7,9.7,12.7,12.7,0.768
9.7,9.7,12.8,12.8,0.766
9.7,9.7,12.9,12.9,0.746
9.7,9.7,13.0,13.0,0.728
9.7,9.7,13.1,13.1,0.712
9.7,9.7,13.2,13.2,0.774
9.7,9.7,13.3,13.3,0.744
9.7,9.7,13.4,13.4,0.742
9.7,9.7,13.5,13.5,0.756
9.7,9.7,13.6,13.6,0.766
9.7,9.7,13.7,13.7,0.782
9.7,9.7,13.8,13.8,0.738
9.7,9.7,13.9,13.9,0.782
9.7,9.7,14.0,14.0,0.78
9.7,9.7,14.1,14.1,0.746
9.7,9.7,14.2,14.2,0.788
9.7,9.7,14.3,14.3,0.746
9.7,9.7,14.4,14.4,0.794
9.7,9.7,14.5,14.5,0.764
9.7,9.7,14.6,14.6,0.77
9.7,9.7,14.7,14.7,0.77
9.7,9.7,14.8,14.8,0.762
9.7,9.7,14.9,14.9,0.76
9.7,9.7,15.0,15.0,0.734
9.7,9.7,15.1,15.1,0.738
9.8,9.8,0.1,0.1,0.064
9.8,9.8,0.2,0.2,0.04
9.8,9.8,0.3,0.3,0.048
9.8,9.8,0.4,0.4,0.08
9.8,9.8,0.5,0.5,0.082
9.8,9.8,0.6,0.6,0.106
9.8,9.8,0.7,0.7,0.112
9.8,9.8,0.8,0.8,0.102
9.8,9.8,0.9,0.9,0.12
9.8,9.8,1.0,1.0,0.154
9.8,9.8,1.1,1.1,0.162
9.8,9.8,1.2,1.2,0.148
9.8,9.8,1.3,1.3,0.174
9.8,9.8,1.4,1.4,0.168
9.8,9.8,1.5,1.5,0.178
9.8,9.8,1.6,1.6,0.2
9.8,9.8,1.7,1.7,0.214
9.8,9.8,1.8,1.8,0.21
9.8,9.8,1.9,1.9,0.244
9.8,9.8,2.0,2.0,0.24
9.8,9.8,2.1,2.1,0.262
9.8,9.8,2.2,2.2,0.252
9.8,9.8,2.3,2.3,0.28
9.8,9.8,2.4,2.4,0.316
9.8,9.8,2.5,2.5,0.322
9.8,9.8,2.6,2.6,0.308
9.8,9.8,2.7,2.7,0.322
9.8,9.8,2.8,2.8,0.314
9.8,9.8,2.9,2.9,0.338
9.8,9.8,3.0,3.0,0.342
9.8,9.8,3.1,3.1,0.336
9.8,9.8,3.2,3.2,0.36
9.8,9.8,3.3,3.3,0.38
9.8,9.8,3.4,3.4,0.384
9.8,9.8,3.5,3.5,0.358
9.8,9.8,3.6,3.6,0.392
9.8,9.8,3.7,3.7,0.386
9.8,9.8,3.8,3.8,0.424
9.8,9.8,3.9,3.9,0.426
9.8,9.8,4.0,4.0,0.376
9.8,9.8,4.1,4.1,0.436
9.8,9.8,4.2,4.2,0.382
9.8,9.8,4.3,4.3,0.42
9.8,9.8,4.4,4.4,0.434
9.8,9.8,4.5,4.5,0.428
9.8,9.8,4.6,4.6,0.494
9.8,9.8,4.7,4.7,0.476
9.8,9.8,4.8,4.8,0.448
9.8,9.8,4.9,4.9,0.484
9.8,9.8,5.0,5.0,0.488
9.8,9.8,5.1,5.1,0.484
9.8,9.8,5.2,5.2,0.476
9.8,9.8,5.3,5.3,0.484
9.8,9.8,5.4,5.4,0.478
9.8,9.8,5.5,5.5,0.514
9.8,9.8,5.6,5.6,0.516
9.8,9.8,5.7,5.7,0.55
9.8,9.8,5.8,5.8,0.572
9.8,9.8,5.9,5.9,0.554
9.8,9.8,6.0,6.0,0.562
9.8,9.8,6.1,6.1,0.51
9.8,9.8,6.2,6.2,0.55
9.8,9.8,6.3,6.3,0.562
9.8,9.8,6.4,6.4,0.536
9.8,9.8,6.5,6.5,0.59
9.8,9.8,6.6,6.6,0.546
9.8,9.8,6.7,6.7,0.562
9.8,9.8,6.8,6.8,0.574
9.8,9.8,6.9,6.9,0.596
9.8,9.8,7.0,7.0,0.63
9.8,9.8,7.1,7.1,0.586
9.8,9.8,7.2,7.2,0.594
9.8,9.8,7.3,7.3,0.626
9.8,9.8,7.4,7.4,0.556
9.8,9.8,7.5,7.5,0.6
9.8,9.8,7.6,7.6,0.626
9.8,9.8,7.7,7.7,0.606
9.8,9.8,7.8,7.8,0.612
9.8,9.8,7.9,7.9,0.64
9.8,9.8,8.0,8.0,0.692
9.8,9.8,8.1,8.1,0.658
9.8,9.8,8.2,8.2,0.624
9.8,9.8,8.3,8.3,0.632
9.8,9.8,8.4,8.4,0.668
9.8,9.8,8.5,8.5,0.614
9.8,9.8,8.6,8.6,0.63
9.8,9.8,8.7,8.7,0.696
9.8,9.8,8.8,8.8,0.692
9.8,9.8,8.9,8.9,0.698
9.8,9.8,9.0,9.0,0.658
9.8,9.8,9.1,9.1,0.682
9.8,9.8,9.2,9.2,0.652
9.8,9.8,9.3,9.3,0.672
9.8,9.8,9.4,9.4,0.718
9.8,9.8,9.5,9.5,0.64
9.8,9.8,9.6,9.6,0.668
9.8,9.8,9.7,9.7,0.7
9.8,9.8,9.8,9.8,0.696
9.8,9.8,9.9,9.9,0.69
9.8,9.8,10.0,10.0,0.712
9.8,9.8,10.1,10.1,0.744
9.8,9.8,10.2,10.2,0.692
9.8,9.8,10.3,10.3,0.704
9.8,9.8,10.4,10.4,0.68
9.8,9.8,10.5,10.5,0.694
9.8,9.8,10.6,10.6,0.718
9.8,9.8,10.7,10.7,0.708
9.8,9.8,10.8,10.8,0.686
9.8,9.8,10.9,10.9,0.7
9.8,9.8,11.0,11.0,0.72
9.8,9.8,11.1,11.1,0.702
9.8,9.8,11.2,11.2,0.712
9.8,9.8,11.3,11.3,0.754
9.8,9.8,11.4,11.4,0.744
9.8,9.8,11.5,11.5,0.736
9.8,9.8,11.6,11.6,0.692
9.8,9.8,11.7,11.7,0.72
9.8,9.8,11.8,11.8,0.734
9.8,9.8,11.9,11.9,0.722
9.8,9.8,12.0,12.0,0.734
9.8,9.8,12.1,12.1,0.754
9.8,9.8,12.2,12.2,0.752
9.8,9.8,12.3,12.3,0.768
9.8,9.8,12.4,12.4,0.706
9.8,9.8,12.5,12.5,0.728
9.8,9.8,12.6,12.6,0.754
9.8,9.8,12.7,12.7,0.75
9.8,9.8,12.8,12.8,0.75
9.8,9.8,12.9,12.9,0.742
9.8,9.8,13.0,13.0,0.736
9.8,9.8,13.1,13.1,0.76
9.8,9.8,13.2,13.2,0.73
9.8,9.8,13.3,13.3,0.744
9.8,9.8,13.4,13.4,0.764
9.8,9.8,13.5,13.5,0.742
9.8,9.8,13.6,13.6,0.77
9.8,9.8,13.7,13.7,0.776
9.8,9.8,13.8,13.8,0.776
9.8,9.8,13.9,13.9,0.722
9.8,9.8,14.0,14.0,0.718
9.8,9.8,14.1,14.1,0.764
9.8,9.8,14.2,14.2,0.724
9.8,9.8,14.3,14.3,0.774
9.8,9.8,14.4,14.4,0.776
9.8,9.8,14.5,14.5,0.802
9.8,9.8,14.6,14.6,0.728
9.8,9.8,14.7,14.7,0.78
9.8,9.8,14.8,14.8,0.742
9.8,9.8,14.9,14.9,0.72
9.8,9.8,15.0,15.0,0.782
9.8,9.8,15.1,15.1,0.796
9.9,9.9,0.1,0.1,0.054
9.9,9.9,0.2,0.2,0.06
9.9,9.9,0.3,0.3,0.06
9.9,9.9,0.4,0.4,0.07
9.9,9.9,0.5,0.5,0.08
9.9,9.9,0.6,0.6,0.084
9.9,9.9,0.7,0.7,0.11
9.9,9.9,0.8,0.8,0.134
9.9,9.9,0.9,0.9,0.126
9.9,9.9,1.0,1.0,0.122
9.9,9.9,1.1,1.1,0.178
9.9,9.9,1.2,1.2,0.16
9.9,9.9,1.3,1.3,0.186
9.9,9.9,1.4,1.4,0.168
9.9,9.9,1.5,1.5,0.196
9.9,9.9,1.6,1.6,0.184
9.9,9.9,1.7,1.7,0.25
9.9,9.9,1.8,1.8,0.248
9.9,9.9,1.9,1.9,0.244
9.9,9.9,2.0,2.0,0.226
9.9,9.9,2.1,2.1,0.266
9.9,9.9,2.2,2.2,0.24
9.9,9.9,2.3,2.3,0.272
9.9,9.9,2.4,2.4,0.28
9.9,9.9,2.5,2.5,0.272
9.9,9.9,2.6,2.6,0.284
9.9,9.9,2.7,2.7,0.33
9.9,9.9,2.8,2.8,0.324
9.9,9.9,2.9,2.9,0.31
9.9,9.9,3.0,3.0,0.32
9.9,9.9,3.1,3.1,0.358
9.9,9.9,3.2,3.2,0.312
9.9,9.9,3.3,3.3,0.35
9.9,9.9,3.4,3.4,0.35
9.9,9.9,3.5,3.5,0.374
9.9,9.9,3.6,3.6,0.402
9.9,9.9,3.7,3.7,0.388
9.9,9.9,3.8,3.8,0.408
9.9,9.9,3.9,3.9,0.398
9.9,9.9,4.0,4.0,0.408
9.9,9.9,4.1,4.1,0.416
9.9,9.9,4.2,4.2,0.376
9.9,9.9,4.3,4.3,0.474
9.9,9.9,4.4,4.4,0.418
9.9,9.9,4.5,4.5,0.438
9.9,9.9,4.6,4.6,0.442
9.9,9.9,4.7,4.7,0.41
9.9,9.9,4.8,4.8,0.448
9.9,9.9,4.9,4.9,0.486
9.9,9.9,5.0,5.0,0.494
9.9,9.9,5.1,5.1,0.478
9.9,9.9,5.2,5.2,0.5
9.9,9.9,5.3,5.3,0.554
9.9,9.9,5.4,5.4,0.498
9.9,9.9,5.5,5.5,0.504
9.9,9.9,5.6,5.6,0.484
9.9,9.9,5.7,5.7,0.536
9.9,9.9,5.8,5.8,0.564
9.9,9.9,5.9,5.9,0.518
9.9,9.9,6.0,6.0,0.578
9.9,9.9,6.1,6.1,0.518
9.9,9.9,6.2,6.2,0.548
9.9,9.9,6.3,6.3,0.55
9.9,9.9,6.4,6.4,0.548
9.9,9.9,6.5,6.5,0.584
9.9,9.9,6.6,6.6,0.566
9.9,9.9,6.7,6.7,0.584
9.9,9.9,6.8,6.8,0.584
9.9,9.9,6.9,6.9,0.578
9.9,9.9,7.0,7.0,0.64
9.9,9.9,7.1,7.1,0.604
9.9,9.9,7.2,7.2,0.616
9.9,9.9,7.3,7.3,0.614
9.9,9.9,7.4,7.4,0.594
9.9,9.9,7.5,7.5,0.612
9.9,9.9,7.6,7.6,0.598
9.9,9.9,7.7,7.7,0.62
9.9,9.9,7.8,7.8,0.652
9.9,9.9,7.9,7.9,0.65
9.9,9.9,8.0,8.0,0.632
9.9,9.9,8.1,8.1,0.618
9.9,9.9,8.2,8.2,0.626
9.9,9.9,8.3,8.3,0.614
9.9,9.9,8.4,8.4,0.636
9.9,9.9,8.5,8.5,0.666
9.9,9.9,8.6,8.6,0.65
9.9,9.9,8.7,8.7,0.678
9.9,9.9,8.8,8.8,0.666
9.9,9.9,8.9,8.9,0.602
9.9,9.9,9.0,9.0,0.69
9.9,9.9,9.1,9.1,0.652
9.9,9.9,9.2,9.2,0.686
9.9,9.9,9.3,9.3,0.66
9.9,9.9,9.4,9.4,0.662
9.9,9.9,9.5,9.5,0.668
9.9,9.9,9.6,9.6,0.688
9.9,9.9,9.7,9.7,0.678
9.9,9.9,9.8,9.8,0.702
9.9,9.9,9.9,9.9,0.684
9.9,9.9,10.0,10.0,0.702
9.9,9.9,10.1,10.1,0.668
9.9,9.9,10.2,10.2,0.722
9.9,9.9,10.3,10.3,0.684
9.9,9.9,10.4,10.4,0.696
9.9,9.9,10.5,10.5,0.686
9.9,9.9,10.6,10.6,0.71
9.9,9.9,10.7,10.7,0.68
9.9,9.9,10.8,10.8,0.698
9.9,9.9,10.9,10.9,0.726
9.9,9.9,11.0,11.0,0.722
9.9,9.9,11.1,11.1,0.718
9.9,9.9,11.2,11.2,0.698
9.9,9.9,11.3,11.3,0.686
9.9,9.9,11.4,11.4,0.718
9.9,9.9,11.5,11.5,0.71
9.9,9.9,11.6,11.6,0.744
9.9,9.9,11.7,11.7,0.72
9.9,9.9,11.8,11.8,0.728
9.9,9.9,11.9,11.9,0.744
9.9,9.9,12.0,12.0,0.744
9.9,9.9,12.1,12.1,0.746
9.9,9.9,12.2,12.2,0.744
9.9,9.9,12.3,12.3,0.722
9.9,9.9,12.4,12.4,0.738
9.9,9.9,12.5,12.5,0.768
9.9,9.9,12.6,12.6,0.758
9.9,9.9,12.7,12.7,0.74
9.9,9.9,12.8,12.8,0.754
9.9,9.9,12.9,12.9,0.766
9.9,9.9,13.0,13.0,0.796
9.9,9.9,13.1,13.1,0.728
9.9,9.9,13.2,13.2,0.738
9.9,9.9,13.3,13.3,0.784
9.9,9.9,13.4,13.4,0.764
9.9,9.9,13.5,13.5,0.752
9.9,9.9,13.6,13.6,0.734
9.9,9.9,13.7,13.7,0.758
9.9,9.9,13.8,13.8,0.772
9.9,9.9,13.9,13.9,0.766
9.9,9.9,14.0,14.0,0.758
9.9,9.9,14.1,14.1,0.756
9.9,9.9,14.2,14.2,0.756
9.9,9.9,14.3,14.3,0.764
9.9,9.9,14.4,14.4,0.766
9.9,9.9,14.5,14.5,0.738
9.9,9.9,14.6,14.6,0.712
9.9,9.9,14.7,14.7,0.75
9.9,9.9,14.8,14.8,0.77
9.9,9.9,14.9,14.9,0.782
9.9,9.9,15.0,15.0,0.736
9.9,9.9,15.1,15.1,0.788
10.0,10.0,0.1,0.1,0.036
10.0,10.0,0.2,0.2,0.062
10.0,10.0,0.3,0.3,0.058
10.0,10.0,0.4,0.4,0.068
10.0,10.0,0.5,0.5,0.076
10.0,10.0,0.6,0.6,0.078
10.0,10.0,0.7,0.7,0.078
10.0,10.0,0.8,0.8,0.12
10.0,10.0,0.9,0.9,0.12
10.0,10.0,1.0,1.0,0.11
10.0,10.0,1.1,1.1,0.154
10.0,10.0,1.2,1.2,0.152
10.0,10.0,1.3,1.3,0.148
10.0,10.0,1.4,1.4,0.188
10.0,10.0,1.5,1.5,0.162
10.0,10.0,1.6,1.6,0.198
10.0,10.0,1.7,1.7,0.222
10.0,10.0,1.8,1.8,0.206
10.0,10.0,1.9,1.9,0.246
10.0,10.0,2.0,2.0,0.246
10.0,10.0,2.1,2.1,0.228
10.0,10.0,2.2,2.2,0.29
10.0,10.0,2.3,2.3,0.244
10.0,10.0,2.4,2.4,0.258
10.0,10.0,2.5,2.5,0.292
10.0,10.0,2.6,2.6,0.302
10.0,10.0,2.7,2.7,0.28
10.0,10.0,2.8,2.8,0.36
10.0,10.0,2.9,2.9,0.302
10.0,10.0,3.0,3.0,0.316
10.0,10.0,3.1,3.1,0.356
10.0,10.0,3.2,3.2,0.382
10.0,10.0,3.3,3.3,0.37
10.0,10.0,3.4,3.4,0.368
10.0,10.0,3.5,3.5,0.362
10.0,10.0,3.6,3.6,0.408
10.0,10.0,3.7,3.7,0.394
10.0,10.0,3.8,3.8,0.386
10.0,10.0,3.9,3.9,0.418
10.0,10.0,4.0,4.0,0.434
10.0,10.0,4.1,4.1,0.412
10.0,10.0,4.2,4.2,0.394
10.0,10.0,4.3,4.3,0.43
10.0,10.0,4.4,4.4,0.42
10.0,10.0,4.5,4.5,0.446
10.0,10.0,4.6,4.6,0.438
10.0,10.0,4.7,4.7,0.454
10.0,10.0,4.8,4.8,0.458
10.0,10.0,4.9,4.9,0.47
10.0,10.0,5.0,5.0,0.5
10.0,10.0,5.1,5.1,0.462
10.0,10.0,5.2,5.2,0.474
10.0,10.0,5.3,5.3,0.492
10.0,10.0,5.4,5.4,0.516
10.0,10.0,5.5,5.5,0.524
10.0,10.0,5.6,5.6,0.506
10.0,10.0,5.7,5.7,0.558
10.0,10.0,5.8,5.8,0.526
10.0,10.0,5.9,5.9,0.57
10.0,10.0,6.0,6.0,0.528
10.0,10.0,6.1,6.1,0.548
10.0,10.0,6.2,6.2,0.54
10.0,10.0,6.3,6.3,0.57
10.0,10.0,6.4,6.4,0.594
10.0,10.0,6.5,6.5,0.572
10.0,10.0,6.6,6.6,0.548
10.0,10.0,6.7,6.7,0.584
10.0,10.0,6.8,6.8,0.568
10.0,10.0,6.9,6.9,0.614
10.0,10.0,7.0,7.0,0.582
10.0,10.0,7.1,7.1,0.628
10.0,10.0,7.2,7.2,0.59
10.0,10.0,7.3,7.3,0.596
10.0,10.0,7.4,7.4,0.582
10.0,10.0,7.5,7.5,0.62
10.0,10.0,7.6,7.6,0.636
10.0,10.0,7.7,7.7,0.63
10.0,10.0,7.8,7.8,0.638
10.0,10.0,7.9,7.9,0.614
10.0,10.0,8.0,8.0,0.6
10.0,10.0,8.1,8.1,0.676
10.0,10.0,8.2,8.2,0.59
10.0,10.0,8.3,8.3,0.648
10.0,10.0,8.4,8.4,0.616
10.0,10.0,8.5,8.5,0.656
10.0,10.0,8.6,8.6,0.668
10.0,10.0,8.7,8.7,0.666
10.0,10.0,8.8,8.8,0.664
10.0,10.0,8.9,8.9,0.69
10.0,10.0,9.0,9.0,0.67
10.0,10.0,9.1,9.1,0.666
10.0,10.0,9.2,9.2,0.686
10.0,10.0,9.3,9.3,0.672
10.0,10.0,9.4,9.4,0.678
10.0,10.0,9.5,9.5,0.69
10.0,10.0,9.6,9.6,0.638
10.0,10.0,9.7,9.7,0.72
10.0,10.0,9.8,9.8,0.678
10.0,10.0,9.9,9.9,0.694
10.0,10.0,10.0,10.0,0.67
10.0,10.0,10.1,10.1,0.698
10.0,10.0,10.2,10.2,0.732
10.0,10.0,10.3,10.3,0.678
10.0,10.0,10.4,10.4,0.702
10.0,10.0,10.5,10.5,0.654
10.0,10.0,10.6,10.6,0.704
10.0,10.0,10.7,10.7,0.708
10.0,10.0,10.8,10.8,0.716
10.0,10.0,10.9,10.9,0.756
10.0,10.0,11.0,11.0,0.726
10.0,10.0,11.1,11.1,0.72
10.0,10.0,11.2,11.2,0.752
10.0,10.0,11.3,11.3,0.7
10.0,10.0,11.4,11.4,0.71
10.0,10.0,11.5,11.5,0.712
10.0,10.0,11.6,11.6,0.75
10.0,10.0,11.7,11.7,0.726
10.0,10.0,11.8,11.8,0.728
10.0,10.0,11.9,11.9,0.692
10.0,10.0,12.0,12.0,0.734
10.0,10.0,12.1,12.1,0.728
10.0,10.0,12.2,12.2,0.714
10.0,10.0,12.3,12.3,0.722
10.0,10.0,12.4,12.4,0.728
10.0,10.0,12.5,12.5,0.748
10.0,10.0,12.6,12.6,0.75
10.0,10.0,12.7,12.7,0.746
10.0,10.0,12.8,12.8,0.754
10.0,10.0,12.9,12.9,0.742
10.0,10.0,13.0,13.0,0.76
10.0,10.0,13.1,13.1,0.74
10.0,10.0,13.2,13.2,0.77
10.0,10.0,13.3,13.3,0.752
10.0,10.0,13.4,13.4,0.736
10.0,10.0,13.5,13.5,0.728
10.0,10.0,13.6,13.6,0.742
10.0,10.0,13.7,13.7,0.764
10.0,10.0,13.8,13.8,0.772
10.0,10.0,13.9,13.9,0.776
10.0,10.0,14.0,14.0,0.734
10.0,10.0,14.1,14.1,0.77
10.0,10.0,14.2,14.2,0.772
10.0,10.0,14.3,14.3,0.748
10.0,10.0,14.4,14.4,0.756
10.0,10.0,14.5,14.5,0.746
10.0,10.0,14.6,14.6,0.766
10.0,10.0,14.7,14.7,0.742
10.0,10.0,14.8,14.8,0.774
10.0,10.0,14.9,14.9,0.754
10.0,10.0,15.0,15.0,0.708
10.0,10.0,15.1,15.1,0.782
10.1,10.1,0.1,0.1,0.04
10.1,10.1,0.2,0.2,0.058
10.1,10.1,0.3,0.3,0.05
10.1,10.1,0.4,0.4,0.052
10.1,10.1,0.5,0.5,0.076
10.1,10.1,0.6,0.6,0.1
10.1,10.1,0.7,0.7,0.086
10.1,10.1,0.8,0.8,0.122
10.1,10.1,0.9,0.9,0.12
10.1,10.1,1.0,1.0,0.132
10.1,10.1,1.1,1.1,0.182
10.1,10.1,1.2,1.2,0.178
10.1,10.1,1.3,1.3,0.174
10.1,10.1,1.4,1.4,0.218
10.1,10.1,1.5,1.5,0.148
10.1,10.1,1.6,1.6,0.214
10.1,10.1,1.7,1.7,0.196
10.1,10.1,1.8,1.8,0.234
10.1,10.1,1.9,1.9,0.266
10.1,10.1,2.0,2.0,0.208
10.1,10.1,2.1,2.1,0.21
10.1,10.1,2.2,2.2,0.244
10.1,10.1,2.3,2.3,0.29
10.1,10.1,2.4,2.4,0.3
10.1,10.1,2.5,2.5,0.27
10.1,10.1,2.6,2.6,0.286
10.1,10.1,2.7,2.7,0.29
10.1,10.1,2.8,2.8,0.332
10.1,10.1,2.9,2.9,0.31
10.1,10.1,3.0,3.0,0.318
10.1,10.1,3.1,3.1,0.29
10.1,10.1,3.2,3.2,0.358
10.1,10.1,3.3,3.3,0.364
10.1,10.1,3.4,3.4,0.368
10.1,10.1,3.5,3.5,0.332
10.1,10.1,3.6,3.6,0.37
10.1,10.1,3.7,3.7,0.386
10.1,10.1,3.8,3.8,0.38
10.1,10.1,3.9,3.9,0.412
10.1,10.1,4.0,4.0,0.38
10.1,10.1,4.1,4.1,0.396
10.1,10.1,4.2,4.2,0.424
10.1,10.1,4.3,4.3,0.442
10.1,10.1,4.4,4.4,0.438
10.1,10.1,4.5,4.5,0.442
10.1,10.1,4.6,4.6,0.492
10.1,10.1,4.7,4.7,0.472
10.1,10.1,4.8,4.8,0.456
10.1,10.1,4.9,4.9,0.456
10.1,10.1,5.0,5.0,0.496
10.1,10.1,5.1,5.1,0.5
10.1,10.1,5.2,5.2,0.486
10.1,10.1,5.3,5.3,0.486
10.1,10.1,5.4,5.4,0.47
10.1,10.1,5.5,5.5,0.5
10.1,10.1,5.6,5.6,0.514
10.1,10.1,5.7,5.7,0.5
10.1,10.1,5.8,5.8,0.5
10.1,10.1,5.9,5.9,0.498
10.1,10.1,6.0,6.0,0.524
10.1,10.1,6.1,6.1,0.546
10.1,10.1,6.2,6.2,0.544
10.1,10.1,6.3,6.3,0.542
10.1,10.1,6.4,6.4,0.578
10.1,10.1,6.5,6.5,0.578
10.1,10.1,6.6,6.6,0.522
10.1,10.1,6.7,6.7,0.59
10.1,10.1,6.8,6.8,0.538
10.1,10.1,6.9,6.9,0.592
10.1,10.1,7.0,7.0,0.556
10.1,10.1,7.1,7.1,0.594
10.1,10.1,7.2,7.2,0.606
10.1,10.1,7.3,7.3,0.572
10.1,10.1,7.4,7.4,0.586
10.1,10.1,7.5,7.5,0.586
10.1,10.1,7.6,7.6,0.628
10.1,10.1,7.7,7.7,0.57
10.1,10.1,7.8,7.8,0.628
10.1,10.1,7.9,7.9,0.616
10.1,10.1,8.0,8.0,0.66
10.1,10.1,8.1,8.1,0.644
10.1,10.1,8.2,8.2,0.652
10.1,10.1,8.3,8.3,0.614
10.1,10.1,8.4,8.4,0.642
10.1,10.1,8.5,8.5,0.64
10.1,10.1,8.6,8.6,0.626
10.1,10.1,8.7,8.7,0.65
10.1,10.1,8.8,8.8,0.61
10.1,10.1,8.9,8.9,0.664
10.1,10.1,9.0,9.0,0.652
10.1,10.1,9.1,9.1,0.65
10.1,10.1,9.2,9.2,0.68
10.1,10.1,9.3,9.3,0.69
10.1,10.1,9.4,9.4,0.658
10.1,10.1,9.5,9.5,0.672
10.1,10.1,9.6,9.6,0.684
10.1,10.1,9.7,9.7,0.69
10.1,10.1,9.8,9.8,0.69
10.1,10.1,9.9,9.9,0.682
10.1,10.1,10.0,10.0,0.676
10.1,10.1,10.1,10.1,0.692
10.1,10.1,10.2,10.2,0.672
10.1,10.1,10.3,10.3,0.722
10.1,10.1,10.4,10.4,0.684
10.1,10.1,10.5,10.5,0.718
10.1,10.1,10.6,10.6,0.688
10.1,10.1,10.7,10.7,0.692
10.1,10.1,10.8,10.8,0.732
10.1,10.1,10.9,10.9,0.742
10.1,10.1,11.0,11.0,0.724
10.1,10.1,11.1,11.1,0.71
10.1,10.1,11.2,11.2,0.718
10.1,10.1,11.3,11.3,0.71
10.1,10.1,11.4,11.4,0.73
10.1,10.1,11.5,11.5,0.694
10.1,10.1,11.6,11.6,0.69
10.1,10.1,11.7,11.7,0.736
10.1,10.1,11.8,11.8,0.756
10.1,10.1,11.9,11.9,0.74
10.1,10.1,12.0,12.0,0.696
10.1,10.1,12.1,12.1,0.764
10.1,10.1,12.2,12.2,0.738
10.1,10.1,12.3,12.3,0.74
10.1,10.1,12.4,12.4,0.75
10.1,10.1,12.5,12.5,0.7
10.1,10.1,12.6,12.6,0.776
10.1,10.1,12.7,12.7,0.726
10.1,10.1,12.8,12.8,0.74
10.1,10.1,12.9,12.9,0.754
10.1,10.1,13.0,13.0,0.722
10.1,10.1,13.1,13.1,0.744
10.1,10.1,13.2,13.2,0.766
10.1,10.1,13.3,13.3,0.714
10.1,10.1,13.4,13.4,0.748
10.1,10.1,13.5,13.5,0.776
10.1,10.1,13.6,13.6,0.756
10.1,10.1,13.7,13.7,0.77
10.1,10.1,13.8,13.8,0.744
10.1,10.1,13.9,13.9,0.752
10.1,10.1,14.0,14.0,0.768
10.1,10.1,14.1,14.1,0.794
10.1,10.1,14.2,14.2,0.762
10.1,10.1,14.3,14.3,0.718
10.1,10.1,14.4,14.4,0.764
10.1,10.1,14.5,14.5,0.744
10.1,10.1,14.6,14.6,0.794
10.1,10.1,14.7,14.7,0.738
10.1,10.1,14.8,14.8,0.778
10.1,10.1,14.9,14.9,0.756
10.1,10.1,15.0,15.0,0.774
10.1,10.1,15.1,15.1,0.748
10.2,10.2,0.1,0.1,0.044
10.2,10.2,0.2,0.2,0.032
10.2,10.2,0.3,0.3,0.064
10.2,10.2,0.4,0.4,0.084
10.2,10.2,0.5,0.5,0.082
10.2,10.2,0.6,0.6,0.082
10.2,10.2,0.7,0.7,0.11
10.2,10.2,0.8,0.8,0.124
10.2,10.2,0.9,0.9,0.104
10.2,10.2,1.0,1.0,0.124
10.2,10.2,1.1,1.1,0.158
10.2,10.2,1.2,1.2,0.158
10.2,10.2,1.3,1.3,0.156
10.2,10.2,1.4,1.4,0.196
10.2,10.2,1.5,1.5,0.172
10.2,10.2,1.6,1.6,0.196
10.2,10.2,1.7,1.7,0.182
10.2,10.2,1.8,1.8,0.222
10.2,10.2,1.9,1.9,0.192
10.2,10.2,2.0,2.0,0.19
10.2,10.2,2.1,2.1,0.226
10.2,10.2,2.2,2.2,0.238
10.2,10.2,2.3,2.3,0.278
10.2,10.2,2.4,2.4,0.3
10.2,10.2,2.5,2.5,0.256
10.2,10.2,2.6,2.6,0.298
10.2,10.2,2.7,2.7,0.306
10.2,10.2,2.8,2.8,0.338
10.2,10.2,2.9,2.9,0.3
10.2,10.2,3.0,3.0,0.316
10.2,10.2,3.1,3.1,0.33
10.2,10.2,3.2,3.2,0.296
10.2,10.2,3.3,3.3,0.338
10.2,10.2,3.4,3.4,0.366
10.2,10.2,3.5,3.5,0.332
10.2,10.2,3.6,3.6,0.386
10.2,10.2,3.7,3.7,0.348
10.2,10.2,3.8,3.8,0.384
10.2,10.2,3.9,3.9,0.4
10.2,10.2,4.0,4.0,0.402
10.2,10.2,4.1,4.1,0.402
10.2,10.2,4.2,4.2,0.424
10.2,10.2,4.3,4.3,0.388
10.2,10.2,4.4,4.4,0.412
10.2,10.2,4.5,4.5,0.414
10.2,10.2,4.6,4.6,0.426
10.2,10.2,4.7,4.7,0.448
10.2,10.2,4.8,4.8,0.484
10.2,10.2,4.9,4.9,0.474
10.2,10.2,5.0,5.0,0.482
10.2,10.2,5.1,5.1,0.466
10.2,10.2,5.2,5.2,0.512
10.2,10.2,5.3,5.3,0.512
10.2,10.2,5.4,5.4,0.56
10.2,10.2,5.5,5.5,0.486
10.2,10.2,5.6,5.6,0.516
10.2,10.2,5.7,5.7,0.534
10.2,10.2,5.8,5.8,0.512
10.2,10.2,5.9,5.9,0.516
10.2,10.2,6.0,6.0,0.54
10.2,10.2,6.1,6.1,0.528
10.2,10.2,6.2,6.2,0.552
10.2,10.2,6.3,6.3,0.544
10.2,10.2,6.4,6.4,0.588
10.2,10.2,6.5,6.5,0.56
10.2,10.2,6.6,6.6,0.568
10.2,10.2,6.7,6.7,0.546
10.2,10.2,6.8,6.8,0.56
10.2,10.2,6.9,6.9,0.592
10.2,10.2,7.0,7.0,0.576
10.2,10.2,7.1,7.1,0.564
10.2,10.2,7.2,7.2,0.55
10.2,10.2,7.3,7.3,0.578
10.2,10.2,7.4,7.4,0.566
10.2,10.2,7.5,7.5,0.608
10.2,10.2,7.6,7.6,0.636
10.2,10.2,7.7,7.7,0.648
10.2,10.2,7.8,7.8,0.612
10.2,10.2,7.9,7.9,0.658
10.2,10.2,8.0,8.0,0.596
10.2,10.2,8.1,8.1,0.654
10.2,10.2,8.2,8.2,0.638
10.2,10.2,8.3,8.3,0.62
10.2,10.2,8.4,8.4,0.646
10.2,10.2,8.5,8.5,0.634
10.2,10.2,8.6,8.6,0.666
10.2,10.2,8.7,8.7,0.68
10.2,10.2,8.8,8.8,0.652
10.2,10.2,8.9,8.9,0.628
10.2,10.2,9.0,9.0,0.634
10.2,10.2,9.1,9.1,0.652
10.2,10.2,9.2,9.2,0.674
10.2,10.2,9.3,9.3,0.63
10.2,10.2,9.4,9.4,0.698
10.2,10.2,9.5,9.5,0.712
10.2,10.2,9.6,9.6,0.696
10.2,10.2,9.7,9.7,0.668
10.2,10.2,9.8,9.8,0.654
10.2,10.2,9.9,9.9,0.672
10.2,10.2,10.0,10.0,0.662
10.2,10.2,10.1,10.1,0.658
10.2,10.2,10.2,10.2,0.682
10.2,10.2,10.3,10.3,0.684
10.2,10.2,10.4,10.4,0.676
10.2,10.2,10.5,10.5,0.716
10.2,10.2,10.6,10.6,0.706
10.2,10.2,10.7,10.7,0.69
10.2,10.2,10.8,10.8,0.702
10.2,10.2,10.9,10.9,0.716
10.2,10.2,11.0,11.0,0.69
10.2,10.2,11.1,11.1,0.692
10.2,10.2,11.2,11.2,0.76
10.2,10.2,11.3,11.3,0.714
10.2,10.2,11.4,11.4,0.698
10.2,10.2,11.5,11.5,0.72
10.2,10.2,11.6,11.6,0.73
10.2,10.2,11.7,11.7,0.724
10.2,10.2,11.8,11.8,0.714
10.2,10.2,11.9,11.9,0.718
10.2,10.2,12.0,12.0,0.736
10.2,10.2,12.1,12.1,0.734
10.2,10.2,12.2,12.2,0.724
10.2,10.2,12.3,12.3,0.712
10.2,10.2,12.4,12.4,0.712
10.2,10.2,12.5,12.5,0.74
10.2,10.2,12.6,12.6,0.738
10.2,10.2,12.7,12.7,0.674
10.2,10.2,12.8,12.8,0.746
10.2,10.2,12.9,12.9,0.77
10.2,10.2,13.0,13.0,0.744
10.2,10.2,13.1,13.1,0.724
10.2,10.2,13.2,13.2,0.732
10.2,10.2,13.3,13.3,0.742
10.2,10.2,13.4,13.4,0.768
10.2,10.2,13.5,13.5,0.778
10.2,10.2,13.6,13.6,0.756
10.2,10.2,13.7,13.7,0.738
10.2,10.2,13.8,13.8,0.772
10.2,10.2,13.9,13.9,0.732
10.2,10.2,14.0,14.0,0.724
10.2,10.2,14.1,14.1,0.736
10.2,10.2,14.2,14.2,0.74
10.2,10.2,14.3,14.3,0.752
10.2,10.2,14.4,14.4,0.714
10.2,10.2,14.5,14.5,0.728
10.2,10.2,14.6,14.6,0.754
10.2,10.2,14.7,14.7,0.77
10.2,10.2,14.8,14.8,0.782
10.2,10.2,14.9,14.9,0.742
10.2,10.2,15.0,15.0,0.786
10.2,10.2,15.1,15.1,0.766
10.3,10.3,0.1,0.1,0.056
10.3,10.3,0.2,0.2,0.064
10.3,10.3,0.3,0.3,0.058
10.3,10.3,0.4,0.4,0.068
10.3,10.3,0.5,0.5,0.094
10.3,10.3,0.6,0.6,0.088
10.3,10.3,0.7,0.7,0.092
10.3,10.3,0.8,0.8,0.11
10.3,10.3,0.9,0.9,0.11
10.3,10.3,1.0,1.0,0.134
10.3,10.3,1.1,1.1,0.148
10.3,10.3,1.2,1.2,0.148
10.3,10.3,1.3,1.3,0.156
10.3,10.3,1.4,1.4,0.168
10.3,10.3,1.5,1.5,0.178
10.3,10.3,1.6,1.6,0.204
10.3,10.3,1.7,1.7,0.198
10.3,10.3,1.8,1.8,0.222
10.3,10.3,1.9,1.9,0.214
10.3,10.3,2.0,2.0,0.254
10.3,10.3,2.1,2.1,0.232
10.3,10.3,2.2,2.2,0.254
10.3,10.3,2.3,2.3,0.228
10.3,10.3,2.4,2.4,0.258
10.3,10.3,2.5,2.5,0.284
10.3,10.3,2.6,2.6,0.266
10.3,10.3,2.7,2.7,0.28
10.3,10.3,2.8,2.8,0.286
10.3,10.3,2.9,2.9,0.314
10.3,10.3,3.0,3.0,0.328
10.3,10.3,3.1,3.1,0.342
10.3,10.3,3.2,3.2,0.312
10.3,10.3,3.3,3.3,0.384
10.3,10.3,3.4,3.4,0.34
10.3,10.3,3.5,3.5,0.336
10.3,10.3,3.6,3.6,0.33
10.3,10.3,3.7,3.7,0.358
10.3,10.3,3.8,3.8,0.4
10.3,10.3,3.9,3.9,0.372
10.3,10.3,4.0,4.0,0.37
10.3,10.3,4.1,4.1,0.428
10.3,10.3,4.2,4.2,0.432
10.3,10.3,4.3,4.3,0.418
10.3,10.3,4.4,4.4,0.426
10.3,10.3,4.5,4.5,0.472
10.3,10.3,4.6,4.6,0.446
10.3,10.3,4.7,4.7,0.44
10.3,10.3,4.8,4.8,0.47
10.3,10.3,4.9,4.9,0.396
10.3,10.3,5.0,5.0,0.44
10.3,10.3,5.1,5.1,0.496
10.3,10.3,5.2,5.2,0.496
10.3,10.3,5.3,5.3,0.476
10.3,10.3,5.4,5.4,0.494
10.3,10.3,5.5,5.5,0.504
10.3,10.3,5.6,5.6,0.524
10.3,10.3,5.7,5.7,0.504
10.3,10.3,5.8,5.8,0.5
10.3,10.3,5.9,5.9,0.558
10.3,10.3,6.0,6.0,0.54
10.3,10.3,6.1,6.1,0.572
10.3,10.3,6.2,6.2,0.498
10.3,10.3,6.3,6.3,0.536
10.3,10.3,6.4,6.4,0.552
10.3,10.3,6.5,6.5,0.55
10.3,10.3,6.6,6.6,0.568
10.3,10.3,6.7,6.7,0.574
10.3,10.3,6.8,6.8,0.554
10.3,10.3,6.9,6.9,0.632
10.3,10.3,7.0,7.0,0.572
10.3,10.3,7.1,7.1,0.532
10.3,10.3,7.2,7.2,0.596
10.3,10.3,7.3,7.3,0.554
10.3,10.3,7.4,7.4,0.588
10.3,10.3,7.5,7.5,0.62
10.3,10.3,7.6,7.6,0.638
10.3,10.3,7.7,7.7,0.614
10.3,10.3,7.8,7.8,0.59
10.3,10.3,7.9,7.9,0.644
10.3,10.3,8.0,8.0,0.59
10.3,10.3,8.1,8.1,0.654
10.3,10.3,8.2,8.2,0.638
10.3,10.3,8.3,8.3,0.648
10.3,10.3,8.4,8.4,0.62
10.3,10.3,8.5,8.5,0.682
10.3,10.3,8.6,8.6,0.624
10.3,10.3,8.7,8.7,0.612
10.3,10.3,8.8,8.8,0.66
10.3,10.3,8.9,8.9,0.646
10.3,10.3,9.0,9.0,0.636
10.3,10.3,9.1,9.1,0.648
10.3,10.3,9.2,9.2,0.642
10.3,10.3,9.3,9.3,0.674
10.3,10.3,9.4,9.4,0.638
10.3,10.3,9.5,9.5,0.654
10.3,10.3,9.6,9.6,0.648
10.3,10.3,9.7,9.7,0.67
10.3,10.3,9.8,9.8,0.68
10.3,10.3,9.9,9.9,0.648
10.3,10.3,10.0,10.0,0.644
10.3,10.3,10.1,10.1,0.682
10.3,10.3,10.2,10.2,0.666
10.3,10.3,10.3,10.3,0.682
10.3,10.3,10.4,10.4,0.69
10.3,10.3,10.5,10.5,0.674
10.3,10.3,10.6,10.6,0.69
10.3,10.3,10.7,10.7,0.722
10.3,10.3,10.8,10.8,0.724
10.3,10.3,10.9,10.9,0.736
10.3,10.3,11.0,11.0,0.71
10.3,10.3,11.1,11.1,0.686
10.3,10.3,11.2,11.2,0.714
10.3,10.3,11.3,11.3,0.75
10.3,10.3,11.4,11.4,0.742
10.3,10.3,11.5,11.5,0.726
10.3,10.3,11.6,11.6,0.728
10.3,10.3,11.7,11.7,0.706
10.3,10.3,11.8,11.8,0.738
10.3,10.3,11.9,11.9,0.704
10.3,10.3,12.0,12.0,0.71
10.3,10.3,12.1,12.1,0.736
10.3,10.3,12.2,12.2,0.716
10.3,10.3,12.3,12.3,0.738
10.3,10.3,12.4,12.4,0.752
10.3,10.3,12.5,12.5,0.706
10.3,10.3,12.6,12.6,0.768
10.3,10.3,12.7,12.7,0.708
10.3,10.3,12.8,12.8,0.734
10.3,10.3,12.9,12.9,0.736
10.3,10.3,13.0,13.0,0.752
10.3,10.3,13.1,13.1,0.74
10.3,10.3,13.2,13.2,0.754
10.3,10.3,13.3,13.3,0.728
10.3,10.3,13.4,13.4,0.742
10.3,10.3,13.5,13.5,0.756
10.3,10.3,13.6,13.6,0.726
10.3,10.3,13.7,13.7,0.712
10.3,10.3,13.8,13.8,0.762
10.3,10.3,13.9,13.9,0.754
10.3,10.3,14.0,14.0,0.77
10.3,10.3,14.1,14.1,0.762
10.3,10.3,14.2,14.2,0.744
10.3,10.3,14.3,14.3,0.716
10.3,10.3,14.4,14.4,0.744
10.3,10.3,14.5,14.5,0.742
10.3,10.3,14.6,14.6,0.77
10.3,10.3,14.7,14.7,0.788
10.3,10.3,14.8,14.8,0.782
10.3,10.3,14.9,14.9,0.75
10.3,10.3,15.0,15.0,0.722
10.3,10.3,15.1,15.1,0.776
10.4,10.4,0.1,0.1,0.03
10.4,10.4,0.2,0.2,0.038
10.4,10.4,0.3,0.3,0.064
10.4,10.4,0.4,0.4,0.064
10.4,10.4,0.5,0.5,0.074
10.4,10.4,0.6,0.6,0.106
10.4,10.4,0.7,0.7,0.126
10.4,10.4,0.8,0.8,0.13
10.4,10.4,0.9,0.9,0.114
10.4,10.4,1.0,1.0,0.15
10.4,10.4,1.1,1.1,0.134
10.4,10.4,1.2,1.2,0.194
10.4,10.4,1.3,1.3,0.13
10.4,10.4,1.4,1.4,0.162
10.4,10.4,1.5,1.5,0.192
10.4,10.4,1.6,1.6,0.196
10.4,10.4,1.7,1.7,0.198
10.4,10.4,1.8,1.8,0.226
10.4,10.4,1.9,1.9,0.224
10.4,10.4,2.0,2.0,0.242
10.4,10.4,2.1,2.1,0.26
10.4,10.4,2.2,2.2,0.254
10.4,10.4,2.3,2.3,0.264
10.4,10.4,2.4,2.4,0.272
10.4,10.4,2.5,2.5,0.282
10.4,10.4,2.6,2.6,0.288
10.4,10.4,2.7,2.7,0.29
10.4,10.4,2.8,2.8,0.268
10.4,10.4,2.9,2.9,0.294
10.4,10.4,3.0,3.0,0.302
10.4,10.4,3.1,3.1,0.304
10.4,10.4,3.2,3.2,0.366
10.4,10.4,3.3,3.3,0.344
10.4,10.4,3.4,3.4,0.36
10.4,10.4,3.5,3.5,0.344
10.4,10.4,3.6,3.6,0.382
10.4,10.4,3.7,3.7,0.376
10.4,10.4,3.8,3.8,0.4
10.4,10.4,3.9,3.9,0.368
10.4,10.4,4.0,4.0,0.45
10.4,10.4,4.1,4.1,0.398
10.4,10.4,4.2,4.2,0.406
10.4,10.4,4.3,4.3,0.428
10.4,10.4,4.4,4.4,0.442
10.4,10.4,4.5,4.5,0.396
10.4,10.4,4.6,4.6,0.43
10.4,10.4,4.7,4.7,0.412
10.4,10.4,4.8,4.8,0.436
10.4,10.4,4.9,4.9,0.438
10.4,10.4,5.0,5.0,0.474
10.4,10.4,5.1,5.1,0.48
10.4,10.4,5.2,5.2,0.46
10.4,10.4,5.3,5.3,0.47
10.4,10.4,5.4,5.4,0.474
10.4,10.4,5.5,5.5,0.516
10.4,10.4,5.6,5.6,0.514
10.4,10.4,5.7,5.7,0.504
10.4,10.4,5.8,5.8,0.518
10.4,10.4,5.9,5.9,0.556
10.4,10.4,6.0,6.0,0.534
10.4,10.4,6.1,6.1,0.55
10.4,10.4,6.2,6.2,0.508
10.4,10.4,6.3,6.3,0.54
10.4,10.4,6.4,6.4,0.554
10.4,10.4,6.5,6.5,0.522
10.4,10.4,6.6,6.6,0.534
10.4,10.4,6.7,6.7,0.578
10.4,10.4,6.8,6.8,0.59
10.4,10.4,6.9,6.9,0.562
10.4,10.4,7.0,7.0,0.622
10.4,10.4,7.1,7.1,0.588
10.4,10.4,7.2,7.2,0.632
10.4,10.4,7.3,7.3,0.596
10.4,10.4,7.4,7.4,0.614
10.4,10.4,7.5,7.5,0.582
10.4,10.4,7.6,7.6,0.556
10.4,10.4,7.7,7.7,0.586
10.4,10.4,7.8,7.8,0.638
10.4,10.4,7.9,7.9,0.6
10.4,10.4,8.0,8.0,0.638
10.4,10.4,8.1,8.1,0.664
10.4,10.4,8.2,8.2,0.64
10.4,10.4,8.3,8.3,0.658
10.4,10.4,8.4,8.4,0.592
10.4,10.4,8.5,8.5,0.61
10.4,10.4,8.6,8.6,0.64
10.4,10.4,8.7,8.7,0.642
10.4,10.4,8.8,8.8,0.67
10.4,10.4,8.9,8.9,0.642
10.4,10.4,9.0,9.0,0.636
10.4,10.4,9.1,9.1,0.66
10.4,10.4,9.2,9.2,0.708
10.4,10.4,9.3,9.3,0.64
10.4,10.4,9.4,9.4,0.67
10.4,10.4,9.5,9.5,0.644
10.4,10.4,9.6,9.6,0.696
10.4,10.4,9.7,9.7,0.636
10.4,10.4,9.8,9.8,0.676
10.4,10.4,9.9,9.9,0.684
10.4,10.4,10.0,10.0,0.704
10.4,10.4,10.1,10.1,0.722
10.4,10.4,10.2,10.2,0.716
10.4,10.4,10.3,10.3,0.654
10.4,10.4,10.4,10.4,0.732
10.4,10.4,10.5,10.5,0.684
10.4,10.4,10.6,10.6,0.708
10.4,10.4,10.7,10.7,0.716
10.4,10.4,10.8,10.8,0.686
10.4,10.4,10.9,10.9,0.694
10.4,10.4,11.0,11.0,0.676
10.4,10.4,11.1,11.1,0.688
10.4,10.4,11.2,11.2,0.68
10.4,10.4,11.3,11.3,0.706
10.4,10.4,11.4,11.4,0.696
10.4,10.4,11.5,11.5,0.658
10.4,10.4,11.6,11.6,0.678
10.4,10.4,11.7,11.7,0.716
10.4,10.4,11.8,11.8,0.682
10.4,10.4,11.9,11.9,0.768
10.4,10.4,12.0,12.0,0.708
10.4,10.4,12.1,12.1,0.722
10.4,10.4,12.2,12.2,0.722
10.4,10.4,12.3,12.3,0.764
10.4,10.4,12.4,12.4,0.748
10.4,10.4,12.5,12.5,0.724
10.4,10.4,12.6,12.6,0.692
10.4,10.4,12.7,12.7,0.712
10.4,10.4,12.8,12.8,0.73
10.4,10.4,12.9,12.9,0.766
10.4,10.4,13.0,13.0,0.724
10.4,10.4,13.1,13.1,0.714
10.4,10.4,13.2,13.2,0.736
10.4,10.4,13.3,13.3,0.722
10.4,10.4,13.4,13.4,0.712
10.4,10.4,13.5,13.5,0.742
10.4,10.4,13.6,13.6,0.73
10.4,10.4,13.7,13.7,0.736
10.4,10.4,13.8,13.8,0.736
10.4,10.4,13.9,13.9,0.748
10.4,10.4,14.0,14.0,0.744
10.4,10.4,14.1,14.1,0.772
10.4,10.4,14.2,14.2,0.746
10.4,10.4,14.3,14.3,0.742
10.4,10.4,14.4,14.4,0.742
10.4,10.4,14.5,14.5,0.762
10.4,10.4,14.6,14.6,0.746
10.4,10.4,14.7,14.7,0.722
10.4,10.4,14.8,14.8,0.764
10.4,10.4,14.9,14.9,0.74
10.4,10.4,15.0,15.0,0.774
10.4,10.4,15.1,15.1,0.762
10.5,10.5,0.1,0.1,0.048
10.5,10.5,0.2,0.2,0.046
10.5,10.5,0.3,0.3,0.054
10.5,10.5,0.4,0.4,0.076
10.5,10.5,0.5,0.5,0.086
10.5,10.5,0.6,0.6,0.094
10.5,10.5,0.7,0.7,0.106
10.5,10.5,0.8,0.8,0.092
10.5,10.5,0.9,0.9,0.1
10.5,10.5,1.0,1.0,0.098
10.5,10.5,1.1,1.1,0.154
10.5,10.5,1.2,1.2,0.162
10.5,10.5,1.3,1.3,0.192
10.5,10.5,1.4,1.4,0.188
10.5,10.5,1.5,1.5,0.152
10.5,10.5,1.6,1.6,0.2
10.5,10.5,1.7,1.7,0.186
10.5,10.5,1.8,1.8,0.2
10.5,10.5,1.9,1.9,0.232
10.5,10.5,2.0,2.0,0.252
10.5,10.5,2.1,2.1,0.202
10.5,10.5,2.2,2.2,0.224
10.5,10.5,2.3,2.3,0.266
10.5,10.5,2.4,2.4,0.22
10.5,10.5,2.5,2.5,0.274
10.5,10.5,2.6,2.6,0.296
10.5,10.5,2.7,2.7,0.288
10.5,10.5,2.8,2.8,0.304
10.5,10.5,2.9,2.9,0.328
10.5,10.5,3.0,3.0,0.334
10.5,10.5,3.1,3.1,0.312
10.5,10.5,3.2,3.2,0.358
10.5,10.5,3.3,3.3,0.348
10.5,10.5,3.4,3.4,0.364
10.5,10.5,3.5,3.5,0.342
10.5,10.5,3.6,3.6,0.318
10.5,10.5,3.7,3.7,0.376
10.5,10.5,3.8,3.8,0.398
10.5,10.5,3.9,3.9,0.436
10.5,10.5,4.0,4.0,0.416
10.5,10.5,4.1,4.1,0.402
10.5,10.5,4.2,4.2,0.4
10.5,10.5,4.3,4.3,0.386
10.5,10.5,4.4,4.4,0.424
10.5,10.5,4.5,4.5,0.43
10.5,10.5,4.6,4.6,0.434
10.5,10.5,4.7,4.7,0.478
10.5,10.5,4.8,4.8,0.434
10.5,10.5,4.9,4.9,0.478
10.5,10.5,5.0,5.0,0.446
10.5,10.5,5.1,5.1,0.46
10.5,10.5,5.2,5.2,0.492
10.5,10.5,5.3,5.3,0.482
10.5,10.5,5.4,5.4,0.498
10.5,10.5,5.5,5.5,0.51
10.5,10.5,5.6,5.6,0.518
10.5,10.5,5.7,5.7,0.512
10.5,10.5,5.8,5.8,0.536
10.5,10.5,5.9,5.9,0.562
10.5,10.5,6.0,6.0,0.53
10.5,10.5,6.1,6.1,0.56
10.5,10.5,6.2,6.2,0.482
10.5,10.5,6.3,6.3,0.552
10.5,10.5,6.4,6.4,0.554
10.5,10.5,6.5,6.5,0.55
10.5,10.5,6.6,6.6,0.564
10.5,10.5,6.7,6.7,0.55
10.5,10.5,6.8,6.8,0.598
10.5,10.5,6.9,6.9,0.566
10.5,10.5,7.0,7.0,0.576
10.5,10.5,7.1,7.1,0.582
10.5,10.5,7.2,7.2,0.57
10.5,10.5,7.3,7.3,0.598
10.5,10.5,7.4,7.4,0.61
10.5,10.5,7.5,7.5,0.64
10.5,10.5,7.6,7.6,0.62
10.5,10.5,7.7,7.7,0.604
10.5,10.5,7.8,7.8,0.594
10.5,10.5,7.9,7.9,0.628
10.5,10.5,8.0,8.0,0.63
10.5,10.5,8.1,8.1,0.618
10.5,10.5,8.2,8.2,0.626
10.5,10.5,8.3,8.3,0.642
10.5,10.5,8.4,8.4,0.626
10.5,10.5,8.5,8.5,0.664
10.5,10.5,8.6,8.6,0.634
10.5,10.5,8.7,8.7,0.68
10.5,10.5,8.8,8.8,0.628
10.5,10.5,8.9,8.9,0.652
10.5,10.5,9.0,9.0,0.654
10.5,10.5,9.1,9.1,0.648
10.5,10.5,9.2,9.2,0.658
10.5,10.5,9.3,9.3,0.696
10.5,10.5,9.4,9.4,0.662
10.5,10.5,9.5,9.5,0.648
10.5,10.5,9.6,9.6,0.738
10.5,10.5,9.7,9.7,0.656
10.5,10.5,9.8,9.8,0.662
10.5,10.5,9.9,9.9,0.658
10.5,10.5,10.0,10.0,0.696
10.5,10.5,10.1,10.1,0.688
10.5,10.5,10.2,10.2,0.69
10.5,10.5,10.3,10.3,0.692
10.5,10.5,10.4,10.4,0.692
10.5,10.5,10.5,10.5,0.666
10.5,10.5,10.6,10.6,0.698
10.5,10.5,10.7,10.7,0.678
10.5,10.5,10.8,10.8,0.706
10.5,10.5,10.9,10.9,0.686
10.5,10.5,11.0,11.0,0.7
10.5,10.5,11.1,11.1,0.708
10.5,10.5,11.2,11.2,0.746
10.5,10.5,11.3,11.3,0.682
10.5,10.5,11.4,11.4,0.734
10.5,10.5,11.5,11.5,0.688
10.5,10.5,11.6,11.6,0.698
10.5,10.5,11.7,11.7,0.69
10.5,10.5,11.8,11.8,0.684
10.5,10.5,11.9,11.9,0.696
10.5,10.5,12.0,12.0,0.716
10.5,10.5,12.1,12.1,0.716
10.5,10.5,12.2,12.2,0.726
10.5,10.5,12.3,12.3,0.716
10.5,10.5,12.4,12.4,0.72
10.5,10.5,12.5,12.5,0.742
10.5,10.5,12.6,12.6,0.718
10.5,10.5,12.7,12.7,0.706
10.5,10.5,12.8,12.8,0.706
10.5,10.5,12.9,12.9,0.782
10.5,10.5,13.0,13.0,0.726
10.5,10.5,13.1,13.1,0.732
10.5,10.5,13.2,13.2,0.73
10.5,10.5,13.3,13.3,0.76
10.5,10.5,13.4,13.4,0.73
10.5,10.5,13.5,13.5,0.77
10.5,10.5,13.6,13.6,0.734
10.5,10.5,13.7,13.7,0.708
10.5,10.5,13.8,13.8,0.792
10.5,10.5,13.9,13.9,0.746
10.5,10.5,14.0,14.0,0.754
10.5,10.5,14.1,14.1,0.746
10.5,10.5,14.2,14.2,0.782
10.5,10.5,14.3,14.3,0.742
10.5,10.5,14.4,14.4,0.732
10.5,10.5,14.5,14.5,0.76
10.5,10.5,14.6,14.6,0.728
10.5,10.5,14.7,14.7,0.704
10.5,10.5,14.8,14.8,0.772
10.5,10.5,14.9,14.9,0.78
10.5,10.5,15.0,15.0,0.712
10.5,10.5,15.1,15.1,0.758
10.6,10.6,0.1,0.1,0.046
10.6,10.6,0.2,0.2,0.052
10.6,10.6,0.3,0.3,0.058
10.6,10.6,0.4,0.4,0.066
10.6,10.6,0.5,0.5,0.058
10.6,10.6,0.6,0.6,0.124
10.6,10.6,0.7,0.7,0.096
10.6,10.6,0.8,0.8,0.086
10.6,10.6,0.9,0.9,0.104
10.6,10.6,1.0,1.0,0.124
10.6,10.6,1.1,1.1,0.138
10.6,10.6,1.2,1.2,0.164
10.6,10.6,1.3,1.3,0.154
10.6,10.6,1.4,1.4,0.182
10.6,10.6,1.5,1.5,0.164
10.6,10.6,1.6,1.6,0.202
10.6,10.6,1.7,1.7,0.18
10.6,10.6,1.8,1.8,0.218
10.6,10.6,1.9,1.9,0.214
10.6,10.6,2.0,2.0,0.228
10.6,10.6,2.1,2.1,0.246
10.6,10.6,2.2,2.2,0.264
10.6,10.6,2.3,2.3,0.24
10.6,10.6,2.4,2.4,0.264
10.6,10.6,2.5,2.5,0.278
10.6,10.6,2.6,2.6,0.278
10.6,10.6,2.7,2.7,0.296
10.6,10.6,2.8,2.8,0.286
10.6,10.6,2.9,2.9,0.304
10.6,10.6,3.0,3.0,0.314
10.6,10.6,3.1,3.1,0.38
10.6,10.6,3.2,3.2,0.35
10.6,10.6,3.3,3.3,0.334
10.6,10.6,3.4,3.4,0.348
10.6,10.6,3.5,3.5,0.352
10.6,10.6,3.6,3.6,0.396
10.6,10.6,3.7,3.7,0.374
10.6,10.6,3.8,3.8,0.406
10.6,10.6,3.9,3.9,0.382
10.6,10.6,4.0,4.0,0.4
10.6,10.6,4.1,4.1,0.412
10.6,10.6,4.2,4.2,0.4
10.6,10.6,4.3,4.3,0.442
10.6,10.6,4.4,4.4,0.388
10.6,10.6,4.5,4.5,0.424
10.6,10.6,4.6,4.6,0.466
10.6,10.6,4.7,4.7,0.41
10.6,10.6,4.8,4.8,0.414
10.6,10.6,4.9,4.9,0.416
10.6,10.6,5.0,5.0,0.456
10.6,10.6,5.1,5.1,0.476
10.6,10.6,5.2,5.2,0.502
10.6,10.6,5.3,5.3,0.506
10.6,10.6,5.4,5.4,0.488
10.6,10.6,5.5,5.5,0.49
10.6,10.6,5.6,5.6,0.474
10.6,10.6,5.7,5.7,0.506
10.6,10.6,5.8,5.8,0.448
10.6,10.6,5.9,5.9,0.508
10.6,10.6,6.0,6.0,0.528
10.6,10.6,6.1,6.1,0.584
10.6,10.6,6.2,6.2,0.53
10.6,10.6,6.3,6.3,0.558
10.6,10.6,6.4,6.4,0.536
10.6,10.6,6.5,6.5,0.57
10.6,10.6,6.6,6.6,0.534
10.6,10.6,6.7,6.7,0.54
10.6,10.6,6.8,6.8,0.544
10.6,10.6,6.9,6.9,0.546
10.6,10.6,7.0,7.0,0.534
10.6,10.6,7.1,7.1,0.562
10.6,10.6,7.2,7.2,0.6
10.6,10.6,7.3,7.3,0.612
10.6,10.6,7.4,7.4,0.59
10.6,10.6,7.5,7.5,0.582
10.6,10.6,7.6,7.6,0.578
10.6,10.6,7.7,7.7,0.608
10.6,10.6,7.8,7.8,0.598
10.6,10.6,7.9,7.9,0.556
10.6,10.6,8.0,8.0,0.602
10.6,10.6,8.1,8.1,0.622
10.6,10.6,8.2,8.2,0.61
10.6,10.6,8.3,8.3,0.602
10.6,10.6,8.4,8.4,0.6
10.6,10.6,8.5,8.5,0.606
10.6,10.6,8.6,8.6,0.644
10.6,10.6,8.7,8.7,0.642
10.6,10.6,8.8,8.8,0.614
10.6,10.6,8.9,8.9,0.632
10.6,10.6,9.0,9.0,0.632
10.6,10.6,9.1,9.1,0.638
10.6,10.6,9.2,9.2,0.628
10.6,10.6,9.3,9.3,0.672
10.6,10.6,9.4,9.4,0.684
10.6,10.6,9.5,9.5,0.698
10.6,10.6,9.6,9.6,0.676
10.6,10.6,9.7,9.7,0.646
10.6,10.6,9.8,9.8,0.672
10.6,10.6,9.9,9.9,0.662
10.6,10.6,10.0,10.0,0.7
10.6,10.6,10.1,10.1,0.662
10.6,10.6,10.2,10.2,0.68
10.6,10.6,10.3,10.3,0.67
10.6,10.6,10.4,10.4,0.7
10.6,10.6,10.5,10.5,0.688
10.6,10.6,10.6,10.6,0.664
10.6,10.6,10.7,10.7,0.686
10.6,10.6,10.8,10.8,0.704
10.6,10.6,10.9,10.9,0.634
10.6,10.6,11.0,11.0,0.75
10.6,10.6,11.1,11.1,0.694
10.6,10.6,11.2,11.2,0.726
10.6,10.6,11.3,11.3,0.682
10.6,10.6,11.4,11.4,0.702
10.6,10.6,11.5,11.5,0.712
10.6,10.6,11.6,11.6,0.728
10.6,10.6,11.7,11.7,0.746
10.6,10.6,11.8,11.8,0.722
10.6,10.6,11.9,11.9,0.734
10.6,10.6,12.0,12.0,0.722
10.6,10.6,12.1,12.1,0.72
10.6,10.6,12.2,12.2,0.73
10.6,10.6,12.3,12.3,0.716
10.6,10.6,12.4,12.4,0.73
10.6,10.6,12.5,12.5,0.72
10.6,10.6,12.6,12.6,0.71
10.6,10.6,12.7,12.7,0.74
10.6,10.6,12.8,12.8,0.722
10.6,10.6,12.9,12.9,0.746
10.6,10.6,13.0,13.0,0.774
10.6,10.6,13.1,13.1,0.736
10.6,10.6,13.2,13.2,0.694
10.6,10.6,13.3,13.3,0.734
10.6,10.6,13.4,13.4,0.758
10.6,10.6,13.5,13.5,0.78
10.6,10.6,13.6,13.6,0.704
10.6,10.6,13.7,13.7,0.722
10.6,10.6,13.8,13.8,0.732
10.6,10.6,13.9,13.9,0.712
10.6,10.6,14.0,14.0,0.782
10.6,10.6,14.1,14.1,0.74
10.6,10.6,14.2,14.2,0.744
10.6,10.6,14.3,14.3,0.74
10.6,10.6,14.4,14.4,0.72
10.6,10.6,14.5,14.5,0.73
10.6,10.6,14.6,14.6,0.776
10.6,10.6,14.7,14.7,0.744
10.6,10.6,14.8,14.8,0.77
10.6,10.6,14.9,14.9,0.754
10.6,10.6,15.0,15.0,0.812
10.6,10.6,15.1,15.1,0.738
10.7,10.7,0.1,0.1,0.044
10.7,10.7,0.2,0.2,0.052
10.7,10.7,0.3,0.3,0.056
10.7,10.7,0.4,0.4,0.064
10.7,10.7,0.5,0.5,0.066
10.7,10.7,0.6,0.6,0.078
10.7,10.7,0.7,0.7,0.128
10.7,10.7,0.8,0.8,0.118
10.7,10.7,0.9,0.9,0.11
10.7,10.7,1.0,1.0,0.116
10.7,10.7,1.1,1.1,0.146
10.7,10.7,1.2,1.2,0.17
10.7,10.7,1.3,1.3,0.148
10.7,10.7,1.4,1.4,0.162
10.7,10.7,1.5,1.5,0.17
10.7,10.7,1.6,1.6,0.16
10.7,10.7,1.7,1.7,0.2
10.7,10.7,1.8,1.8,0.204
10.7,10.7,1.9,1.9,0.216
10.7,10.7,2.0,2.0,0.202
10.7,10.7,2.1,2.1,0.214
10.7,10.7,2.2,2.2,0.252
10.7,10.7,2.3,2.3,0.24
10.7,10.7,2.4,2.4,0.258
10.7,10.7,2.5,2.5,0.272
10.7,10.7,2.6,2.6,0.272
10.7,10.7,2.7,2.7,0.25
10.7,10.7,2.8,2.8,0.284
10.7,10.7,2.9,2.9,0.31
10.7,10.7,3.0,3.0,0.306
10.7,10.7,3.1,3.1,0.298
10.7,10.7,3.2,3.2,0.312
10.7,10.7,3.3,3.3,0.33
10.7,10.7,3.4,3.4,0.328
10.7,10.7,3.5,3.5,0.33
10.7,10.7,3.6,3.6,0.306
10.7,10.7,3.7,3.7,0.358
10.7,10.7,3.8,3.8,0.332
10.7,10.7,3.9,3.9,0.402
10.7,10.7,4.0,4.0,0.38
10.7,10.7,4.1,4.1,0.372
10.7,10.7,4.2,4.2,0.426
10.7,10.7,4.3,4.3,0.39
10.7,10.7,4.4,4.4,0.434
10.7,10.7,4.5,4.5,0.422
10.7,10.7,4.6,4.6,0.426
10.7,10.7,4.7,4.7,0.422
10.7,10.7,4.8,4.8,0.428
10.7,10.7,4.9,4.9,0.438
10.7,10.7,5.0,5.0,0.482
10.7,10.7,5.1,5.1,0.468
10.7,10.7,5.2,5.2,0.474
10.7,10.7,5.3,5.3,0.45
10.7,10.7,5.4,5.4,0.5
10.7,10.7,5.5,5.5,0.476
10.7,10.7,5.6,5.6,0.48
10.7,10.7,5.7,5.7,0.512
10.7,10.7,5.8,5.8,0.492
10.7,10.7,5.9,5.9,0.514
10.7,10.7,6.0,6.0,0.52
10.7,10.7,6.1,6.1,0.534
10.7,10.7,6.2,6.2,0.544
10.7,10.7,6.3,6.3,0.506
10.7,10.7,6.4,6.4,0.546
10.7,10.7,6.5,6.5,0.526
10.7,10.7,6.6,6.6,0.572
10.7,10.7,6.7,6.7,0.554
10.7,10.7,6.8,6.8,0.532
10.7,10.7,6.9,6.9,0.578
10.7,10.7,7.0,7.0,0.612
10.7,10.7,7.1,7.1,0.608
10.7,10.7,7.2,7.2,0.59
10.7,10.7,7.3,7.3,0.594
10.7,10.7,7.4,7.4,0.59
10.7,10.7,7.5,7.5,0.604
10.7,10.7,7.6,7.6,0.614
10.7,10.7,7.7,7.7,0.608
10.7,10.7,7.8,7.8,0.608
10.7,10.7,7.9,7.9,0.598
10.7,10.7,8.0,8.0,0.598
10.7,10.7,8.1,8.1,0.57
10.7,10.7,8.2,8.2,0.602
10.7,10.7,8.3,8.3,0.618
10.7,10.7,8.4,8.4,0.64
10.7,10.7,8.5,8.5,0.62
10.7,10.7,8.6,8.6,0.606
10.7,10.7,8.7,8.7,0.6
10.7,10.7,8.8,8.8,0.63
10.7,10.7,8.9,8.9,0.648
10.7,10.7,9.0,9.0,0.672
10.7,10.7,9.1,9.1,0.634
10.7,10.7,9.2,9.2,0.664
10.7,10.7,9.3,9.3,0.66
10.7,10.7,9.4,9.4,0.658
10.7,10.7,9.5,9.5,0.654
10.7,10.7,9.6,9.6,0.618
10.7,10.7,9.7,9.7,0.67
10.7,10.7,9.8,9.8,0.698
10.7,10.7,9.9,9.9,0.662
10.7,10.7,10.0,10.0,0.68
10.7,10.7,10.1,10.1,0.694
10.7,10.7,10.2,10.2,0.694
10.7,10.7,10.3,10.3,0.668
10.7,10.7,10.4,10.4,0.704
10.7,10.7,10.5,10.5,0.688
10.7,10.7,10.6,10.6,0.678
10.7,10.7,10.7,10.7,0.688
10.7,10.7,10.8,10.8,0.704
10.7,10.7,10.9,10.9,0.672
10.7,10.7,11.0,11.0,0.664
10.7,10.7,11.1,11.1,0.702
10.7,10.7,11.2,11.2,0.688
10.7,10.7,11.3,11.3,0.69
10.7,10.7,11.4,11.4,0.696
10.7,10.7,11.5,11.5,0.714
10.7,10.7,11.6,11.6,0.706
10.7,10.7,11.7,11.7,0.66
10.7,10.7,11.8,11.8,0.708
10.7,10.7,11.9,11.9,0.734
10.7,10.7,12.0,12.0,0.72
10.7,10.7,12.1,12.1,0.758
10.7,10.7,12.2,12.2,0.756
10.7,10.7,12.3,12.3,0.712
10.7,10.7,12.4,12.4,0.716
10.7,10.7,12.5,12.5,0.742
10.7,10.7,12.6,12.6,0.71
10.7,10.7,12.7,12.7,0.768
10.7,10.7,12.8,12.8,0.706
10.7,10.7,12.9,12.9,0.74
10.7,10.7,13.0,13.0,0.716
10.7,10.7,13.1,13.1,0.774
10.7,10.7,13.2,13.2,0.728
10.7,10.7,13.3,13.3,0.746
10.7,10.7,13.4,13.4,0.726
10.7,10.7,13.5,13.5,0.732
10.7,10.7,13.6,13.6,0.758
10.7,10.7,13.7,13.7,0.74
10.7,10.7,13.8,13.8,0.738
10.7,10.7,13.9,13.9,0.708
10.7,10.7,14.0,14.0,0.782
10.7,10.7,14.1,14.1,0.738
10.7,10.7,14.2,14.2,0.742
10.7,10.7,14.3,14.3,0.722
10.7,10.7,14.4,14.4,0.726
10.7,10.7,14.5,14.5,0.762
10.7,10.7,14.6,14.6,0.742
10.7,10.7,14.7,14.7,0.73
10.7,10.7,14.8,14.8,0.736
10.7,10.7,14.9,14.9,0.746
10.7,10.7,15.0,15.0,0.748
10.7,10.7,15.1,15.1,0.782
10.8,10.8,0.1,0.1,0.054
10.8,10.8,0.2,0.2,0.048
10.8,10.8,0.3,0.3,0.054
10.8,10.8,0.4,0.4,0.048
10.8,10.8,0.5,0.5,0.076
10.8,10.8,0.6,0.6,0.096
10.8,10.8,0.7,0.7,0.098
10.8,10.8,0.8,0.8,0.102
10.8,10.8,0.9,0.9,0.11
10.8,10.8,1.0,1.0,0.15
10.8,10.8,1.1,1.1,0.142
10.8,10.8,1.2,1.2,0.134
10.8,10.8,1.3,1.3,0.136
10.8,10.8,1.4,1.4,0.16
10.8,10.8,1.5,1.5,0.188
10.8,10.8,1.6,1.6,0.172
10.8,10.8,1.7,1.7,0.196
10.8,10.8,1.8,1.8,0.214
10.8,10.8,1.9,1.9,0.216
10.8,10.8,2.0,2.0,0.214
10.8,10.8,2.1,2.1,0.25
10.8,10.8,2.2,2.2,0.246
10.8,10.8,2.3,2.3,0.242
10.8,10.8,2.4,2.4,0.254
10.8,10.8,2.5,2.5,0.22
10.8,10.8,2.6,2.6,0.27
10.8,10.8,2.7,2.7,0.27
10.8,10.8,2.8,2.8,0.328
10.8,10.8,2.9,2.9,0.288
10.8,10.8,3.0,3.0,0.298
10.8,10.8,3.1,3.1,0.31
10.8,10.8,3.2,3.2,0.31
10.8,10.8,3.3,3.3,0.33
10.8,10.8,3.4,3.4,0.34
10.8,10.8,3.5,3.5,0.384
10.8,10.8,3.6,3.6,0.34
10.8,10.8,3.7,3.7,0.352
10.8,10.8,3.8,3.8,0.358
10.8,10.8,3.9,3.9,0.408
10.8,10.8,4.0,4.0,0.382
10.8,10.8,4.1,4.1,0.372
10.8,10.8,4.2,4.2,0.424
10.8,10.8,4.3,4.3,0.402
10.8,10.8,4.4,4.4,0.428
10.8,10.8,4.5,4.5,0.412
10.8,10.8,4.6,4.6,0.44
10.8,10.8,4.7,4.7,0.42
10.8,10.8,4.8,4.8,0.428
10.8,10.8,4.9,4.9,0.454
10.8,10.8,5.0,5.0,0.506
10.8,10.8,5.1,5.1,0.498
10.8,10.8,5.2,5.2,0.502
10.8,10.8,5.3,5.3,0.516
10.8,10.8,5.4,5.4,0.516
10.8,10.8,5.5,5.5,0.494
10.8,10.8,5.6,5.6,0.466
10.8,10.8,5.7,5.7,0.498
10.8,10.8,5.8,5.8,0.518
10.8,10.8,5.9,5.9,0.524
10.8,10.8,6.0,6.0,0.546
10.8,10.8,6.1,6.1,0.506
10.8,10.8,6.2,6.2,0.53
10.8,10.8,6.3,6.3,0.51
10.8,10.8,6.4,6.4,0.546
10.8,10.8,6.5,6.5,0.552
10.8,10.8,6.6,6.6,0.528
10.8,10.8,6.7,6.7,0.556
10.8,10.8,6.8,6.8,0.59
10.8,10.8,6.9,6.9,0.564
10.8,10.8,7.0,7.0,0.514
10.8,10.8,7.1,7.1,0.572
10.8,10.8,7.2,7.2,0.596
10.8,10.8,7.3,7.3,0.622
10.8,10.8,7.4,7.4,0.584
10.8,10.8,7.5,7.5,0.57
10.8,10.8,7.6,7.6,0.62
10.8,10.8,7.7,7.7,0.614
10.8,10.8,7.8,7.8,0.626
10.8,10.8,7.9,7.9,0.638
10.8,10.8,8.0,8.0,0.61
10.8,10.8,8.1,8.1,0.64
10.8,10.8,8.2,8.2,0.61
10.8,10.8,8.3,8.3,0.598
10.8,10.8,8.4,8.4,0.584
10.8,10.8,8.5,8.5,0.602
10.8,10.8,8.6,8.6,0.64
10.8,10.8,8.7,8.7,0.61
10.8,10.8,8.8,8.8,0.642
10.8,10.8,8.9,8.9,0.65
10.8,10.8,9.0,9.0,0.628
10.8,10.8,9.1,9.1,0.67
10.8,10.8,9.2,9.2,0.628
10.8,10.8,9.3,9.3,0.618
10.8,10.8,9.4,9.4,0.648
10.8,10.8,9.5,9.5,0.656
10.8,10.8,9.6,9.6,0.684
10.8,10.8,9.7,9.7,0.624
10.8,10.8,9.8,9.8,0.678
10.8,10.8,9.9,9.9,0.656
10.8,10.8,10.0,10.0,0.686
10.8,10.8,10.1,10.1,0.678
10.8,10.8,10.2,10.2,0.702
10.8,10.8,10.3,10.3,0.662
10.8,10.8,10.4,10.4,0.698
10.8,10.8,10.5,10.5,0.66
10.8,10.8,10.6,10.6,0.698
10.8,10.8,10.7,10.7,0.702
10.8,10.8,10.8,10.8,0.698
10.8,10.8,10.9,10.9,0.724
10.8,10.8,11.0,11.0,0.678
10.8,10.8,11.1,11.1,0.698
10.8,10.8,11.2,11.2,0.694
10.8,10.8,11.3,11.3,0.744
10.8,10.8,11.4,11.4,0.7
10.8,10.8,11.5,11.5,0.684
10.8,10.8,11.6,11.6,0.69
10.8,10.8,11.7,11.7,0.712
10.8,10.8,11.8,11.8,0.676
10.8,10.8,11.9,11.9,0.722
10.8,10.8,12.0,12.0,0.68
10.8,10.8,12.1,12.1,0.738
10.8,10.8,12.2,12.2,0.706
10.8,10.8,12.3,12.3,0.728
10.8,10.8,12.4,12.4,0.732
10.8,10.8,12.5,12.5,0.688
10.8,10.8,12.6,12.6,0.732
10.8,10.8,12.7,12.7,0.716
10.8,10.8,12.8,12.8,0.694
10.8,10.8,12.9,12.9,0.736
10.8,10.8,13.0,13.0,0.712
10.8,10.8,13.1,13.1,0.74
10.8,10.8,13.2,13.2,0.724
10.8,10.8,13.3,13.3,0.748
10.8,10.8,13.4,13.4,0.71
10.8,10.8,13.5,13.5,0.744
10.8,10.8,13.6,13.6,0.796
10.8,10.8,13.7,13.7,0.764
10.8,10.8,13.8,13.8,0.748
10.8,10.8,13.9,13.9,0.746
10.8,10.8,14.0,14.0,0.72
10.8,10.8,14.1,14.1,0.766
10.8,10.8,14.2,14.2,0.76
10.8,10.8,14.3,14.3,0.752
10.8,10.8,14.4,14.4,0.772
10.8,10.8,14.5,14.5,0.748
10.8,10.8,14.6,14.6,0.78
10.8,10.8,14.7,14.7,0.714
10.8,10.8,14.8,14.8,0.764
10.8,10.8,14.9,14.9,0.768
10.8,10.8,15.0,15.0,0.752
10.8,10.8,15.1,15.1,0.752
10.9,10.9,0.1,0.1,0.034
10.9,10.9,0.2,0.2,0.058
10.9,10.9,0.3,0.3,0.06
10.9,10.9,0.4,0.4,0.056
10.9,10.9,0.5,0.5,0.07
10.9,10.9,0.6,0.6,0.08
10.9,10.9,0.7,0.7,0.118
10.9,10.9,0.8,0.8,0.114
10.9,10.9,0.9,0.9,0.084
10.9,10.9,1.0,1.0,0.118
10.9,10.9,1.1,1.1,0.17
10.9,10.9,1.2,1.2,0.136
10.9,10.9,1.3,1.3,0.138
10.9,10.9,1.4,1.4,0.208
10.9,10.9,1.5,1.5,0.156
10.9,10.9,1.6,1.6,0.192
10.9,10.9,1.7,1.7,0.186
10.9,10.9,1.8,1.8,0.196
10.9,10.9,1.9,1.9,0.246
10.9,10.9,2.0,2.0,0.218
10.9,10.9,2.1,2.1,0.228
10.9,10.9,2.2,2.2,0.232
10.9,10.9,2.3,2.3,0.252
10.9,10.9,2.4,2.4,0.264
10.9,10.9,2.5,2.5,0.278
10.9,10.9,2.6,2.6,0.258
10.9,10.9,2.7,2.7,0.288
10.9,10.9,2.8,2.8,0.258
10.9,10.9,2.9,2.9,0.286
10.9,10.9,3.0,3.0,0.34
10.9,10.9,3.1,3.1,0.364
10.9,10.9,3.2,3.2,0.316
10.9,10.9,3.3,3.3,0.344
10.9,10.9,3.4,3.4,0.318
10.9,10.9,3.5,3.5,0.344
10.9,10.9,3.6,3.6,0.394
10.9,10.9,3.7,3.7,0.376
10.9,10.9,3.8,3.8,0.394
10.9,10.9,3.9,3.9,0.388
10.9,10.9,4.0,4.0,0.342
10.9,10.9,4.1,4.1,0.382
10.9,10.9,4.2,4.2,0.366
10.9,10.9,4.3,4.3,0.386
10.9,10.9,4.4,4.4,0.416
10.9,10.9,4.5,4.5,0.436
10.9,10.9,4.6,4.6,0.4
10.9,10.9,4.7,4.7,0.434
10.9,10.9,4.8,4.8,0.442
10.9,10.9,4.9,4.9,0.48
10.9,10.9,5.0,5.0,0.432
10.9,10.9,5.1,5.1,0.404
10.9,10.9,5.2,5.2,0.464
10.9,10.9,5.3,5.3,0.474
10.9,10.9,5.4,5.4,0.478
10.9,10.9,5.5,5.5,0.482
10.9,10.9,5.6,5.6,0.508
10.9,10.9,5.7,5.7,0.498
10.9,10.9,5.8,5.8,0.498
10.9,10.9,5.9,5.9,0.508
10.9,10.9,6.0,6.0,0.564
10.9,10.9,6.1,6.1,0.476
10.9,10.9,6.2,6.2,0.498
10.9,10.9,6.3,6.3,0.502
10.9,10.9,6.4,6.4,0.572
10.9,10.9,6.5,6.5,0.532
10.9,10.9,6.6,6.6,0.558
10.9,10.9,6.7,6.7,0.526
10.9,10.9,6.8,6.8,0.514
10.9,10.9,6.9,6.9,0.582
10.9,10.9,7.0,7.0,0.562
10.9,10.9,7.1,7.1,0.528
10.9,10.9,7.2,7.2,0.572
10.9,10.9,7.3,7.3,0.566
10.9,10.9,7.4,7.4,0.594
10.9,10.9,7.5,7.5,0.616
10.9,10.9,7.6,7.6,0.586
10.9,10.9,7.7,7.7,0.592
10.9,10.9,7.8,7.8,0.626
10.9,10.9,7.9,7.9,0.6
10.9,10.9,8.0,8.0,0.584
10.9,10.9,8.1,8.1,0.656
10.9,10.9,8.2,8.2,0.608
10.9,10.9,8.3,8.3,0.604
10.9,10.9,8.4,8.4,0.62
10.9,10.9,8.5,8.5,0.642
10.9,10.9,8.6,8.6,0.632
10.9,10.9,8.7,8.7,0.66
10.9,10.9,8.8,8.8,0.606
10.9,10.9,8.9,8.9,0.672
10.9,10.9,9.0,9.0,0.624
10.9,10.9,9.1,9.1,0.646
10.9,10.9,9.2,9.2,0.648
10.9,10.9,9.3,9.3,0.62
10.9,10.9,9.4,9.4,0.668
10.9,10.9,9.5,9.5,0.618
10.9,10.9,9.6,9.6,0.644
10.9,10.9,9.7,9.7,0.632
10.9,10.9,9.8,9.8,0.662
10.9,10.9,9.9,9.9,0.684
10.9,10.9,10.0,10.0,0.636
10.9,10.9,10.1,10.1,0.684
10.9,10.9,10.2,10.2,0.672
10.9,10.9,10.3,10.3,0.652
10.9,10.9,10.4,10.4,0.704
10.9,10.9,10.5,10.5,0.7
10.9,10.9,10.6,10.6,0.672
10.9,10.9,10.7,10.7,0.686
10.9,10.9,10.8,10.8,0.73
10.9,10.9,10.9,10.9,0.696
10.9,10.9,11.0,11.0,0.696
10.9,10.9,11.1,11.1,0.714
10.9,10.9,11.2,11.2,0.728
10.9,10.9,11.3,11.3,0.676
10.9,10.9,11.4,11.4,0.728
10.9,10.9,11.5,11.5,0.714
10.9,10.9,11.6,11.6,0.662
10.9,10.9,11.7,11.7,0.68
10.9,10.9,11.8,11.8,0.706
10.9,10.9,11.9,11.9,0.71
10.9,10.9,12.0,12.0,0.706
10.9,10.9,12.1,12.1,0.708
10.9,10.9,12.2,12.2,0.73
10.9,10.9,12.3,12.3,0.718
10.9,10.9,12.4,12.4,0.706
10.9,10.9,12.5,12.5,0.744
10.9,10.9,12.6,12.6,0.726
10.9,10.9,12.7,12.7,0.736
10.9,10.9,12.8,12.8,0.716
10.9,10.9,12.9,12.9,0.748
10.9,10.9,13.0,13.0,0.716
10.9,10.9,13.1,13.1,0.732
10.9,10.9,13.2,13.2,0.754
10.9,10.9,13.3,13.3,0.716
10.9,10.9,13.4,13.4,0.73
10.9,10.9,13.5,13.5,0.748
10.9,10.9,13.6,13.6,0.718
10.9,10.9,13.7,13.7,0.752
10.9,10.9,13.8,13.8,0.762
10.9,10.9,13.9,13.9,0.742
10.9,10.9,14.0,14.0,0.748
10.9,10.9,14.1,14.1,0.718
10.9,10.9,14.2,14.2,0.734
10.9,10.9,14.3,14.3,0.754
10.9,10.9,14.4,14.4,0.744
10.9,10.9,14.5,14.5,0.732
10.9,10.9,14.6,14.6,0.726
10.9,10.9,14.7,14.7,0.756
10.9,10.9,14.8,14.8,0.766
10.9,10.9,14.9,14.9,0.748
10.9,10.9,15.0,15.0,0.744
10.9,10.9,15.1,15.1,0.764
11.0,11.0,0.1,0.1,0.03
11.0,11.0,0.2,0.2,0.048
11.0,11.0,0.3,0.3,0.048
11.0,11.0,0.4,0.4,0.076
11.0,11.0,0.5,0.5,0.096
11.0,11.0,0.6,0.6,0.084
11.0,11.0,0.7,0.7,0.072
11.0,11.0,0.8,0.8,0.156
11.0,11.0,0.9,0.9,0.128
11.0,11.0,1.0,1.0,0.098
11.0,11.0,1.1,1.1,0.116
11.0,11.0,1.2,1.2,0.156
11.0,11.0,1.3,1.3,0.158
11.0,11.0,1.4,1.4,0.154
11.0,11.0,1.5,1.5,0.142
11.0,11.0,1.6,1.6,0.182
11.0,11.0,1.7,1.7,0.188
11.0,11.0,1.8,1.8,0.19
11.0,11.0,1.9,1.9,0.214
11.0,11.0,2.0,2.0,0.25
11.0,11.0,2.1,2.1,0.222
11.0,11.0,2.2,2.2,0.268
11.0,11.0,2.3,2.3,0.232
11.0,11.0,2.4,2.4,0.28
11.0,11.0,2.5,2.5,0.266
11.0,11.0,2.6,2.6,0.274
11.0,11.0,2.7,2.7,0.32
11.0,11.0,2.8,2.8,0.316
11.0,11.0,2.9,2.9,0.266
11.0,11.0,3.0,3.0,0.314
11.0,11.0,3.1,3.1,0.324
11.0,11.0,3.2,3.2,0.334
11.0,11.0,3.3,3.3,0.298
11.0,11.0,3.4,3.4,0.298
11.0,11.0,3.5,3.5,0.354
11.0,11.0,3.6,3.6,0.358
11.0,11.0,3.7,3.7,0.356
11.0,11.0,3.8,3.8,0.302
11.0,11.0,3.9,3.9,0.378
11.0,11.0,4.0,4.0,0.394
11.0,11.0,4.1,4.1,0.364
11.0,11.0,4.2,4.2,0.398
11.0,11.0,4.3,4.3,0.394
11.0,11.0,4.4,4.4,0.4
11.0,11.0,4.5,4.5,0.372
11.0,11.0,4.6,4.6,0.45
11.0,11.0,4.7,4.7,0.4
11.0,11.0,4.8,4.8,0.412
11.0,11.0,4.9,4.9,0.418
11.0,11.0,5.0,5.0,0.496
11.0,11.0,5.1,5.1,0.41
11.0,11.0,5.2,5.2,0.498
11.0,11.0,5.3,5.3,0.46
11.0,11.0,5.4,5.4,0.45
11.0,11.0,5.5,5.5,0.486
11.0,11.0,5.6,5.6,0.46
11.0,11.0,5.7,5.7,0.456
11.0,11.0,5.8,5.8,0.504
11.0,11.0,5.9,5.9,0.48
11.0,11.0,6.0,6.0,0.5
11.0,11.0,6.1,6.1,0.534
11.0,11.0,6.2,6.2,0.516
11.0,11.0,6.3,6.3,0.504
11.0,11.0,6.4,6.4,0.546
11.0,11.0,6.5,6.5,0.54
11.0,11.0,6.6,6.6,0.57
11.0,11.0,6.7,6.7,0.57
11.0,11.0,6.8,6.8,0.558
11.0,11.0,6.9,6.9,0.578
11.0,11.0,7.0,7.0,0.586
11.0,11.0,7.1,7.1,0.546
11.0,11.0,7.2,7.2,0.574
11.0,11.0,7.3,7.3,0.56
11.0,11.0,7.4,7.4,0.58
11.0,11.0,7.5,7.5,0.554
11.0,11.0,7.6,7.6,0.574
11.0,11.0,7.7,7.7,0.616
11.0,11.0,7.8,7.8,0.57
11.0,11.0,7.9,7.9,0.6
11.0,11.0,8.0,8.0,0.604
11.0,11.0,8.1,8.1,0.6
11.0,11.0,8.2,8.2,0.63
11.0,11.0,8.3,8.3,0.604
11.0,11.0,8.4,8.4,0.6
11.0,11.0,8.5,8.5,0.604
11.0,11.0,8.6,8.6,0.648
11.0,11.0,8.7,8.7,0.578
11.0,11.0,8.8,8.8,0.646
11.0,11.0,8.9,8.9,0.652
11.0,11.0,9.0,9.0,0.636
11.0,11.0,9.1,9.1,0.642
11.0,11.0,9.2,9.2,0.714
11.0,11.0,9.3,9.3,0.636
11.0,11.0,9.4,9.4,0.642
11.0,11.0,9.5,9.5,0.618
11.0,11.0,9.6,9.6,0.636
11.0,11.0,9.7,9.7,0.626
11.0,11.0,9.8,9.8,0.64
11.0,11.0,9.9,9.9,0.694
11.0,11.0,10.0,10.0,0.714
11.0,11.0,10.1,10.1,0.664
11.0,11.0,10.2,10.2,0.668
11.0,11.0,10.3,10.3,0.688
11.0,11.0,10.4,10.4,0.668
11.0,11.0,10.5,10.5,0.664
11.0,11.0,10.6,10.6,0.674
11.0,11.0,10.7,10.7,0.664
11.0,11.0,10.8,10.8,0.666
11.0,11.0,10.9,10.9,0.732
11.0,11.0,11.0,11.0,0.688
11.0,11.0,11.1,11.1,0.684
11.0,11.0,11.2,11.2,0.67
11.0,11.0,11.3,11.3,0.716
11.0,11.0,11.4,11.4,0.71
11.0,11.0,11.5,11.5,0.688
11.0,11.0,11.6,11.6,0.72
11.0,11.0,11.7,11.7,0.722
11.0,11.0,11.8,11.8,0.664
11.0,11.0,11.9,11.9,0.7
11.0,11.0,12.0,12.0,0.674
11.0,11.0,12.1,12.1,0.728
11.0,11.0,12.2,12.2,0.728
11.0,11.0,12.3,12.3,0.716
11.0,11.0,12.4,12.4,0.702
11.0,11.0,12.5,12.5,0.714
11.0,11.0,12.6,12.6,0.75
11.0,11.0,12.7,12.7,0.736
11.0,11.0,12.8,12.8,0.706
11.0,11.0,12.9,12.9,0.716
11.0,11.0,13.0,13.0,0.72
11.0,11.0,13.1,13.1,0.724
11.0,11.0,13.2,13.2,0.73
11.0,11.0,13.3,13.3,0.776
11.0,11.0,13.4,13.4,0.688
11.0,11.0,13.5,13.5,0.716
11.0,11.0,13.6,13.6,0.706
11.0,11.0,13.7,13.7,0.734
11.0,11.0,13.8,13.8,0.748
11.0,11.0,13.9,13.9,0.764
11.0,11.0,14.0,14.0,0.736
11.0,11.0,14.1,14.1,0.744
11.0,11.0,14.2,14.2,0.72
11.0,11.0,14.3,14.3,0.746
11.0,11.0,14.4,14.4,0.706
11.0,11.0,14.5,14.5,0.732
11.0,11.0,14.6,14.6,0.756
11.0,11.0,14.7,14.7,0.746
11.0,11.0,14.8,14.8,0.738
11.0,11.0,14.9,14.9,0.758
11.0,11.0,15.0,15.0,0.722
11.0,11.0,15.1,15.1,0.754
11.1,11.1,0.1,0.1,0.034
11.1,11.1,0.2,0.2,0.048
11.1,11.1,0.3,0.3,0.044
11.1,11.1,0.4,0.4,0.074
11.1,11.1,0.5,0.5,0.082
11.1,11.1,0.6,0.6,0.104
11.1,11.1,0.7,0.7,0.09
11.1,11.1,0.8,0.8,0.096
11.1,11.1,0.9,0.9,0.092
11.1,11.1,1.0,1.0,0.132
11.1,11.1,1.1,1.1,0.126
11.1,11.1,1.2,1.2,0.146
11.1,11.1,1.3,1.3,0.146
11.1,11.1,1.4,1.4,0.144
11.1,11.1,1.5,1.5,0.174
11.1,11.1,1.6,1.6,0.186
11.1,11.1,1.7,1.7,0.168
11.1,11.1,1.8,1.8,0.198
11.1,11.1,1.9,1.9,0.196
11.1,11.1,2.0,2.0,0.2
11.1,11.1,2.1,2.1,0.21
11.1,11.1,2.2,2.2,0.262
11.1,11.1,2.3,2.3,0.218
11.1,11.1,2.4,2.4,0.262
11.1,11.1,2.5,2.5,0.272
11.1,11.1,2.6,2.6,0.276
11.1,11.1,2.7,2.7,0.306
11.1,11.1,2.8,2.8,0.286
11.1,11.1,2.9,2.9,0.272
11.1,11.1,3.0,3.0,0.282
11.1,11.1,3.1,3.1,0.308
11.1,11.1,3.2,3.2,0.312
11.1,11.1,3.3,3.3,0.302
11.1,11.1,3.4,3.4,0.294
11.1,11.1,3.5,3.5,0.326
11.1,11.1,3.6,3.6,0.356
11.1,11.1,3.7,3.7,0.328
11.1,11.1,3.8,3.8,0.33
11.1,11.1,3.9,3.9,0.38
11.1,11.1,4.0,4.0,0.44
11.1,11.1,4.1,4.1,0.378
11.1,11.1,4.2,4.2,0.4
11.1,11.1,4.3,4.3,0.404
11.1,11.1,4.4,4.4,0.398
11.1,11.1,4.5,4.5,0.462
11.1,11.1,4.6,4.6,0.384
11.1,11.1,4.7,4.7,0.436
11.1,11.1,4.8,4.8,0.43
11.1,11.1,4.9,4.9,0.448
11.1,11.1,5.0,5.0,0.43
11.1,11.1,5.1,5.1,0.412
11.1,11.1,5.2,5.2,0.474
11.1,11.1,5.3,5.3,0.46
11.1,11.1,5.4,5.4,0.49
11.1,11.1,5.5,5.5,0.476
11.1,11.1,5.6,5.6,0.5
11.1,11.1,5.7,5.7,0.5
11.1,11.1,5.8,5.8,0.484
11.1,11.1,5.9,5.9,0.504
11.1,11.1,6.0,6.0,0.48
11.1,11.1,6.1,6.1,0.534
11.1,11.1,6.2,6.2,0.552
11.1,11.1,6.3,6.3,0.536
11.1,11.1,6.4,6.4,0.504
11.1,11.1,6.5,6.5,0.558
11.1,11.1,6.6,6.6,0.516
11.1,11.1,6.7,6.7,0.526
11.1,11.1,6.8,6.8,0.548
11.1,11.1,6.9,6.9,0.578
11.1,11.1,7.0,7.0,0.564
11.1,11.1,7.1,7.1,0.572
11.1,11.1,7.2,7.2,0.562
11.1,11.1,7.3,7.3,0.542
11.1,11.1,7.4,7.4,0.54
11.1,11.1,7.5,7.5,0.584
11.1,11.1,7.6,7.6,0.582
11.1,11.1,7.7,7.7,0.594
11.1,11.1,7.8,7.8,0.602
11.1,11.1,7.9,7.9,0.596
11.1,11.1,8.0,8.0,0.608
11.1,11.1,8.1,8.1,0.57
11.1,11.1,8.2,8.2,0.604
11.1,11.1,8.3,8.3,0.64
11.1,11.1,8.4,8.4,0.6
11.1,11.1,8.5,8.5,0.602
11.1,11.1,8.6,8.6,0.594
11.1,11.1,8.7,8.7,0.57
11.1,11.1,8.8,8.8,0.576
11.1,11.1,8.9,8.9,0.666
11.1,11.1,9.0,9.0,0.636
11.1,11.1,9.1,9.1,0.634
11.1,11.1,9.2,9.2,0.642
11.1,11.1,9.3,9.3,0.616
11.1,11.1,9.4,9.4,0.648
11.1,11.1,9.5,9.5,0.634
11.1,11.1,9.6,9.6,0.674
11.1,11.1,9.7,9.7,0.656
11.1,11.1,9.8,9.8,0.672
11.1,11.1,9.9,9.9,0.654
11.1,11.1,10.0,10.0,0.656
11.1,11.1,10.1,10.1,0.674
11.1,11.1,10.2,10.2,0.658
11.1,11.1,10.3,10.3,0.684
11.1,11.1,10.4,10.4,0.662
11.1,11.1,10.5,10.5,0.698
11.1,11.1,10.6,10.6,0.676
11.1,11.1,10.7,10.7,0.696
11.1,11.1,10.8,10.8,0.712
11.1,11.1,10.9,10.9,0.71
11.1,11.1,11.0,11.0,0.684
11.1,11.1,11.1,11.1,0.706
11.1,11.1,11.2,11.2,0.652
11.1,11.1,11.3,11.3,0.688
11.1,11.1,11.4,11.4,0.704
11.1,11.1,11.5,11.5,0.69
11.1,11.1,11.6,11.6,0.686
11.1,11.1,11.7,11.7,0.704
11.1,11.1,11.8,11.8,0.696
11.1,11.1,11.9,11.9,0.708
11.1,11.1,12.0,12.0,0.706
11.1,11.1,12.1,12.1,0.712
11.1,11.1,12.2,12.2,0.714
11.1,11.1,12.3,12.3,0.698
11.1,11.1,12.4,12.4,0.688
11.1,11.1,12.5,12.5,0.716
11.1,11.1,12.6,12.6,0.75
11.1,11.1,12.7,12.7,0.72
11.1,11.1,12.8,12.8,0.73
11.1,11.1,12.9,12.9,0.72
11.1,11.1,13.0,13.0,0.698
11.1,11.1,13.1,13.1,0.694
11.1,11.1,13.2,13.2,0.75
11.1,11.1,13.3,13.3,0.744
11.1,11.1,13.4,13.4,0.716
11.1,11.1,13.5,13.5,0.706
11.1,11.1,13.6,13.6,0.736
11.1,11.1,13.7,13.7,0.728
11.1,11.1,13.8,13.8,0.75
11.1,11.1,13.9,13.9,0.73
11.1,11.1,14.0,14.0,0.716
11.1,11.1,14.1,14.1,0.78
11.1,11.1,14.2,14.2,0.758
11.1,11.1,14.3,14.3,0.75
11.1,11.1,14.4,14.4,0.76
11.1,11.1,14.5,14.5,0.74
11.1,11.1,14.6,14.6,0.764
11.1,11.1,14.7,14.7,0.79
11.1,11.1,14.8,14.8,0.78
11.1,11.1,14.9,14.9,0.716
11.1,11.1,15.0,15.0,0.748
11.1,11.1,15.1,15.1,0.766
11.2,11.2,0.1,0.1,0.068
11.2,11.2,0.2,0.2,0.042
11.2,11.2,0.3,0.3,0.054
11.2,11.2,0.4,0.4,0.06
11.2,11.2,0.5,0.5,0.078
11.2,11.2,0.6,0.6,0.1
11.2,11.2,0.7,0.7,0.08
11.2,11.2,0.8,0.8,0.09
11.2,11.2,0.9,0.9,0.102
11.2,11.2,1.0,1.0,0.082
11.2,11.2,1.1,1.1,0.112
11.2,11.2,1.2,1.2,0.122
11.2,11.2,1.3,1.3,0.162
11.2,11.2,1.4,1.4,0.15
11.2,11.2,1.5,1.5,0.184
11.2,11.2,1.6,1.6,0.186
11.2,11.2,1.7,1.7,0.206
11.2,11.2,1.8,1.8,0.188
11.2,11.2,1.9,1.9,0.232
11.2,11.2,2.0,2.0,0.216
11.2,11.2,2.1,2.1,0.204
11.2,11.2,2.2,2.2,0.216
11.2,11.2,2.3,2.3,0.256
11.2,11.2,2.4,2.4,0.228
11.2,11.2,2.5,2.5,0.27
11.2,11.2,2.6,2.6,0.252
11.2,11.2,2.7,2.7,0.272
11.2,11.2,2.8,2.8,0.272
11.2,11.2,2.9,2.9,0.288
11.2,11.2,3.0,3.0,0.29
11.2,11.2,3.1,3.1,0.276
11.2,11.2,3.2,3.2,0.336
11.2,11.2,3.3,3.3,0.324
11.2,11.2,3.4,3.4,0.326
11.2,11.2,3.5,3.5,0.356
11.2,11.2,3.6,3.6,0.386
11.2,11.2,3.7,3.7,0.35
11.2,11.2,3.8,3.8,0.354
11.2,11.2,3.9,3.9,0.368
11.2,11.2,4.0,4.0,0.372
11.2,11.2,4.1,4.1,0.418
11.2,11.2,4.2,4.2,0.39
11.2,11.2,4.3,4.3,0.366
11.2,11.2,4.4,4.4,0.376
11.2,11.2,4.5,4.5,0.36
11.2,11.2,4.6,4.6,0.45
11.2,11.2,4.7,4.7,0.434
11.2,11.2,4.8,4.8,0.402
11.2,11.2,4.9,4.9,0.404
11.2,11.2,5.0,5.0,0.438
11.2,11.2,5.1,5.1,0.448
11.2,11.2,5.2,5.2,0.408
11.2,11.2,5.3,5.3,0.48
11.2,11.2,5.4,5.4,0.462
11.2,11.2,5.5,5.5,0.468
11.2,11.2,5.6,5.6,0.466
11.2,11.2,5.7,5.7,0.47
11.2,11.2,5.8,5.8,0.484
11.2,11.2,5.9,5.9,0.474
11.2,11.2,6.0,6.0,0.476
11.2,11.2,6.1,6.1,0.52
11.2,11.2,6.2,6.2,0.576
11.2,11.2,6.3,6.3,0.526
11.2,11.2,6.4,6.4,0.548
11.2,11.2,6.5,6.5,0.512
11.2,11.2,6.6,6.6,0.514
11.2,11.2,6.7,6.7,0.53
11.2,11.2,6.8,6.8,0.55
11.2,11.2,6.9,6.9,0.532
11.2,11.2,7.0,7.0,0.522
11.2,11.2,7.1,7.1,0.582
11.2,11.2,7.2,7.2,0.564
11.2,11.2,7.3,7.3,0.598
11.2,11.2,7.4,7.4,0.574
11.2,11.2,7.5,7.5,0.57
11.2,11.2,7.6,7.6,0.58
11.2,11.2,7.7,7.7,0.594
11.2,11.2,7.8,7.8,0.592
11.2,11.2,7.9,7.9,0.592
11.2,11.2,8.0,8.0,0.632
11.2,11.2,8.1,8.1,0.602
11.2,11.2,8.2,8.2,0.626
11.2,11.2,8.3,8.3,0.616
11.2,11.2,8.4,8.4,0.618
11.2,11.2,8.5,8.5,0.584
11.2,11.2,8.6,8.6,0.612
11.2,11.2,8.7,8.7,0.64
11.2,11.2,8.8,8.8,0.656
11.2,11.2,8.9,8.9,0.6
11.2,11.2,9.0,9.0,0.59
11.2,11.2,9.1,9.1,0.638
11.2,11.2,9.2,9.2,0.656
11.2,11.2,9.3,9.3,0.656
11.2,11.2,9.4,9.4,0.606
11.2,11.2,9.5,9.5,0.64
11.2,11.2,9.6,9.6,0.656
11.2,11.2,9.7,9.7,0.648
11.2,11.2,9.8,9.8,0.682
11.2,11.2,9.9,9.9,0.676
11.2,11.2,10.0,10.0,0.688
11.2,11.2,10.1,10.1,0.68
11.2,11.2,10.2,10.2,0.64
11.2,11.2,10.3,10.3,0.648
11.2,11.2,10.4,10.4,0.668
11.2,11.2,10.5,10.5,0.666
11.2,11.2,10.6,10.6,0.666
11.2,11.2,10.7,10.7,0.688
11.2,11.2,10.8,10.8,0.65
11.2,11.2,10.9,10.9,0.662
11.2,11.2,11.0,11.0,0.708
11.2,11.2,11.1,11.1,0.658
11.2,11.2,11.2,11.2,0.668
11.2,11.2,11.3,11.3,0.678
11.2,11.2,11.4,11.4,0.7
11.2,11.2,11.5,11.5,0.696
11.2,11.2,11.6,11.6,0.73
11.2,11.2,11.7,11.7,0.698
11.2,11.2,11.8,11.8,0.698
11.2,11.2,11.9,11.9,0.71
11.2,11.2,12.0,12.0,0.706
11.2,11.2,12.1,12.1,0.708
11.2,11.2,12.2,12.2,0.72
11.2,11.2,12.3,12.3,0.692
11.2,11.2,12.4,12.4,0.692
11.2,11.2,12.5,12.5,0.702
11.2,11.2,12.6,12.6,0.706
11.2,11.2,12.7,12.7,0.764
11.2,11.2,12.8,12.8,0.704
11.2,11.2,12.9,12.9,0.718
11.2,11.2,13.0,13.0,0.76
11.2,11.2,13.1,13.1,0.73
11.2,11.2,13.2,13.2,0.762
11.2,11.2,13.3,13.3,0.722
11.2,11.2,13.4,13.4,0.722
11.2,11.2,13.5,13.5,0.742
11.2,11.2,13.6,13.6,0.726
11.2,11.2,13.7,13.7,0.75
11.2,11.2,13.8,13.8,0.75
11.2,11.2,13.9,13.9,0.696
11.2,11.2,14.0,14.0,0.78
11.2,11.2,14.1,14.1,0.748
11.2,11.2,14.2,14.2,0.73
11.2,11.2,14.3,14.3,0.736
11.2,11.2,14.4,14.4,0.746
11.2,11.2,14.5,14.5,0.718
11.2,11.2,14.6,14.6,0.738
11.2,11.2,14.7,14.7,0.762
11.2,11.2,14.8,14.8,0.722
11.2,11.2,14.9,14.9,0.77
11.2,11.2,15.0,15.0,0.752
11.2,11.2,15.1,15.1,0.754
11.3,11.3,0.1,0.1,0.04
11.3,11.3,0.2,0.2,0.058
11.3,11.3,0.3,0.3,0.038
11.3,11.3,0.4,0.4,0.064
11.3,11.3,0.5,0.5,0.076
11.3,11.3,0.6,0.6,0.096
11.3,11.3,0.7,0.7,0.068
11.3,11.3,0.8,0.8,0.096
11.3,11.3,0.9,0.9,0.106
11.3,11.3,1.0,1.0,0.13
11.3,11.3,1.1,1.1,0.138
11.3,11.3,1.2,1.2,0.17
11.3,11.3,1.3,1.3,0.172
11.3,11.3,1.4,1.4,0.138
11.3,11.3,1.5,1.5,0.186
11.3,11.3,1.6,1.6,0.184
11.3,11.3,1.7,1.7,0.196
11.3,11.3,1.8,1.8,0.206
11.3,11.3,1.9,1.9,0.178
11.3,11.3,2.0,2.0,0.202
11.3,11.3,2.1,2.1,0.21
11.3,11.3,2.2,2.2,0.256
11.3,11.3,2.3,2.3,0.27
11.3,11.3,2.4,2.4,0.226
11.3,11.3,2.5,2.5,0.26
11.3,11.3,2.6,2.6,0.28
11.3,11.3,2.7,2.7,0.276
11.3,11.3,2.8,2.8,0.272
11.3,11.3,2.9,2.9,0.288
11.3,11.3,3.0,3.0,0.304
11.3,11.3,3.1,3.1,0.288
11.3,11.3,3.2,3.2,0.296
11.3,11.3,3.3,3.3,0.33
11.3,11.3,3.4,3.4,0.346
11.3,11.3,3.5,3.5,0.342
11.3,11.3,3.6,3.6,0.378
11.3,11.3,3.7,3.7,0.342
11.3,11.3,3.8,3.8,0.374
11.3,11.3,3.9,3.9,0.372
11.3,11.3,4.0,4.0,0.386
11.3,11.3,4.1,4.1,0.36
11.3,11.3,4.2,4.2,0.36
11.3,11.3,4.3,4.3,0.392
11.3,11.3,4.4,4.4,0.36
11.3,11.3,4.5,4.5,0.404
11.3,11.3,4.6,4.6,0.438
11.3,11.3,4.7,4.7,0.426
11.3,11.3,4.8,4.8,0.442
11.3,11.3,4.9,4.9,0.434
11.3,11.3,5.0,5.0,0.442
11.3,11.3,5.1,5.1,0.438
11.3,11.3,5.2,5.2,0.44
11.3,11.3,5.3,5.3,0.444
11.3,11.3,5.4,5.4,0.442
11.3,11.3,5.5,5.5,0.466
11.3,11.3,5.6,5.6,0.508
11.3,11.3,5.7,5.7,0.486
11.3,11.3,5.8,5.8,0.516
11.3,11.3,5.9,5.9,0.474
11.3,11.3,6.0,6.0,0.498
11.3,11.3,6.1,6.1,0.504
11.3,11.3,6.2,6.2,0.49
11.3,11.3,6.3,6.3,0.542
11.3,11.3,6.4,6.4,0.516
11.3,11.3,6.5,6.5,0.562
11.3,11.3,6.6,6.6,0.57
11.3,11.3,6.7,6.7,0.528
11.3,11.3,6.8,6.8,0.552
11.3,11.3,6.9,6.9,0.57
11.3,11.3,7.0,7.0,0.56
11.3,11.3,7.1,7.1,0.558
11.3,11.3,7.2,7.2,0.534
11.3,11.3,7.3,7.3,0.54
11.3,11.3,7.4,7.4,0.586
11.3,11.3,7.5,7.5,0.614
11.3,11.3,7.6,7.6,0.588
11.3,11.3,7.7,7.7,0.56
11.3,11.3,7.8,7.8,0.558
11.3,11.3,7.9,7.9,0.578
11.3,11.3,8.0,8.0,0.628
11.3,11.3,8.1,8.1,0.584
11.3,11.3,8.2,8.2,0.602
11.3,11.3,8.3,8.3,0.582
11.3,11.3,8.4,8.4,0.594
11.3,11.3,8.5,8.5,0.61
11.3,11.3,8.6,8.6,0.614
11.3,11.3,8.7,8.7,0.642
11.3,11.3,8.8,8.8,0.608
11.3,11.3,8.9,8.9,0.63
11.3,11.3,9.0,9.0,0.62
11.3,11.3,9.1,9.1,0.632
11.3,11.3,9.2,9.2,0.662
11.3,11.3,9.3,9.3,0.662
11.3,11.3,9.4,9.4,0.654
11.3,11.3,9.5,9.5,0.62
11.3,11.3,9.6,9.6,0.662
11.3,11.3,9.7,9.7,0.662
11.3,11.3,9.8,9.8,0.68
11.3,11.3,9.9,9.9,0.7
11.3,11.3,10.0,10.0,0.648
11.3,11.3,10.1,10.1,0.684
11.3,11.3,10.2,10.2,0.648
11.3,11.3,10.3,10.3,0.7
11.3,11.3,10.4,10.4,0.67
11.3,11.3,10.5,10.5,0.702
11.3,11.3,10.6,10.6,0.664
11.3,11.3,10.7,10.7,0.654
11.3,11.3,10.8,10.8,0.698
11.3,11.3,10.9,10.9,0.706
11.3,11.3,11.0,11.0,0.674
11.3,11.3,11.1,11.1,0.694
11.3,11.3,11.2,11.2,0.708
11.3,11.3,11.3,11.3,0.714
11.3,11.3,11.4,11.4,0.704
11.3,11.3,11.5,11.5,0.68
11.3,11.3,11.6,11.6,0.742
11.3,11.3,11.7,11.7,0.698
11.3,11.3,11.8,11.8,0.692
11.3,11.3,11.9,11.9,0.71
11.3,11.3,12.0,12.0,0.686
11.3,11.3,12.1,12.1,0.74
11.3,11.3,12.2,12.2,0.708
11.3,11.3,12.3,12.3,0.712
11.3,11.3,12.4,12.4,0.694
11.3,11.3,12.5,12.5,0.702
11.3,11.3,12.6,12.6,0.71
11.3,11.3,12.7,12.7,0.714
11.3,11.3,12.8,12.8,0.72
11.3,11.3,12.9,12.9,0.724
11.3,11.3,13.0,13.0,0.708
11.3,11.3,13.1,13.1,0.732
11.3,11.3,13.2,13.2,0.732
11.3,11.3,13.3,13.3,0.734
11.3,11.3,13.4,13.4,0.75
11.3,11.3,13.5,13.5,0.75
11.3,11.3,13.6,13.6,0.726
11.3,11.3,13.7,13.7,0.738
11.3,11.3,13.8,13.8,0.708
11.3,11.3,13.9,13.9,0.724
11.3,11.3,14.0,14.0,0.724
11.3,11.3,14.1,14.1,0.786
11.3,11.3,14.2,14.2,0.716
11.3,11.3,14.3,14.3,0.724
11.3,11.3,14.4,14.4,0.74
11.3,11.3,14.5,14.5,0.708
11.3,11.3,14.6,14.6,0.712
11.3,11.3,14.7,14.7,0.752
11.3,11.3,14.8,14.8,0.732
11.3,11.3,14.9,14.9,0.728
11.3,11.3,15.0,15.0,0.752
11.3,11.3,15.1,15.1,0.706
11.4,11.4,0.1,0.1,0.038
11.4,11.4,0.2,0.2,0.046
11.4,11.4,0.3,0.3,0.03
11.4,11.4,0.4,0.4,0.062
11.4,11.4,0.5,0.5,0.078
11.4,11.4,0.6,0.6,0.086
11.4,11.4,0.7,0.7,0.104
11.4,11.4,0.8,0.8,0.112
11.4,11.4,0.9,0.9,0.092
11.4,11.4,1.0,1.0,0.104
11.4,11.4,1.1,1.1,0.114
11.4,11.4,1.2,1.2,0.136
11.4,11.4,1.3,1.3,0.126
11.4,11.4,1.4,1.4,0.142
11.4,11.4,1.5,1.5,0.164
11.4,11.4,1.6,1.6,0.17
11.4,11.4,1.7,1.7,0.188
11.4,11.4,1.8,1.8,0.2
11.4,11.4,1.9,1.9,0.198
11.4,11.4,2.0,2.0,0.232
11.4,11.4,2.1,2.1,0.23
11.4,11.4,2.2,2.2,0.24
11.4,11.4,2.3,2.3,0.254
11.4,11.4,2.4,2.4,0.24
11.4,11.4,2.5,2.5,0.26
11.4,11.4,2.6,2.6,0.246
11.4,11.4,2.7,2.7,0.25
11.4,11.4,2.8,2.8,0.276
11.4,11.4,2.9,2.9,0.292
11.4,11.4,3.0,3.0,0.288
11.4,11.4,3.1,3.1,0.304
11.4,11.4,3.2,3.2,0.288
11.4,11.4,3.3,3.3,0.324
11.4,11.4,3.4,3.4,0.346
11.4,11.4,3.5,3.5,0.338
11.4,11.4,3.6,3.6,0.36
11.4,11.4,3.7,3.7,0.302
11.4,11.4,3.8,3.8,0.362
11.4,11.4,3.9,3.9,0.35
11.4,11.4,4.0,4.0,0.366
11.4,11.4,4.1,4.1,0.334
11.4,11.4,4.2,4.2,0.368
11.4,11.4,4.3,4.3,0.412
11.4,11.4,4.4,4.4,0.384
11.4,11.4,4.5,4.5,0.408
11.4,11.4,4.6,4.6,0.442
11.4,11.4,4.7,4.7,0.444
11.4,11.4,4.8,4.8,0.45
11.4,11.4,4.9,4.9,0.462
11.4,11.4,5.0,5.0,0.44
11.4,11.4,5.1,5.1,0.418
11.4,11.4,5.2,5.2,0.512
11.4,11.4,5.3,5.3,0.476
11.4,11.4,5.4,5.4,0.486
11.4,11.4,5.5,5.5,0.468
11.4,11.4,5.6,5.6,0.476
11.4,11.4,5.7,5.7,0.51
11.4,11.4,5.8,5.8,0.516
11.4,11.4,5.9,5.9,0.504
11.4,11.4,6.0,6.0,0.476
11.4,11.4,6.1,6.1,0.474
11.4,11.4,6.2,6.2,0.552
11.4,11.4,6.3,6.3,0.492
11.4,11.4,6.4,6.4,0.528
11.4,11.4,6.5,6.5,0.522
11.4,11.4,6.6,6.6,0.514
11.4,11.4,6.7,6.7,0.522
11.4,11.4,6.8,6.8,0.558
11.4,11.4,6.9,6.9,0.498
11.4,11.4,7.0,7.0,0.556
11.4,11.4,7.1,7.1,0.54
11.4,11.4,7.2,7.2,0.536
11.4,11.4,7.3,7.3,0.56
11.4,11.4,7.4,7.4,0.548
11.4,11.4,7.5,7.5,0.556
11.4,11.4,7.6,7.6,0.566
11.4,11.4,7.7,7.7,0.548
11.4,11.4,7.8,7.8,0.582
11.4,11.4,7.9,7.9,0.604
11.4,11.4,8.0,8.0,0.586
11.4,11.4,8.1,8.1,0.6
11.4,11.4,8.2,8.2,0.612
11.4,11.4,8.3,8.3,0.596
11.4,11.4,8.4,8.4,0.632
11.4,11.4,8.5,8.5,0.618
11.4,11.4,8.6,8.6,0.626
11.4,11.4,8.7,8.7,0.632
11.4,11.4,8.8,8.8,0.634
11.4,11.4,8.9,8.9,0.602
11.4,11.4,9.0,9.0,0.602
11.4,11.4,9.1,9.1,0.622
11.4,11.4,9.2,9.2,0.612
11.4,11.4,9.3,9.3,0.62
11.4,11.4,9.4,9.4,0.63
11.4,11.4,9.5,9.5,0.652
11.4,11.4,9.6,9.6,0.672
11.4,11.4,9.7,9.7,0.64
11.4,11.4,9.8,9.8,0.698
11.4,11.4,9.9,9.9,0.628
11.4,11.4,10.0,10.0,0.658
11.4,11.4,10.1,10.1,0.65
11.4,11.4,10.2,10.2,0.66
11.4,11.4,10.3,10.3,0.642
11.4,11.4,10.4,10.4,0.642
11.4,11.4,10.5,10.5,0.66
11.4,11.4,10.6,10.6,0.65
11.4,11.4,10.7,10.7,0.682
11.4,11.4,10.8,10.8,0.656
11.4,11.4,10.9,10.9,0.69
11.4,11.4,11.0,11.0,0.694
11.4,11.4,11.1,11.1,0.694
11.4,11.4,11.2,11.2,0.668
11.4,11.4,11.3,11.3,0.706
11.4,11.4,11.4,11.4,0.698
11.4,11.4,11.5,11.5,0.69
11.4,11.4,11.6,11.6,0.728
11.4,11.4,11.7,11.7,0.712
11.4,11.4,11.8,11.8,0.716
11.4,11.4,11.9,11.9,0.73
11.4,11.4,12.0,12.0,0.698
11.4,11.4,12.1,12.1,0.716
11.4,11.4,12.2,12.2,0.716
11.4,11.4,12.3,12.3,0.74
11.4,11.4,12.4,12.4,0.722
11.4,11.4,12.5,12.5,0.668
11.4,11.4,12.6,12.6,0.696
11.4,11.4,12.7,12.7,0.72
11.4,11.4,12.8,12.8,0.718
11.4,11.4,12.9,12.9,0.74
11.4,11.4,13.0,13.0,0.762
11.4,11.4,13.1,13.1,0.734
11.4,11.4,13.2,13.2,0.718
11.4,11.4,13.3,13.3,0.75
11.4,11.4,13.4,13.4,0.738
11.4,11.4,13.5,13.5,0.748
11.4,11.4,13.6,13.6,0.734
11.4,11.4,13.7,13.7,0.686
11.4,11.4,13.8,13.8,0.756
11.4,11.4,13.9,13.9,0.738
11.4,11.4,14.0,14.0,0.72
11.4,11.4,14.1,14.1,0.71
11.4,11.4,14.2,14.2,0.736
11.4,11.4,14.3,14.3,0.744
11.4,11.4,14.4,14.4,0.736
11.4,11.4,14.5,14.5,0.76
11.4,11.4,14.6,14.6,0.748
11.4,11.4,14.7,14.7,0.716
11.4,11.4,14.8,14.8,0.734
11.4,11.4,14.9,14.9,0.774
11.4,11.4,15.0,15.0,0.726
11.4,11.4,15.1,15.1,0.762
11.5,11.5,0.1,0.1,0.032
11.5,11.5,0.2,0.2,0.042
11.5,11.5,0.3,0.3,0.068
11.5,11.5,0.4,0.4,0.066
11.5,11.5,0.5,0.5,0.076
11.5,11.5,0.6,0.6,0.078
11.5,11.5,0.7,0.7,0.094
11.5,11.5,0.8,0.8,0.096
11.5,11.5,0.9,0.9,0.132
11.5,11.5,1.0,1.0,0.104
11.5,11.5,1.1,1.1,0.114
11.5,11.5,1.2,1.2,0.138
11.5,11.5,1.3,1.3,0.132
11.5,11.5,1.4,1.4,0.164
11.5,11.5,1.5,1.5,0.198
11.5,11.5,1.6,1.6,0.166
11.5,11.5,1.7,1.7,0.186
11.5,11.5,1.8,1.8,0.174
11.5,11.5,1.9,1.9,0.19
11.5,11.5,2.0,2.0,0.198
11.5,11.5,2.1,2.1,0.258
11.5,11.5,2.2,2.2,0.23
11.5,11.5,2.3,2.3,0.26
11.5,11.5,2.4,2.4,0.232
11.5,11.5,2.5,2.5,0.266
11.5,11.5,2.6,2.6,0.284
11.5,11.5,2.7,2.7,0.304
11.5,11.5,2.8,2.8,0.268
11.5,11.5,2.9,2.9,0.294
11.5,11.5,3.0,3.0,0.31
11.5,11.5,3.1,3.1,0.322
11.5,11.5,3.2,3.2,0.296
11.5,11.5,3.3,3.3,0.31
11.5,11.5,3.4,3.4,0.33
11.5,11.5,3.5,3.5,0.322
11.5,11.5,3.6,3.6,0.324
11.5,11.5,3.7,3.7,0.354
11.5,11.5,3.8,3.8,0.324
11.5,11.5,3.9,3.9,0.356
11.5,11.5,4.0,4.0,0.358
11.5,11.5,4.1,4.1,0.386
11.5,11.5,4.2,4.2,0.382
11.5,11.5,4.3,4.3,0.406
11.5,11.5,4.4,4.4,0.408
11.5,11.5,4.5,4.5,0.36
11.5,11.5,4.6,4.6,0.37
11.5,11.5,4.7,4.7,0.388
11.5,11.5,4.8,4.8,0.454
11.5,11.5,4.9,4.9,0.442
11.5,11.5,5.0,5.0,0.448
11.5,11.5,5.1,5.1,0.44
11.5,11.5,5.2,5.2,0.446
11.5,11.5,5.3,5.3,0.476
11.5,11.5,5.4,5.4,0.452
11.5,11.5,5.5,5.5,0.47
11.5,11.5,5.6,5.6,0.456
11.5,11.5,5.7,5.7,0.464
11.5,11.5,5.8,5.8,0.5
11.5,11.5,5.9,5.9,0.456
11.5,11.5,6.0,6.0,0.494
11.5,11.5,6.1,6.1,0.51
11.5,11.5,6.2,6.2,0.498
11.5,11.5,6.3,6.3,0.506
11.5,11.5,6.4,6.4,0.522
11.5,11.5,6.5,6.5,0.52
11.5,11.5,6.6,6.6,0.528
11.5,11.5,6.7,6.7,0.546
11.5,11.5,6.8,6.8,0.534
11.5,11.5,6.9,6.9,0.572
11.5,11.5,7.0,7.0,0.5
11.5,11.5,7.1,7.1,0.552
11.5,11.5,7.2,7.2,0.49
11.5,11.5,7.3,7.3,0.604
11.5,11.5,7.4,7.4,0.538
11.5,11.5,7.5,7.5,0.53
11.5,11.5,7.6,7.6,0.596
11.5,11.5,7.7,7.7,0.548
11.5,11.5,7.8,7.8,0.594
11.5,11.5,7.9,7.9,0.56
11.5,11.5,8.0,8.0,0.618
11.5,11.5,8.1,8.1,0.596
11.5,11.5,8.2,8.2,0.618
11.5,11.5,8.3,8.3,0.618
11.5,11.5,8.4,8.4,0.586
11.5,11.5,8.5,8.5,0.616
11.5,11.5,8.6,8.6,0.584
11.5,11.5,8.7,8.7,0.574
11.5,11.5,8.8,8.8,0.596
11.5,11.5,8.9,8.9,0.638
11.5,11.5,9.0,9.0,0.642
11.5,11.5,9.1,9.1,0.594
11.5,11.5,9.2,9.2,0.604
11.5,11.5,9.3,9.3,0.604
11.5,11.5,9.4,9.4,0.63
11.5,11.5,9.5,9.5,0.658
11.5,11.5,9.6,9.6,0.64
11.5,11.5,9.7,9.7,0.652
11.5,11.5,9.8,9.8,0.68
11.5,11.5,9.9,9.9,0.662
11.5,11.5,10.0,10.0,0.636
11.5,11.5,10.1,10.1,0.652
11.5,11.5,10.2,10.2,0.67
11.5,11.5,10.3,10.3,0.656
11.5,11.5,10.4,10.4,0.602
11.5,11.5,10.5,10.5,0.676
11.5,11.5,10.6,10.6,0.672
11.5,11.5,10.7,10.7,0.668
11.5,11.5,10.8,10.8,0.658
11.5,11.5,10.9,10.9,0.67
11.5,11.5,11.0,11.0,0.71
11.5,11.5,11.1,11.1,0.688
11.5,11.5,11.2,11.2,0.68
11.5,11.5,11.3,11.3,0.648
11.5,11.5,11.4,11.4,0.702
11.5,11.5,11.5,11.5,0.7
11.5,11.5,11.6,11.6,0.69
11.5,11.5,11.7,11.7,0.678
11.5,11.5,11.8,11.8,0.702
11.5,11.5,11.9,11.9,0.692
11.5,11.5,12.0,12.0,0.736
11.5,11.5,12.1,12.1,0.69
11.5,11.5,12.2,12.2,0.714
11.5,11.5,12.3,12.3,0.736
11.5,11.5,12.4,12.4,0.75
11.5,11.5,12.5,12.5,0.71
11.5,11.5,12.6,12.6,0.692
11.5,11.5,12.7,12.7,0.708
11.5,11.5,12.8,12.8,0.716
11.5,11.5,12.9,12.9,0.712
11.5,11.5,13.0,13.0,0.712
11.5,11.5,13.1,13.1,0.728
11.5,11.5,13.2,13.2,0.722
11.5,11.5,13.3,13.3,0.7
11.5,11.5,13.4,13.4,0.72
11.5,11.5,13.5,13.5,0.738
11.5,11.5,13.6,13.6,0.72
11.5,11.5,13.7,13.7,0.738
11.5,11.5,13.8,13.8,0.736
11.5,11.5,13.9,13.9,0.732
11.5,11.5,14.0,14.0,0.736
11.5,11.5,14.1,14.1,0.718
11.5,11.5,14.2,14.2,0.74
11.5,11.5,14.3,14.3,0.736
11.5,11.5,14.4,14.4,0.754
11.5,11.5,14.5,14.5,0.73
11.5,11.5,14.6,14.6,0.736
11.5,11.5,14.7,14.7,0.728
11.5,11.5,14.8,14.8,0.744
11.5,11.5,14.9,14.9,0.724
11.5,11.5,15.0,15.0,0.78
11.5,11.5,15.1,15.1,0.736
11.6,11.6,0.1,0.1,0.028
11.6,11.6,0.2,0.2,0.06
11.6,11.6,0.3,0.3,0.056
11.6,11.6,0.4,0.4,0.064
11.6,11.6,0.5,0.5,0.08
11.6,11.6,0.6,0.6,0.07
11.6,11.6,0.7,0.7,0.06
11.6,11.6,0.8,0.8,0.076
11.6,11.6,0.9,0.9,0.126
11.6,11.6,1.0,1.0,0.1
11.6,11.6,1.1,1.1,0.112
11.6,11.6,1.2,1.2,0.138
11.6,11.6,1.3,1.3,0.134
11.6,11.6,1.4,1.4,0.158
11.6,11.6,1.5,1.5,0.148
11.6,11.6,1.6,1.6,0.178
11.6,11.6,1.7,1.7,0.178
11.6,11.6,1.8,1.8,0.216
11.6,11.6,1.9,1.9,0.216
11.6,11.6,2.0,2.0,0.212
11.6,11.6,2.1,2.1,0.212
11.6,11.6,2.2,2.2,0.22
11.6,11.6,2.3,2.3,0.238
11.6,11.6,2.4,2.4,0.228
11.6,11.6,2.5,2.5,0.214
11.6,11.6,2.6,2.6,0.26
11.6,11.6,2.7,2.7,0.274
11.6,11.6,2.8,2.8,0.258
11.6,11.6,2.9,2.9,0.286
11.6,11.6,3.0,3.0,0.284
11.6,11.6,3.1,3.1,0.272
11.6,11.6,3.2,3.2,0.308
11.6,11.6,3.3,3.3,0.32
11.6,11.6,3.4,3.4,0.342
11.6,11.6,3.5,3.5,0.318
11.6,11.6,3.6,3.6,0.346
11.6,11.6,3.7,3.7,0.39
11.6,11.6,3.8,3.8,0.348
11.6,11.6,3.9,3.9,0.368
11.6,11.6,4.0,4.0,0.37
11.6,11.6,4.1,4.1,0.4
11.6,11.6,4.2,4.2,0.362
11.6,11.6,4.3,4.3,0.394
11.6,11.6,4.4,4.4,0.408
11.6,11.6,4.5,4.5,0.382
11.6,11.6,4.6,4.6,0.36
11.6,11.6,4.7,4.7,0.41
11.6,11.6,4.8,4.8,0.426
11.6,11.6,4.9,4.9,0.412
11.6,11.6,5.0,5.0,0.432
11.6,11.6,5.1,5.1,0.44
11.6,11.6,5.2,5.2,0.45
11.6,11.6,5.3,5.3,0.418
11.6,11.6,5.4,5.4,0.474
11.6,11.6,5.5,5.5,0.464
11.6,11.6,5.6,5.6,0.45
11.6,11.6,5.7,5.7,0.496
11.6,11.6,5.8,5.8,0.488
11.6,11.6,5.9,5.9,0.478
11.6,11.6,6.0,6.0,0.504
11.6,11.6,6.1,6.1,0.492
11.6,11.6,6.2,6.2,0.532
11.6,11.6,6.3,6.3,0.54
11.6,11.6,6.4,6.4,0.502
11.6,11.6,6.5,6.5,0.524
11.6,11.6,6.6,6.6,0.494
11.6,11.6,6.7,6.7,0.522
11.6,11.6,6.8,6.8,0.502
11.6,11.6,6.9,6.9,0.544
11.6,11.6,7.0,7.0,0.522
11.6,11.6,7.1,7.1,0.542
11.6,11.6,7.2,7.2,0.52
11.6,11.6,7.3,7.3,0.554
11.6,11.6,7.4,7.4,0.554
11.6,11.6,7.5,7.5,0.592
11.6,11.6,7.6,7.6,0.584
11.6,11.6,7.7,7.7,0.57
11.6,11.6,7.8,7.8,0.594
11.6,11.6,7.9,7.9,0.582
11.6,11.6,8.0,8.0,0.586
11.6,11.6,8.1,8.1,0.602
11.6,11.6,8.2,8.2,0.612
11.6,11.6,8.3,8.3,0.594
11.6,11.6,8.4,8.4,0.586
11.6,11.6,8.5,8.5,0.608
11.6,11.6,8.6,8.6,0.608
11.6,11.6,8.7,8.7,0.606
11.6,11.6,8.8,8.8,0.608
11.6,11.6,8.9,8.9,0.61
11.6,11.6,9.0,9.0,0.632
11.6,11.6,9.1,9.1,0.59
11.6,11.6,9.2,9.2,0.612
11.6,11.6,9.3,9.3,0.63
11.6,11.6,9.4,9.4,0.662
11.6,11.6,9.5,9.5,0.656
11.6,11.6,9.6,9.6,0.62
11.6,11.6,9.7,9.7,0.666
11.6,11.6,9.8,9.8,0.654
11.6,11.6,9.9,9.9,0.616
11.6,11.6,10.0,10.0,0.656
11.6,11.6,10.1,10.1,0.662
11.6,11.6,10.2,10.2,0.68
11.6,11.6,10.3,10.3,0.648
11.6,11.6,10.4,10.4,0.694
11.6,11.6,10.5,10.5,0.658
11.6,11.6,10.6,10.6,0.656
11.6,11.6,10.7,10.7,0.658
11.6,11.6,10.8,10.8,0.726
11.6,11.6,10.9,10.9,0.66
11.6,11.6,11.0,11.0,0.646
11.6,11.6,11.1,11.1,0.648
11.6,11.6,11.2,11.2,0.706
11.6,11.6,11.3,11.3,0.682
11.6,11.6,11.4,11.4,0.684
11.6,11.6,11.5,11.5,0.692
11.6,11.6,11.6,11.6,0.694
11.6,11.6,11.7,11.7,0.686
11.6,11.6,11.8,11.8,0.658
11.6,11.6,11.9,11.9,0.69
11.6,11.6,12.0,12.0,0.72
11.6,11.6,12.1,12.1,0.694
11.6,11.6,12.2,12.2,0.686
11.6,11.6,12.3,12.3,0.694
11.6,11.6,12.4,12.4,0.72
11.6,11.6,12.5,12.5,0.678
11.6,11.6,12.6,12.6,0.746
11.6,11.6,12.7,12.7,0.672
11.6,11.6,12.8,12.8,0.736
11.6,11.6,12.9,12.9,0.742
11.6,11.6,13.0,13.0,0.744
11.6,11.6,13.1,13.1,0.722
11.6,11.6,13.2,13.2,0.706
11.6,11.6,13.3,13.3,0.744
11.6,11.6,13.4,13.4,0.722
11.6,11.6,13.5,13.5,0.748
11.6,11.6,13.6,13.6,0.72
11.6,11.6,13.7,13.7,0.706
11.6,11.6,13.8,13.8,0.734
11.6,11.6,13.9,13.9,0.704
11.6,11.6,14.0,14.0,0.756
11.6,11.6,14.1,14.1,0.766
11.6,11.6,14.2,14.2,0.734
11.6,11.6,14.3,14.3,0.786
11.6,11.6,14.4,14.4,0.738
11.6,11.6,14.5,14.5,0.71
11.6,11.6,14.6,14.6,0.73
11.6,11.6,14.7,14.7,0.738
11.6,11.6,14.8,14.8,0.754
11.6,11.6,14.9,14.9,0.744
11.6,11.6,15.0,15.0,0.734
11.6,11.6,15.1,15.1,0.776
11.7,11.7,0.1,0.1,0.052
11.7,11.7,0.2,0.2,0.04
11.7,11.7,0.3,0.3,0.054
11.7,11.7,0.4,0.4,0.038
11.7,11.7,0.5,0.5,0.072
11.7,11.7,0.6,0.6,0.106
11.7,11.7,0.7,0.7,0.104
11.7,11.7,0.8,0.8,0.104
11.7,11.7,0.9,0.9,0.084
11.7,11.7,1.0,1.0,0.114
11.7,11.7,1.1,1.1,0.12
11.7,11.7,1.2,1.2,0.14
11.7,11.7,1.3,1.3,0.13
11.7,11.7,1.4,1.4,0.138
11.7,11.7,1.5,1.5,0.162
11.7,11.7,1.6,1.6,0.166
11.7,11.7,1.7,1.7,0.164
11.7,11.7,1.8,1.8,0.21
11.7,11.7,1.9,1.9,0.174
11.7,11.7,2.0,2.0,0.216
11.7,11.7,2.1,2.1,0.218
11.7,11.7,2.2,2.2,0.238
11.7,11.7,2.3,2.3,0.232
11.7,11.7,2.4,2.4,0.26
11.7,11.7,2.5,2.5,0.246
11.7,11.7,2.6,2.6,0.288
11.7,11.7,2.7,2.7,0.286
11.7,11.7,2.8,2.8,0.274
11.7,11.7,2.9,2.9,0.308
11.7,11.7,3.0,3.0,0.276
11.7,11.7,3.1,3.1,0.342
11.7,11.7,3.2,3.2,0.316
11.7,11.7,3.3,3.3,0.314
11.7,11.7,3.4,3.4,0.32
11.7,11.7,3.5,3.5,0.316
11.7,11.7,3.6,3.6,0.342
11.7,11.7,3.7,3.7,0.322
11.7,11.7,3.8,3.8,0.358
11.7,11.7,3.9,3.9,0.33
11.7,11.7,4.0,4.0,0.406
11.7,11.7,4.1,4.1,0.374
11.7,11.7,4.2,4.2,0.332
11.7,11.7,4.3,4.3,0.406
11.7,11.7,4.4,4.4,0.39
11.7,11.7,4.5,4.5,0.404
11.7,11.7,4.6,4.6,0.412
11.7,11.7,4.7,4.7,0.45
11.7,11.7,4.8,4.8,0.424
11.7,11.7,4.9,4.9,0.45
11.7,11.7,5.0,5.0,0.426
11.7,11.7,5.1,5.1,0.416
11.7,11.7,5.2,5.2,0.424
11.7,11.7,5.3,5.3,0.434
11.7,11.7,5.4,5.4,0.464
11.7,11.7,5.5,5.5,0.478
11.7,11.7,5.6,5.6,0.476
11.7,11.7,5.7,5.7,0.462
11.7,11.7,5.8,5.8,0.48
11.7,11.7,5.9,5.9,0.512
11.7,11.7,6.0,6.0,0.518
11.7,11.7,6.1,6.1,0.526
11.7,11.7,6.2,6.2,0.488
11.7,11.7,6.3,6.3,0.498
11.7,11.7,6.4,6.4,0.504
11.7,11.7,6.5,6.5,0.546
11.7,11.7,6.6,6.6,0.534
11.7,11.7,6.7,6.7,0.532
11.7,11.7,6.8,6.8,0.528
11.7,11.7,6.9,6.9,0.546
11.7,11.7,7.0,7.0,0.532
11.7,11.7,7.1,7.1,0.588
11.7,11.7,7.2,7.2,0.55
11.7,11.7,7.3,7.3,0.562
11.7,11.7,7.4,7.4,0.544
11.7,11.7,7.5,7.5,0.536
11.7,11.7,7.6,7.6,0.6
11.7,11.7,7.7,7.7,0.578
11.7,11.7,7.8,7.8,0.568
11.7,11.7,7.9,7.9,0.58
11.7,11.7,8.0,8.0,0.564
11.7,11.7,8.1,8.1,0.588
11.7,11.7,8.2,8.2,0.588
11.7,11.7,8.3,8.3,0.586
11.7,11.7,8.4,8.4,0.566
11.7,11.7,8.5,8.5,0.606
11.7,11.7,8.6,8.6,0.634
11.7,11.7,8.7,8.7,0.6
11.7,11.7,8.8,8.8,0.588
11.7,11.7,8.9,8.9,0.648
11.7,11.7,9.0,9.0,0.66
11.7,11.7,9.1,9.1,0.616
11.7,11.7,9.2,9.2,0.644
11.7,11.7,9.3,9.3,0.61
11.7,11.7,9.4,9.4,0.658
11.7,11.7,9.5,9.5,0.592
11.7,11.7,9.6,9.6,0.626
11.7,11.7,9.7,9.7,0.61
11.7,11.7,9.8,9.8,0.652
11.7,11.7,9.9,9.9,0.636
11.7,11.7,10.0,10.0,0.61
11.7,11.7,10.1,10.1,0.644
11.7,11.7,10.2,10.2,0.642
11.7,11.7,10.3,10.3,0.678
11.7,11.7,10.4,10.4,0.67
11.7,11.7,10.5,10.5,0.71
11.7,11.7,10.6,10.6,0.664
11.7,11.7,10.7,10.7,0.642
11.7,11.7,10.8,10.8,0.704
11.7,11.7,10.9,10.9,0.694
11.7,11.7,11.0,11.0,0.69
11.7,11.7,11.1,11.1,0.706
11.7,11.7,11.2,11.2,0.664
11.7,11.7,11.3,11.3,0.688
11.7,11.7,11.4,11.4,0.684
11.7,11.7,11.5,11.5,0.696
11.7,11.7,11.6,11.6,0.69
11.7,11.7,11.7,11.7,0.692
11.7,11.7,11.8,11.8,0.646
11.7,11.7,11.9,11.9,0.724
11.7,11.7,12.0,12.0,0.706
11.7,11.7,12.1,12.1,0.706
11.7,11.7,12.2,12.2,0.682
11.7,11.7,12.3,12.3,0.666
11.7,11.7,12.4,12.4,0.716
11.7,11.7,12.5,12.5,0.722
11.7,11.7,12.6,12.6,0.734
11.7,11.7,12.7,12.7,0.738
11.7,11.7,12.8,12.8,0.778
11.7,11.7,12.9,12.9,0.682
11.7,11.7,13.0,13.0,0.732
11.7,11.7,13.1,13.1,0.724
11.7,11.7,13.2,13.2,0.726
11.7,11.7,13.3,13.3,0.734
11.7,11.7,13.4,13.4,0.746
11.7,11.7,13.5,13.5,0.728
11.7,11.7,13.6,13.6,0.72
11.7,11.7,13.7,13.7,0.732
11.7,11.7,13.8,13.8,0.742
11.7,11.7,13.9,13.9,0.724
11.7,11.7,14.0,14.0,0.74
11.7,11.7,14.1,14.1,0.722
11.7,11.7,14.2,14.2,0.716
11.7,11.7,14.3,14.3,0.742
11.7,11.7,14.4,14.4,0.716
11.7,11.7,14.5,14.5,0.742
11.7,11.7,14.6,14.6,0.76
11.7,11.7,14.7,14.7,0.754
11.7,11.7,14.8,14.8,0.726
11.7,11.7,14.9,14.9,0.706
11.7,11.7,15.0,15.0,0.762
11.7,11.7,15.1,15.1,0.734
11.8,11.8,0.1,0.1,0.058
11.8,11.8,0.2,0.2,0.044
11.8,11.8,0.3,0.3,0.058
11.8,11.8,0.4,0.4,0.064
11.8,11.8,0.5,0.5,0.068
11.8,11.8,0.6,0.6,0.074
11.8,11.8,0.7,0.7,0.124
11.8,11.8,0.8,0.8,0.104
11.8,11.8,0.9,0.9,0.12
11.8,11.8,1.0,1.0,0.12
11.8,11.8,1.1,1.1,0.122
11.8,11.8,1.2,1.2,0.126
11.8,11.8,1.3,1.3,0.146
11.8,11.8,1.4,1.4,0.156
11.8,11.8,1.5,1.5,0.162
11.8,11.8,1.6,1.6,0.204
11.8,11.8,1.7,1.7,0.154
11.8,11.8,1.8,1.8,0.19
11.8,11.8,1.9,1.9,0.21
11.8,11.8,2.0,2.0,0.196
11.8,11.8,2.1,2.1,0.218
11.8,11.8,2.2,2.2,0.212
11.8,11.8,2.3,2.3,0.206
11.8,11.8,2.4,2.4,0.256
11.8,11.8,2.5,2.5,0.244
11.8,11.8,2.6,2.6,0.288
11.8,11.8,2.7,2.7,0.216
11.8,11.8,2.8,2.8,0.264
11.8,11.8,2.9,2.9,0.264
11.8,11.8,3.0,3.0,0.284
11.8,11.8,3.1,3.1,0.298
11.8,11.8,3.2,3.2,0.306
11.8,11.8,3.3,3.3,0.302
11.8,11.8,3.4,3.4,0.312
11.8,11.8,3.5,3.5,0.296
11.8,11.8,3.6,3.6,0.316
11.8,11.8,3.7,3.7,0.356
11.8,11.8,3.8,3.8,0.352
11.8,11.8,3.9,3.9,0.356
11.8,11.8,4.0,4.0,0.358
11.8,11.8,4.1,4.1,0.398
11.8,11.8,4.2,4.2,0.356
11.8,11.8,4.3,4.3,0.354
11.8,11.8,4.4,4.4,0.386
11.8,11.8,4.5,4.5,0.394
11.8,11.8,4.6,4.6,0.376
11.8,11.8,4.7,4.7,0.398
11.8,11.8,4.8,4.8,0.422
11.8,11.8,4.9,4.9,0.396
11.8,11.8,5.0,5.0,0.404
11.8,11.8,5.1,5.1,0.45
11.8,11.8,5.2,5.2,0.442
11.8,11.8,5.3,5.3,0.444
11.8,11.8,5.4,5.4,0.446
11.8,11.8,5.5,5.5,0.432
11.8,11.8,5.6,5.6,0.5
11.8,11.8,5.7,5.7,0.43
11.8,11.8,5.8,5.8,0.468
11.8,11.8,5.9,5.9,0.466
11.8,11.8,6.0,6.0,0.49
11.8,11.8,6.1,6.1,0.468
11.8,11.8,6.2,6.2,0.526
11.8,11.8,6.3,6.3,0.52
11.8,11.8,6.4,6.4,0.48
11.8,11.8,6.5,6.5,0.494
11.8,11.8,6.6,6.6,0.518
11.8,11.8,6.7,6.7,0.542
11.8,11.8,6.8,6.8,0.528
11.8,11.8,6.9,6.9,0.538
11.8,11.8,7.0,7.0,0.542
11.8,11.8,7.1,7.1,0.536
11.8,11.8,7.2,7.2,0.54
11.8,11.8,7.3,7.3,0.544
11.8,11.8,7.4,7.4,0.542
11.8,11.8,7.5,7.5,0.57
11.8,11.8,7.6,7.6,0.558
11.8,11.8,7.7,7.7,0.572
11.8,11.8,7.8,7.8,0.538
11.8,11.8,7.9,7.9,0.582
11.8,11.8,8.0,8.0,0.552
11.8,11.8,8.1,8.1,0.592
11.8,11.8,8.2,8.2,0.614
11.8,11.8,8.3,8.3,0.622
11.8,11.8,8.4,8.4,0.588
11.8,11.8,8.5,8.5,0.568
11.8,11.8,8.6,8.6,0.642
11.8,11.8,8.7,8.7,0.592
11.8,11.8,8.8,8.8,0.57
11.8,11.8,8.9,8.9,0.584
11.8,11.8,9.0,9.0,0.646
11.8,11.8,9.1,9.1,0.644
11.8,11.8,9.2,9.2,0.63
11.8,11.8,9.3,9.3,0.632
11.8,11.8,9.4,9.4,0.626
11.8,11.8,9.5,9.5,0.662
11.8,11.8,9.6,9.6,0.614
11.8,11.8,9.7,9.7,0.652
11.8,11.8,9.8,9.8,0.612
11.8,11.8,9.9,9.9,0.678
11.8,11.8,10.0,10.0,0.616
11.8,11.8,10.1,10.1,0.656
11.8,11.8,10.2,10.2,0.658
11.8,11.8,10.3,10.3,0.67
11.8,11.8,10.4,10.4,0.666
11.8,11.8,10.5,10.5,0.668
11.8,11.8,10.6,10.6,0.67
11.8,11.8,10.7,10.7,0.662
11.8,11.8,10.8,10.8,0.68
11.8,11.8,10.9,10.9,0.724
11.8,11.8,11.0,11.0,0.656
11.8,11.8,11.1,11.1,0.642
11.8,11.8,11.2,11.2,0.678
11.8,11.8,11.3,11.3,0.708
11.8,11.8,11.4,11.4,0.696
11.8,11.8,11.5,11.5,0.688
11.8,11.8,11.6,11.6,0.666
11.8,11.8,11.7,11.7,0.73
11.8,11.8,11.8,11.8,0.702
11.8,11.8,11.9,11.9,0.68
11.8,11.8,12.0,12.0,0.708
11.8,11.8,12.1,12.1,0.73
11.8,11.8,12.2,12.2,0.7
11.8,11.8,12.3,12.3,0.694
11.8,11.8,12.4,12.4,0.706
11.8,11.8,12.5,12.5,0.688
11.8,11.8,12.6,12.6,0.72
11.8,11.8,12.7,12.7,0.71
11.8,11.8,12.8,12.8,0.714
11.8,11.8,12.9,12.9,0.714
11.8,11.8,13.0,13.0,0.688
11.8,11.8,13.1,13.1,0.702
11.8,11.8,13.2,13.2,0.72
11.8,11.8,13.3,13.3,0.758
11.8,11.8,13.4,13.4,0.71
11.8,11.8,13.5,13.5,0.71
11.8,11.8,13.6,13.6,0.74
11.8,11.8,13.7,13.7,0.738
11.8,11.8,13.8,13.8,0.72
11.8,11.8,13.9,13.9,0.72
11.8,11.8,14.0,14.0,0.728
11.8,11.8,14.1,14.1,0.716
11.8,11.8,14.2,14.2,0.778
11.8,11.8,14.3,14.3,0.75
11.8,11.8,14.4,14.4,0.724
11.8,11.8,14.5,14.5,0.784
11.8,11.8,14.6,14.6,0.766
11.8,11.8,14.7,14.7,0.716
11.8,11.8,14.8,14.8,0.75
11.8,11.8,14.9,14.9,0.73
11.8,11.8,15.0,15.0,0.772
11.8,11.8,15.1,15.1,0.73
11.9,11.9,0.1,0.1,0.038
11.9,11.9,0.2,0.2,0.04
11.9,11.9,0.3,0.3,0.052
11.9,11.9,0.4,0.4,0.07
11.9,11.9,0.5,0.5,0.09
11.9,11.9,0.6,0.6,0.1
11.9,11.9,0.7,0.7,0.088
11.9,11.9,0.8,0.8,0.104
11.9,11.9,0.9,0.9,0.124
11.9,11.9,1.0,1.0,0.124
11.9,11.9,1.1,1.1,0.114
11.9,11.9,1.2,1.2,0.114
11.9,11.9,1.3,1.3,0.156
11.9,11.9,1.4,1.4,0.188
11.9,11.9,1.5,1.5,0.204
11.9,11.9,1.6,1.6,0.152
11.9,11.9,1.7,1.7,0.17
11.9,11.9,1.8,1.8,0.228
11.9,11.9,1.9,1.9,0.198
11.9,11.9,2.0,2.0,0.214
11.9,11.9,2.1,2.1,0.226
11.9,11.9,2.2,2.2,0.236
11.9,11.9,2.3,2.3,0.228
11.9,11.9,2.4,2.4,0.282
11.9,11.9,2.5,2.5,0.258
11.9,11.9,2.6,2.6,0.282
11.9,11.9,2.7,2.7,0.268
11.9,11.9,2.8,2.8,0.28
11.9,11.9,2.9,2.9,0.262
11.9,11.9,3.0,3.0,0.282
11.9,11.9,3.1,3.1,0.328
11.9,11.9,3.2,3.2,0.244
11.9,11.9,3.3,3.3,0.3
11.9,11.9,3.4,3.4,0.294
11.9,11.9,3.5,3.5,0.284
11.9,11.9,3.6,3.6,0.286
11.9,11.9,3.7,3.7,0.344
11.9,11.9,3.8,3.8,0.33
11.9,11.9,3.9,3.9,0.322
11.9,11.9,4.0,4.0,0.382
11.9,11.9,4.1,4.1,0.34
11.9,11.9,4.2,4.2,0.37
11.9,11.9,4.3,4.3,0.362
11.9,11.9,4.4,4.4,0.404
11.9,11.9,4.5,4.5,0.388
11.9,11.9,4.6,4.6,0.392
11.9,11.9,4.7,4.7,0.382
11.9,11.9,4.8,4.8,0.45
11.9,11.9,4.9,4.9,0.414
11.9,11.9,5.0,5.0,0.404
11.9,11.9,5.1,5.1,0.42
11.9,11.9,5.2,5.2,0.448
11.9,11.9,5.3,5.3,0.476
11.9,11.9,5.4,5.4,0.468
11.9,11.9,5.5,5.5,0.466
11.9,11.9,5.6,5.6,0.478
11.9,11.9,5.7,5.7,0.474
11.9,11.9,5.8,5.8,0.462
11.9,11.9,5.9,5.9,0.474
11.9,11.9,6.0,6.0,0.504
11.9,11.9,6.1,6.1,0.498
11.9,11.9,6.2,6.2,0.506
11.9,11.9,6.3,6.3,0.52
11.9,11.9,6.4,6.4,0.5
11.9,11.9,6.5,6.5,0.496
11.9,11.9,6.6,6.6,0.494
11.9,11.9,6.7,6.7,0.548
11.9,11.9,6.8,6.8,0.526
11.9,11.9,6.9,6.9,0.55
11.9,11.9,7.0,7.0,0.568
11.9,11.9,7.1,7.1,0.51
11.9,11.9,7.2,7.2,0.55
11.9,11.9,7.3,7.3,0.56
11.9,11.9,7.4,7.4,0.52
11.9,11.9,7.5,7.5,0.602
11.9,11.9,7.6,7.6,0.54
11.9,11.9,7.7,7.7,0.558
11.9,11.9,7.8,7.8,0.582
11.9,11.9,7.9,7.9,0.582
11.9,11.9,8.0,8.0,0.556
11.9,11.9,8.1,8.1,0.574
11.9,11.9,8.2,8.2,0.59
11.9,11.9,8.3,8.3,0.596
11.9,11.9,8.4,8.4,0.562
11.9,11.9,8.5,8.5,0.606
11.9,11.9,8.6,8.6,0.608
11.9,11.9,8.7,8.7,0.616
11.9,11.9,8.8,8.8,0.62
11.9,11.9,8.9,8.9,0.61
11.9,11.9,9.0,9.0,0.63
11.9,11.9,9.1,9.1,0.638
11.9,11.9,9.2,9.2,0.62
11.9,11.9,9.3,9.3,0.606
11.9,11.9,9.4,9.4,0.666
11.9,11.9,9.5,9.5,0.658
11.9,11.9,9.6,9.6,0.628
11.9,11.9,9.7,9.7,0.652
11.9,11.9,9.8,9.8,0.668
11.9,11.9,9.9,9.9,0.622
11.9,11.9,10.0,10.0,0.646
11.9,11.9,10.1,10.1,0.62
11.9,11.9,10.2,10.2,0.662
11.9,11.9,10.3,10.3,0.668
11.9,11.9,10.4,10.4,0.64
11.9,11.9,10.5,10.5,0.634
11.9,11.9,10.6,10.6,0.698
11.9,11.9,10.7,10.7,0.686
11.9,11.9,10.8,10.8,0.626
11.9,11.9,10.9,10.9,0.64
11.9,11.9,11.0,11.0,0.702
11.9,11.9,11.1,11.1,0.684
11.9,11.9,11.2,11.2,0.67
11.9,11.9,11.3,11.3,0.678
11.9,11.9,11.4,11.4,0.658
11.9,11.9,11.5,11.5,0.696
11.9,11.9,11.6,11.6,0.672
11.9,11.9,11.7,11.7,0.684
11.9,11.9,11.8,11.8,0.676
11.9,11.9,11.9,11.9,0.72
11.9,11.9,12.0,12.0,0.696
11.9,11.9,12.1,12.1,0.702
11.9,11.9,12.2,12.2,0.72
11.9,11.9,12.3,12.3,0.726
11.9,11.9,12.4,12.4,0.706
11.9,11.9,12.5,12.5,0.716
11.9,11.9,12.6,12.6,0.692
11.9,11.9,12.7,12.7,0.71
11.9,11.9,12.8,12.8,0.714
11.9,11.9,12.9,12.9,0.704
11.9,11.9,13.0,13.0,0.724
11.9,11.9,13.1,13.1,0.738
11.9,11.9,13.2,13.2,0.706
11.9,11.9,13.3,13.3,0.702
11.9,11.9,13.4,13.4,0.744
11.9,11.9,13.5,13.5,0.688
11.9,11.9,13.6,13.6,0.734
11.9,11.9,13.7,13.7,0.696
11.9,11.9,13.8,13.8,0.724
11.9,11.9,13.9,13.9,0.716
11.9,11.9,14.0,14.0,0.742
11.9,11.9,14.1,14.1,0.752
11.9,11.9,14.2,14.2,0.734
11.9,11.9,14.3,14.3,0.748
11.9,11.9,14.4,14.4,0.716
11.9,11.9,14.5,14.5,0.702
11.9,11.9,14.6,14.6,0.714
11.9,11.9,14.7,14.7,0.758
11.9,11.9,14.8,14.8,0.728
11.9,11.9,14.9,14.9,0.766
11.9,11.9,15.0,15.0,0.764
11.9,11.9,15.1,15.1,0.75
12.0,12.0,0.1,0.1,0.046
12.0,12.0,0.2,0.2,0.026
12.0,12.0,0.3,0.3,0.052
12.0,12.0,0.4,0.4,0.078
12.0,12.0,0.5,0.5,0.078
12.0,12.0,0.6,0.6,0.084
12.0,12.0,0.7,0.7,0.072
12.0,12.0,0.8,0.8,0.09
12.0,12.0,0.9,0.9,0.114
12.0,12.0,1.0,1.0,0.076
12.0,12.0,1.1,1.1,0.118
12.0,12.0,1.2,1.2,0.142
12.0,12.0,1.3,1.3,0.15
12.0,12.0,1.4,1.4,0.162
12.0,12.0,1.5,1.5,0.176
12.0,12.0,1.6,1.6,0.174
12.0,12.0,1.7,1.7,0.182
12.0,12.0,1.8,1.8,0.188
12.0,12.0,1.9,1.9,0.228
12.0,12.0,2.0,2.0,0.192
12.0,12.0,2.1,2.1,0.2
12.0,12.0,2.2,2.2,0.226
12.0,12.0,2.3,2.3,0.218
12.0,12.0,2.4,2.4,0.24
12.0,12.0,2.5,2.5,0.274
12.0,12.0,2.6,2.6,0.268
12.0,12.0,2.7,2.7,0.264
12.0,12.0,2.8,2.8,0.288
12.0,12.0,2.9,2.9,0.264
12.0,12.0,3.0,3.0,0.262
12.0,12.0,3.1,3.1,0.292
12.0,12.0,3.2,3.2,0.334
12.0,12.0,3.3,3.3,0.286
12.0,12.0,3.4,3.4,0.312
12.0,12.0,3.5,3.5,0.354
12.0,12.0,3.6,3.6,0.312
12.0,12.0,3.7,3.7,0.314
12.0,12.0,3.8,3.8,0.35
12.0,12.0,3.9,3.9,0.298
12.0,12.0,4.0,4.0,0.382
12.0,12.0,4.1,4.1,0.364
12.0,12.0,4.2,4.2,0.364
12.0,12.0,4.3,4.3,0.36
12.0,12.0,4.4,4.4,0.386
12.0,12.0,4.5,4.5,0.43
12.0,12.0,4.6,4.6,0.386
12.0,12.0,4.7,4.7,0.392
12.0,12.0,4.8,4.8,0.426
12.0,12.0,4.9,4.9,0.446
12.0,12.0,5.0,5.0,0.43
12.0,12.0,5.1,5.1,0.39
12.0,12.0,5.2,5.2,0.414
12.0,12.0,5.3,5.3,0.416
12.0,12.0,5.4,5.4,0.456
12.0,12.0,5.5,5.5,0.476
12.0,12.0,5.6,5.6,0.412
12.0,12.0,5.7,5.7,0.448
12.0,12.0,5.8,5.8,0.5
12.0,12.0,5.9,5.9,0.462
12.0,12.0,6.0,6.0,0.462
12.0,12.0,6.1,6.1,0.498
12.0,12.0,6.2,6.2,0.462
12.0,12.0,6.3,6.3,0.514
12.0,12.0,6.4,6.4,0.49
12.0,12.0,6.5,6.5,0.468
12.0,12.0,6.6,6.6,0.474
12.0,12.0,6.7,6.7,0.498
12.0,12.0,6.8,6.8,0.478
12.0,12.0,6.9,6.9,0.536
12.0,12.0,7.0,7.0,0.528
12.0,12.0,7.1,7.1,0.572
12.0,12.0,7.2,7.2,0.588
12.0,12.0,7.3,7.3,0.534
12.0,12.0,7.4,7.4,0.538
12.0,12.0,7.5,7.5,0.542
12.0,12.0,7.6,7.6,0.578
12.0,12.0,7.7,7.7,0.582
12.0,12.0,7.8,7.8,0.562
12.0,12.0,7.9,7.9,0.582
12.0,12.0,8.0,8.0,0.568
12.0,12.0,8.1,8.1,0.58
12.0,12.0,8.2,8.2,0.57
12.0,12.0,8.3,8.3,0.548
12.0,12.0,8.4,8.4,0.588
12.0,12.0,8.5,8.5,0.592
12.0,12.0,8.6,8.6,0.56
12.0,12.0,8.7,8.7,0.57
12.0,12.0,8.8,8.8,0.63
12.0,12.0,8.9,8.9,0.612
12.0,12.0,9.0,9.0,0.582
12.0,12.0,9.1,9.1,0.596
12.0,12.0,9.2,9.2,0.648
12.0,12.0,9.3,9.3,0.626
12.0,12.0,9.4,9.4,0.632
12.0,12.0,9.5,9.5,0.624
12.0,12.0,9.6,9.6,0.642
12.0,12.0,9.7,9.7,0.646
12.0,12.0,9.8,9.8,0.612
12.0,12.0,9.9,9.9,0.644
12.0,12.0,10.0,10.0,0.646
12.0,12.0,10.1,10.1,0.644
12.0,12.0,10.2,10.2,0.664
12.0,12.0,10.3,10.3,0.67
12.0,12.0,10.4,10.4,0.63
12.0,12.0,10.5,10.5,0.654
12.0,12.0,10.6,10.6,0.656
12.0,12.0,10.7,10.7,0.648
12.0,12.0,10.8,10.8,0.688
12.0,12.0,10.9,10.9,0.676
12.0,12.0,11.0,11.0,0.672
12.0,12.0,11.1,11.1,0.644
12.0,12.0,11.2,11.2,0.672
12.0,12.0,11.3,11.3,0.642
12.0,12.0,11.4,11.4,0.626
12.0,12.0,11.5,11.5,0.664
12.0,12.0,11.6,11.6,0.686
12.0,12.0,11.7,11.7,0.668
12.0,12.0,11.8,11.8,0.718
12.0,12.0,11.9,11.9,0.678
12.0,12.0,12.0,12.0,0.698
12.0,12.0,12.1,12.1,0.704
12.0,12.0,12.2,12.2,0.688
12.0,12.0,12.3,12.3,0.676
12.0,12.0,12.4,12.4,0.674
12.0,12.0,12.5,12.5,0.712
12.0,12.0,12.6,12.6,0.682
12.0,12.0,12.7,12.7,0.688
12.0,12.0,12.8,12.8,0.706
12.0,12.0,12.9,12.9,0.732
12.0,12.0,13.0,13.0,0.712
12.0,12.0,13.1,13.1,0.73
12.0,12.0,13.2,13.2,0.674
12.0,12.0,13.3,13.3,0.712
12.0,12.0,13.4,13.4,0.752
12.0,12.0,13.5,13.5,0.718
12.0,12.0,13.6,13.6,0.72
12.0,12.0,13.7,13.7,0.688
12.0,12.0,13.8,13.8,0.74
12.0,12.0,13.9,13.9,0.716
12.0,12.0,14.0,14.0,0.724
12.0,12.0,14.1,14.1,0.702
12.0,12.0,14.2,14.2,0.728
12.0,12.0,14.3,14.3,0.716
12.0,12.0,14.4,14.4,0.71
12.0,12.0,14.5,14.5,0.736
12.0,12.0,14.6,14.6,0.772
12.0,12.0,14.7,14.7,0.726
12.0,12.0,14.8,14.8,0.76
12.0,12.0,14.9,14.9,0.758
12.0,12.0,15.0,15.0,0.754
12.0,12.0,15.1,15.1,0.73
12.1,12.1,0.1,0.1,0.034
12.1,12.1,0.2,0.2,0.032
12.1,12.1,0.3,0.3,0.048
12.1,12.1,0.4,0.4,0.074
12.1,12.1,0.5,0.5,0.066
12.1,12.1,0.6,0.6,0.094
12.1,12.1,0.7,0.7,0.106
12.1,12.1,0.8,0.8,0.092
12.1,12.1,0.9,0.9,0.112
12.1,12.1,1.0,1.0,0.138
12.1,12.1,1.1,1.1,0.122
12.1,12.1,1.2,1.2,0.138
12.1,12.1,1.3,1.3,0.132
12.1,12.1,1.4,1.4,0.158
12.1,12.1,1.5,1.5,0.188
12.1,12.1,1.6,1.6,0.184
12.1,12.1,1.7,1.7,0.18
12.1,12.1,1.8,1.8,0.178
12.1,12.1,1.9,1.9,0.194
12.1,12.1,2.0,2.0,0.192
12.1,12.1,2.1,2.1,0.21
12.1,12.1,2.2,2.2,0.196
12.1,12.1,2.3,2.3,0.21
12.1,12.1,2.4,2.4,0.256
12.1,12.1,2.5,2.5,0.276
12.1,12.1,2.6,2.6,0.258
12.1,12.1,2.7,2.7,0.266
12.1,12.1,2.8,2.8,0.232
12.1,12.1,2.9,2.9,0.29
12.1,12.1,3.0,3.0,0.28
12.1,12.1,3.1,3.1,0.312
12.1,12.1,3.2,3.2,0.288
12.1,12.1,3.3,3.3,0.336
12.1,12.1,3.4,3.4,0.296
12.1,12.1,3.5,3.5,0.334
12.1,12.1,3.6,3.6,0.338
12.1,12.1,3.7,3.7,0.364
12.1,12.1,3.8,3.8,0.376
12.1,12.1,3.9,3.9,0.354
12.1,12.1,4.0,4.0,0.338
12.1,12.1,4.1,4.1,0.348
12.1,12.1,4.2,4.2,0.334
12.1,12.1,4.3,4.3,0.368
12.1,12.1,4.4,4.4,0.398
12.1,12.1,4.5,4.5,0.378
12.1,12.1,4.6,4.6,0.364
12.1,12.1,4.7,4.7,0.39
12.1,12.1,4.8,4.8,0.382
12.1,12.1,4.9,4.9,0.408
12.1,12.1,5.0,5.0,0.406
12.1,12.1,5.1,5.1,0.422
12.1,12.1,5.2,5.2,0.428
12.1,12.1,5.3,5.3,0.418
12.1,12.1,5.4,5.4,0.458
12.1,12.1,5.5,5.5,0.438
12.1,12.1,5.6,5.6,0.482
12.1,12.1,5.7,5.7,0.438
12.1,12.1,5.8,5.8,0.444
12.1,12.1,5.9,5.9,0.532
12.1,12.1,6.0,6.0,0.478
12.1,12.1,6.1,6.1,0.448
12.1,12.1,6.2,6.2,0.502
12.1,12.1,6.3,6.3,0.512
12.1,12.1,6.4,6.4,0.48
12.1,12.1,6.5,6.5,0.522
12.1,12.1,6.6,6.6,0.514
12.1,12.1,6.7,6.7,0.502
12.1,12.1,6.8,6.8,0.544
12.1,12.1,6.9,6.9,0.54
12.1,12.1,7.0,7.0,0.542
12.1,12.1,7.1,7.1,0.568
12.1,12.1,7.2,7.2,0.506
12.1,12.1,7.3,7.3,0.568
12.1,12.1,7.4,7.4,0.54
12.1,12.1,7.5,7.5,0.59
12.1,12.1,7.6,7.6,0.514
12.1,12.1,7.7,7.7,0.52
12.1,12.1,7.8,7.8,0.536
12.1,12.1,7.9,7.9,0.584
12.1,12.1,8.0,8.0,0.582
12.1,12.1,8.1,8.1,0.6
12.1,12.1,8.2,8.2,0.57
12.1,12.1,8.3,8.3,0.574
12.1,12.1,8.4,8.4,0.582
12.1,12.1,8.5,8.5,0.638
12.1,12.1,8.6,8.6,0.59
12.1,12.1,8.7,8.7,0.588
12.1,12.1,8.8,8.8,0.612
12.1,12.1,8.9,8.9,0.582
12.1,12.1,9.0,9.0,0.584
12.1,12.1,9.1,9.1,0.614
12.1,12.1,9.2,9.2,0.582
12.1,12.1,9.3,9.3,0.61
12.1,12.1,9.4,9.4,0.604
12.1,12.1,9.5,9.5,0.64
12.1,12.1,9.6,9.6,0.642
12.1,12.1,9.7,9.7,0.624
12.1,12.1,9.8,9.8,0.656
12.1,12.1,9.9,9.9,0.612
12.1,12.1,10.0,10.0,0.632
12.1,12.1,10.1,10.1,0.644
12.1,12.1,10.2,10.2,0.632
12.1,12.1,10.3,10.3,0.652
12.1,12.1,10.4,10.4,0.596
12.1,12.1,10.5,10.5,0.676
12.1,12.1,10.6,10.6,0.698
12.1,12.1,10.7,10.7,0.688
12.1,12.1,10.8,10.8,0.716
12.1,12.1,10.9,10.9,0.68
12.1,12.1,11.0,11.0,0.592
12.1,12.1,11.1,11.1,0.694
12.1,12.1,11.2,11.2,0.686
12.1,12.1,11.3,11.3,0.696
12.1,12.1,11.4,11.4,0.648
12.1,12.1,11.5,11.5,0.69
12.1,12.1,11.6,11.6,0.668
12.1,12.1,11.7,11.7,0.688
12.1,12.1,11.8,11.8,0.672
12.1,12.1,11.9,11.9,0.702
12.1,12.1,12.0,12.0,0.704
12.1,12.1,12.1,12.1,0.678
12.1,12.1,12.2,12.2,0.692
12.1,12.1,12.3,12.3,0.702
12.1,12.1,12.4,12.4,0.678
12.1,12.1,12.5,12.5,0.708
12.1,12.1,12.6,12.6,0.706
12.1,12.1,12.7,12.7,0.732
12.1,12.1,12.8,12.8,0.664
12.1,12.1,12.9,12.9,0.678
12.1,12.1,13.0,13.0,0.704
12.1,12.1,13.1,13.1,0.7
12.1,12.1,13.2,13.2,0.694
12.1,12.1,13.3,13.3,0.72
12.1,12.1,13.4,13.4,0.728
12.1,12.1,13.5,13.5,0.724
12.1,12.1,13.6,13.6,0.718
12.1,12.1,13.7,13.7,0.746
12.1,12.1,13.8,13.8,0.746
12.1,12.1,13.9,13.9,0.742
12.1,12.1,14.0,14.0,0.734
12.1,12.1,14.1,14.1,0.724
12.1,12.1,14.2,14.2,0.73
12.1,12.1,14.3,14.3,0.724
12.1,12.1,14.4,14.4,0.696
12.1,12.1,14.5,14.5,0.756
12.1,12.1,14.6,14.6,0.746
12.1,12.1,14.7,14.7,0.724
12.1,12.1,14.8,14.8,0.688
12.1,12.1,14.9,14.9,0.72
12.1,12.1,15.0,15.0,0.77
12.1,12.1,15.1,15.1,0.72
12.2,12.2,0.1,0.1,0.044
12.2,12.2,0.2,0.2,0.034
12.2,12.2,0.3,0.3,0.054
12.2,12.2,0.4,0.4,0.052
12.2,12.2,0.5,0.5,0.054
12.2,12.2,0.6,0.6,0.078
12.2,12.2,0.7,0.7,0.088
12.2,12.2,0.8,0.8,0.098
12.2,12.2,0.9,0.9,0.098
12.2,12.2,1.0,1.0,0.11
12.2,12.2,1.1,1.1,0.134
12.2,12.2,1.2,1.2,0.124
12.2,12.2,1.3,1.3,0.144
12.2,12.2,1.4,1.4,0.186
12.2,12.2,1.5,1.5,0.16
12.2,12.2,1.6,1.6,0.152
12.2,12.2,1.7,1.7,0.194
12.2,12.2,1.8,1.8,0.178
12.2,12.2,1.9,1.9,0.19
12.2,12.2,2.0,2.0,0.16
12.2,12.2,2.1,2.1,0.22
12.2,12.2,2.2,2.2,0.236
12.2,12.2,2.3,2.3,0.218
12.2,12.2,2.4,2.4,0.22
12.2,12.2,2.5,2.5,0.25
12.2,12.2,2.6,2.6,0.25
12.2,12.2,2.7,2.7,0.266
12.2,12.2,2.8,2.8,0.276
12.2,12.2,2.9,2.9,0.266
12.2,12.2,3.0,3.0,0.298
12.2,12.2,3.1,3.1,0.26
12.2,12.2,3.2,3.2,0.298
12.2,12.2,3.3,3.3,0.312
12.2,12.2,3.4,3.4,0.338
12.2,12.2,3.5,3.5,0.318
12.2,12.2,3.6,3.6,0.318
12.2,12.2,3.7,3.7,0.324
12.2,12.2,3.8,3.8,0.35
12.2,12.2,3.9,3.9,0.33
12.2,12.2,4.0,4.0,0.382
12.2,12.2,4.1,4.1,0.374
12.2,12.2,4.2,4.2,0.372
12.2,12.2,4.3,4.3,0.388
12.2,12.2,4.4,4.4,0.362
12.2,12.2,4.5,4.5,0.358
12.2,12.2,4.6,4.6,0.362
12.2,12.2,4.7,4.7,0.41
12.2,12.2,4.8,4.8,0.4
12.2,12.2,4.9,4.9,0.426
12.2,12.2,5.0,5.0,0.41
12.2,12.2,5.1,5.1,0.426
12.2,12.2,5.2,5.2,0.386
12.2,12.2,5.3,5.3,0.426
12.2,12.2,5.4,5.4,0.41
12.2,12.2,5.5,5.5,0.424
12.2,12.2,5.6,5.6,0.444
12.2,12.2,5.7,5.7,0.484
12.2,12.2,5.8,5.8,0.442
12.2,12.2,5.9,5.9,0.48
12.2,12.2,6.0,6.0,0.49
12.2,12.2,6.1,6.1,0.476
12.2,12.2,6.2,6.2,0.476
12.2,12.2,6.3,6.3,0.462
12.2,12.2,6.4,6.4,0.494
12.2,12.2,6.5,6.5,0.494
12.2,12.2,6.6,6.6,0.494
12.2,12.2,6.7,6.7,0.474
12.2,12.2,6.8,6.8,0.504
12.2,12.2,6.9,6.9,0.54
12.2,12.2,7.0,7.0,0.532
12.2,12.2,7.1,7.1,0.492
12.2,12.2,7.2,7.2,0.58
12.2,12.2,7.3,7.3,0.584
12.2,12.2,7.4,7.4,0.558
12.2,12.2,7.5,7.5,0.544
12.2,12.2,7.6,7.6,0.56
12.2,12.2,7.7,7.7,0.534
12.2,12.2,7.8,7.8,0.582
12.2,12.2,7.9,7.9,0.552
12.2,12.2,8.0,8.0,0.554
12.2,12.2,8.1,8.1,0.572
12.2,12.2,8.2,8.2,0.532
12.2,12.2,8.3,8.3,0.598
12.2,12.2,8.4,8.4,0.576
12.2,12.2,8.5,8.5,0.564
12.2,12.2,8.6,8.6,0.582
12.2,12.2,8.7,8.7,0.564
12.2,12.2,8.8,8.8,0.57
12.2,12.2,8.9,8.9,0.586
12.2,12.2,9.0,9.0,0.582
12.2,12.2,9.1,9.1,0.58
12.2,12.2,9.2,9.2,0.604
12.2,12.2,9.3,9.3,0.606
12.2,12.2,9.4,9.4,0.608
12.2,12.2,9.5,9.5,0.592
12.2,12.2,9.6,9.6,0.606
12.2,12.2,9.7,9.7,0.646
12.2,12.2,9.8,9.8,0.648
12.2,12.2,9.9,9.9,0.656
12.2,12.2,10.0,10.0,0.654
12.2,12.2,10.1,10.1,0.626
12.2,12.2,10.2,10.2,0.68
12.2,12.2,10.3,10.3,0.664
12.2,12.2,10.4,10.4,0.668
12.2,12.2,10.5,10.5,0.668
12.2,12.2,10.6,10.6,0.638
12.2,12.2,10.7,10.7,0.656
12.2,12.2,10.8,10.8,0.644
12.2,12.2,10.9,10.9,0.668
12.2,12.2,11.0,11.0,0.634
12.2,12.2,11.1,11.1,0.634
12.2,12.2,11.2,11.2,0.674
12.2,12.2,11.3,11.3,0.636
12.2,12.2,11.4,11.4,0.678
12.2,12.2,11.5,11.5,0.702
12.2,12.2,11.6,11.6,0.688
12.2,12.2,11.7,11.7,0.662
12.2,12.2,11.8,11.8,0.672
12.2,12.2,11.9,11.9,0.708
12.2,12.2,12.0,12.0,0.676
12.2,12.2,12.1,12.1,0.696
12.2,12.2,12.2,12.2,0.7
12.2,12.2,12.3,12.3,0.698
12.2,12.2,12.4,12.4,0.672
12.2,12.2,12.5,12.5,0.724
12.2,12.2,12.6,12.6,0.696
12.2,12.2,12.7,12.7,0.704
12.2,12.2,12.8,12.8,0.724
12.2,12.2,12.9,12.9,0.732
12.2,12.2,13.0,13.0,0.742
12.2,12.2,13.1,13.1,0.694
12.2,12.2,13.2,13.2,0.718
12.2,12.2,13.3,13.3,0.682
12.2,12.2,13.4,13.4,0.67
12.2,12.2,13.5,13.5,0.732
12.2,12.2,13.6,13.6,0.708
12.2,12.2,13.7,13.7,0.72
12.2,12.2,13.8,13.8,0.718
12.2,12.2,13.9,13.9,0.698
12.2,12.2,14.0,14.0,0.738
12.2,12.2,14.1,14.1,0.708
12.2,12.2,14.2,14.2,0.692
12.2,12.2,14.3,14.3,0.75
12.2,12.2,14.4,14.4,0.754
12.2,12.2,14.5,14.5,0.696
12.2,12.2,14.6,14.6,0.724
12.2,12.2,14.7,14.7,0.718
12.2,12.2,14.8,14.8,0.758
12.2,12.2,14.9,14.9,0.726
12.2,12.2,15.0,15.0,0.726
12.2,12.2,15.1,15.1,0.714
12.3,12.3,0.1,0.1,0.03
12.3,12.3,0.2,0.2,0.044
12.3,12.3,0.3,0.3,0.048
12.3,12.3,0.4,0.4,0.068
12.3,12.3,0.5,0.5,0.096
12.3,12.3,0.6,0.6,0.088
12.3,12.3,0.7,0.7,0.084
12.3,12.3,0.8,0.8,0.1
12.3,12.3,0.9,0.9,0.112
12.3,12.3,1.0,1.0,0.086
12.3,12.3,1.1,1.1,0.126
12.3,12.3,1.2,1.2,0.122
12.3,12.3,1.3,1.3,0.158
12.3,12.3,1.4,1.4,0.152
12.3,12.3,1.5,1.5,0.158
12.3,12.3,1.6,1.6,0.17
12.3,12.3,1.7,1.7,0.166
12.3,12.3,1.8,1.8,0.152
12.3,12.3,1.9,1.9,0.192
12.3,12.3,2.0,2.0,0.182
12.3,12.3,2.1,2.1,0.208
12.3,12.3,2.2,2.2,0.24
12.3,12.3,2.3,2.3,0.2
12.3,12.3,2.4,2.4,0.236
12.3,12.3,2.5,2.5,0.242
12.3,12.3,2.6,2.6,0.262
12.3,12.3,2.7,2.7,0.234
12.3,12.3,2.8,2.8,0.264
12.3,12.3,2.9,2.9,0.3
12.3,12.3,3.0,3.0,0.294
12.3,12.3,3.1,3.1,0.286
12.3,12.3,3.2,3.2,0.3
12.3,12.3,3.3,3.3,0.272
12.3,12.3,3.4,3.4,0.29
12.3,12.3,3.5,3.5,0.316
12.3,12.3,3.6,3.6,0.31
12.3,12.3,3.7,3.7,0.31
12.3,12.3,3.8,3.8,0.34
12.3,12.3,3.9,3.9,0.296
12.3,12.3,4.0,4.0,0.412
12.3,12.3,4.1,4.1,0.39
12.3,12.3,4.2,4.2,0.334
12.3,12.3,4.3,4.3,0.352
12.3,12.3,4.4,4.4,0.37
12.3,12.3,4.5,4.5,0.364
12.3,12.3,4.6,4.6,0.372
12.3,12.3,4.7,4.7,0.404
12.3,12.3,4.8,4.8,0.404
12.3,12.3,4.9,4.9,0.446
12.3,12.3,5.0,5.0,0.42
12.3,12.3,5.1,5.1,0.392
12.3,12.3,5.2,5.2,0.402
12.3,12.3,5.3,5.3,0.422
12.3,12.3,5.4,5.4,0.42
12.3,12.3,5.5,5.5,0.446
12.3,12.3,5.6,5.6,0.456
12.3,12.3,5.7,5.7,0.47
12.3,12.3,5.8,5.8,0.462
12.3,12.3,5.9,5.9,0.47
12.3,12.3,6.0,6.0,0.48
12.3,12.3,6.1,6.1,0.484
12.3,12.3,6.2,6.2,0.524
12.3,12.3,6.3,6.3,0.522
12.3,12.3,6.4,6.4,0.512
12.3,12.3,6.5,6.5,0.5
12.3,12.3,6.6,6.6,0.45
12.3,12.3,6.7,6.7,0.532
12.3,12.3,6.8,6.8,0.53
12.3,12.3,6.9,6.9,0.536
12.3,12.3,7.0,7.0,0.52
12.3,12.3,7.1,7.1,0.534
12.3,12.3,7.2,7.2,0.53
12.3,12.3,7.3,7.3,0.524
12.3,12.3,7.4,7.4,0.528
12.3,12.3,7.5,7.5,0.54
12.3,12.3,7.6,7.6,0.528
12.3,12.3,7.7,7.7,0.564
12.3,12.3,7.8,7.8,0.55
12.3,12.3,7.9,7.9,0.546
12.3,12.3,8.0,8.0,0.562
12.3,12.3,8.1,8.1,0.558
12.3,12.3,8.2,8.2,0.602
12.3,12.3,8.3,8.3,0.566
12.3,12.3,8.4,8.4,0.608
12.3,12.3,8.5,8.5,0.556
12.3,12.3,8.6,8.6,0.586
12.3,12.3,8.7,8.7,0.632
12.3,12.3,8.8,8.8,0.602
12.3,12.3,8.9,8.9,0.626
12.3,12.3,9.0,9.0,0.626
12.3,12.3,9.1,9.1,0.6
12.3,12.3,9.2,9.2,0.572
12.3,12.3,9.3,9.3,0.612
12.3,12.3,9.4,9.4,0.628
12.3,12.3,9.5,9.5,0.63
12.3,12.3,9.6,9.6,0.648
12.3,12.3,9.7,9.7,0.616
12.3,12.3,9.8,9.8,0.634
12.3,12.3,9.9,9.9,0.638
12.3,12.3,10.0,10.0,0.652
12.3,12.3,10.1,10.1,0.618
12.3,12.3,10.2,10.2,0.638
12.3,12.3,10.3,10.3,0.652
12.3,12.3,10.4,10.4,0.664
12.3,12.3,10.5,10.5,0.634
12.3,12.3,10.6,10.6,0.644
12.3,12.3,10.7,10.7,0.65
12.3,12.3,10.8,10.8,0.664
12.3,12.3,10.9,10.9,0.616
12.3,12.3,11.0,11.0,0.596
12.3,12.3,11.1,11.1,0.688
12.3,12.3,11.2,11.2,0.646
12.3,12.3,11.3,11.3,0.676
12.3,12.3,11.4,11.4,0.664
12.3,12.3,11.5,11.5,0.678
12.3,12.3,11.6,11.6,0.63
12.3,12.3,11.7,11.7,0.666
12.3,12.3,11.8,11.8,0.7
12.3,12.3,11.9,11.9,0.692
12.3,12.3,12.0,12.0,0.664
12.3,12.3,12.1,12.1,0.672
12.3,12.3,12.2,12.2,0.698
12.3,12.3,12.3,12.3,0.658
12.3,12.3,12.4,12.4,0.664
12.3,12.3,12.5,12.5,0.69
12.3,12.3,12.6,12.6,0.712
12.3,12.3,12.7,12.7,0.7
12.3,12.3,12.8,12.8,0.692
12.3,12.3,12.9,12.9,0.686
12.3,12.3,13.0,13.0,0.734
12.3,12.3,13.1,13.1,0.676
12.3,12.3,13.2,13.2,0.71
12.3,12.3,13.3,13.3,0.744
12.3,12.3,13.4,13.4,0.704
12.3,12.3,13.5,13.5,0.714
12.3,12.3,13.6,13.6,0.7
12.3,12.3,13.7,13.7,0.73
12.3,12.3,13.8,13.8,0.734
12.3,12.3,13.9,13.9,0.678
12.3,12.3,14.0,14.0,0.746
12.3,12.3,14.1,14.1,0.72
12.3,12.3,14.2,14.2,0.726
12.3,12.3,14.3,14.3,0.728
12.3,12.3,14.4,14.4,0.728
12.3,12.3,14.5,14.5,0.754
12.3,12.3,14.6,14.6,0.706
12.3,12.3,14.7,14.7,0.738
12.3,12.3,14.8,14.8,0.678
12.3,12.3,14.9,14.9,0.714
12.3,12.3,15.0,15.0,0.722
12.3,12.3,15.1,15.1,0.716
12.4,12.4,0.1,0.1,0.048
12.4,12.4,0.2,0.2,0.05
12.4,12.4,0.3,0.3,0.058
12.4,12.4,0.4,0.4,0.054
12.4,12.4,0.5,0.5,0.066
12.4,12.4,0.6,0.6,0.072
12.4,12.4,0.7,0.7,0.102
12.4,12.4,0.8,0.8,0.064
12.4,12.4,0.9,0.9,0.088
12.4,12.4,1.0,1.0,0.086
12.4,12.4,1.1,1.1,0.12
12.4,12.4,1.2,1.2,0.134
12.4,12.4,1.3,1.3,0.136
12.4,12.4,1.4,1.4,0.174
12.4,12.4,1.5,1.5,0.154
12.4,12.4,1.6,1.6,0.166
12.4,12.4,1.7,1.7,0.182
12.4,12.4,1.8,1.8,0.186
12.4,12.4,1.9,1.9,0.19
12.4,12.4,2.0,2.0,0.204
12.4,12.4,2.1,2.1,0.216
12.4,12.4,2.2,2.2,0.216
12.4,12.4,2.3,2.3,0.25
12.4,12.4,2.4,2.4,0.226
12.4,12.4,2.5,2.5,0.242
12.4,12.4,2.6,2.6,0.22
12.4,12.4,2.7,2.7,0.268
12.4,12.4,2.8,2.8,0.258
12.4,12.4,2.9,2.9,0.28
12.4,12.4,3.0,3.0,0.248
12.4,12.4,3.1,3.1,0.29
12.4,12.4,3.2,3.2,0.296
12.4,12.4,3.3,3.3,0.298
12.4,12.4,3.4,3.4,0.326
12.4,12.4,3.5,3.5,0.304
12.4,12.4,3.6,3.6,0.292
12.4,12.4,3.7,3.7,0.292
12.4,12.4,3.8,3.8,0.312
12.4,12.4,3.9,3.9,0.344
12.4,12.4,4.0,4.0,0.326
12.4,12.4,4.1,4.1,0.336
12.4,12.4,4.2,4.2,0.362
12.4,12.4,4.3,4.3,0.36
12.4,12.4,4.4,4.4,0.386
12.4,12.4,4.5,4.5,0.334
12.4,12.4,4.6,4.6,0.402
12.4,12.4,4.7,4.7,0.37
12.4,12.4,4.8,4.8,0.426
12.4,12.4,4.9,4.9,0.402
12.4,12.4,5.0,5.0,0.42
12.4,12.4,5.1,5.1,0.394
12.4,12.4,5.2,5.2,0.432
12.4,12.4,5.3,5.3,0.412
12.4,12.4,5.4,5.4,0.45
12.4,12.4,5.5,5.5,0.444
12.4,12.4,5.6,5.6,0.468
12.4,12.4,5.7,5.7,0.444
12.4,12.4,5.8,5.8,0.452
12.4,12.4,5.9,5.9,0.49
12.4,12.4,6.0,6.0,0.47
12.4,12.4,6.1,6.1,0.506
12.4,12.4,6.2,6.2,0.496
12.4,12.4,6.3,6.3,0.538
12.4,12.4,6.4,6.4,0.518
12.4,12.4,6.5,6.5,0.526
12.4,12.4,6.6,6.6,0.558
12.4,12.4,6.7,6.7,0.542
12.4,12.4,6.8,6.8,0.528
12.4,12.4,6.9,6.9,0.506
12.4,12.4,7.0,7.0,0.526
12.4,12.4,7.1,7.1,0.514
12.4,12.4,7.2,7.2,0.55
12.4,12.4,7.3,7.3,0.526
12.4,12.4,7.4,7.4,0.518
12.4,12.4,7.5,7.5,0.526
12.4,12.4,7.6,7.6,0.554
12.4,12.4,7.7,7.7,0.542
12.4,12.4,7.8,7.8,0.598
12.4,12.4,7.9,7.9,0.572
12.4,12.4,8.0,8.0,0.59
12.4,12.4,8.1,8.1,0.534
12.4,12.4,8.2,8.2,0.578
12.4,12.4,8.3,8.3,0.574
12.4,12.4,8.4,8.4,0.562
12.4,12.4,8.5,8.5,0.612
12.4,12.4,8.6,8.6,0.572
12.4,12.4,8.7,8.7,0.63
12.4,12.4,8.8,8.8,0.578
12.4,12.4,8.9,8.9,0.594
12.4,12.4,9.0,9.0,0.592
12.4,12.4,9.1,9.1,0.618
12.4,12.4,9.2,9.2,0.604
12.4,12.4,9.3,9.3,0.58
12.4,12.4,9.4,9.4,0.648
12.4,12.4,9.5,9.5,0.586
12.4,12.4,9.6,9.6,0.604
12.4,12.4,9.7,9.7,0.622
12.4,12.4,9.8,9.8,0.594
12.4,12.4,9.9,9.9,0.606
12.4,12.4,10.0,10.0,0.604
12.4,12.4,10.1,10.1,0.632
12.4,12.4,10.2,10.2,0.616
12.4,12.4,10.3,10.3,0.622
12.4,12.4,10.4,10.4,0.582
12.4,12.4,10.5,10.5,0.664
12.4,12.4,10.6,10.6,0.63
12.4,12.4,10.7,10.7,0.686
12.4,12.4,10.8,10.8,0.672
12.4,12.4,10.9,10.9,0.664
12.4,12.4,11.0,11.0,0.636
12.4,12.4,11.1,11.1,0.702
12.4,12.4,11.2,11.2,0.682
12.4,12.4,11.3,11.3,0.646
12.4,12.4,11.4,11.4,0.65
12.4,12.4,11.5,11.5,0.682
12.4,12.4,11.6,11.6,0.676
12.4,12.4,11.7,11.7,0.704
12.4,12.4,11.8,11.8,0.71
12.4,12.4,11.9,11.9,0.65
12.4,12.4,12.0,12.0,0.694
12.4,12.4,12.1,12.1,0.69
12.4,12.4,12.2,12.2,0.712
12.4,12.4,12.3,12.3,0.674
12.4,12.4,12.4,12.4,0.698
12.4,12.4,12.5,12.5,0.694
12.4,12.4,12.6,12.6,0.698
12.4,12.4,12.7,12.7,0.678
12.4,12.4,12.8,12.8,0.688
12.4,12.4,12.9,12.9,0.722
12.4,12.4,13.0,13.0,0.708
12.4,12.4,13.1,13.1,0.728
12.4,12.4,13.2,13.2,0.668
12.4,12.4,13.3,13.3,0.732
12.4,12.4,13.4,13.4,0.712
12.4,12.4,13.5,13.5,0.724
12.4,12.4,13.6,13.6,0.64
12.4,12.4,13.7,13.7,0.722
12.4,12.4,13.8,13.8,0.704
12.4,12.4,13.9,13.9,0.716
12.4,12.4,14.0,14.0,0.76
12.4,12.4,14.1,14.1,0.69
12.4,12.4,14.2,14.2,0.704
12.4,12.4,14.3,14.3,0.748
12.4,12.4,14.4,14.4,0.682
12.4,12.4,14.5,14.5,0.722
12.4,12.4,14.6,14.6,0.742
12.4,12.4,14.7,14.7,0.72
12.4,12.4,14.8,14.8,0.728
12.4,12.4,14.9,14.9,0.754
12.4,12.4,15.0,15.0,0.696
12.4,12.4,15.1,15.1,0.738
12.5,12.5,0.1,0.1,0.038
12.5,12.5,0.2,0.2,0.048
12.5,12.5,0.3,0.3,0.058
12.5,12.5,0.4,0.4,0.068
12.5,12.5,0.5,0.5,0.054
12.5,12.5,0.6,0.6,0.086
12.5,12.5,0.7,0.7,0.098
12.5,12.5,0.8,0.8,0.094
12.5,12.5,0.9,0.9,0.102
12.5,12.5,1.0,1.0,0.112
12.5,12.5,1.1,1.1,0.136
12.5,12.5,1.2,1.2,0.11
12.5,12.5,1.3,1.3,0.134
12.5,12.5,1.4,1.4,0.152
12.5,12.5,1.5,1.5,0.152
12.5,12.5,1.6,1.6,0.158
12.5,12.5,1.7,1.7,0.164
12.5,12.5,1.8,1.8,0.172
12.5,12.5,1.9,1.9,0.192
12.5,12.5,2.0,2.0,0.208
12.5,12.5,2.1,2.1,0.238
12.5,12.5,2.2,2.2,0.204
12.5,12.5,2.3,2.3,0.252
12.5,12.5,2.4,2.4,0.232
12.5,12.5,2.5,2.5,0.252
12.5,12.5,2.6,2.6,0.282
12.5,12.5,2.7,2.7,0.27
12.5,12.5,2.8,2.8,0.274
12.5,12.5,2.9,2.9,0.278
12.5,12.5,3.0,3.0,0.262
12.5,12.5,3.1,3.1,0.294
12.5,12.5,3.2,3.2,0.27
12.5,12.5,3.3,3.3,0.308
12.5,12.5,3.4,3.4,0.332
12.5,12.5,3.5,3.5,0.322
12.5,12.5,3.6,3.6,0.314
12.5,12.5,3.7,3.7,0.324
12.5,12.5,3.8,3.8,0.33
12.5,12.5,3.9,3.9,0.316
12.5,12.5,4.0,4.0,0.338
12.5,12.5,4.1,4.1,0.31
12.5,12.5,4.2,4.2,0.334
12.5,12.5,4.3,4.3,0.312
12.5,12.5,4.4,4.4,0.364
12.5,12.5,4.5,4.5,0.366
12.5,12.5,4.6,4.6,0.36
12.5,12.5,4.7,4.7,0.382
12.5,12.5,4.8,4.8,0.38
12.5,12.5,4.9,4.9,0.392
12.5,12.5,5.0,5.0,0.39
12.5,12.5,5.1,5.1,0.416
12.5,12.5,5.2,5.2,0.438
12.5,12.5,5.3,5.3,0.392
12.5,12.5,5.4,5.4,0.468
12.5,12.5,5.5,5.5,0.464
12.5,12.5,5.6,5.6,0.418
12.5,12.5,5.7,5.7,0.484
12.5,12.5,5.8,5.8,0.468
12.5,12.5,5.9,5.9,0.452
12.5,12.5,6.0,6.0,0.474
12.5,12.5,6.1,6.1,0.452
12.5,12.5,6.2,6.2,0.458
12.5,12.5,6.3,6.3,0.508
12.5,12.5,6.4,6.4,0.492
12.5,12.5,6.5,6.5,0.464
12.5,12.5,6.6,6.6,0.516
12.5,12.5,6.7,6.7,0.54
12.5,12.5,6.8,6.8,0.508
12.5,12.5,6.9,6.9,0.494
12.5,12.5,7.0,7.0,0.512
12.5,12.5,7.1,7.1,0.522
12.5,12.5,7.2,7.2,0.546
12.5,12.5,7.3,7.3,0.524
12.5,12.5,7.4,7.4,0.51
12.5,12.5,7.5,7.5,0.524
12.5,12.5,7.6,7.6,0.528
12.5,12.5,7.7,7.7,0.568
12.5,12.5,7.8,7.8,0.564
12.5,12.5,7.9,7.9,0.58
12.5,12.5,8.0,8.0,0.558
12.5,12.5,8.1,8.1,0.542
12.5,12.5,8.2,8.2,0.572
12.5,12.5,8.3,8.3,0.538
12.5,12.5,8.4,8.4,0.542
12.5,12.5,8.5,8.5,0.576
12.5,12.5,8.6,8.6,0.6
12.5,12.5,8.7,8.7,0.566
12.5,12.5,8.8,8.8,0.6
12.5,12.5,8.9,8.9,0.646
12.5,12.5,9.0,9.0,0.632
12.5,12.5,9.1,9.1,0.614
12.5,12.5,9.2,9.2,0.61
12.5,12.5,9.3,9.3,0.602
12.5,12.5,9.4,9.4,0.616
12.5,12.5,9.5,9.5,0.598
12.5,12.5,9.6,9.6,0.634
12.5,12.5,9.7,9.7,0.644
12.5,12.5,9.8,9.8,0.598
12.5,12.5,9.9,9.9,0.624
12.5,12.5,10.0,10.0,0.632
12.5,12.5,10.1,10.1,0.612
12.5,12.5,10.2,10.2,0.632
12.5,12.5,10.3,10.3,0.606
12.5,12.5,10.4,10.4,0.63
12.5,12.5,10.5,10.5,0.67
12.5,12.5,10.6,10.6,0.67
12.5,12.5,10.7,10.7,0.622
12.5,12.5,10.8,10.8,0.634
12.5,12.5,10.9,10.9,0.666
12.5,12.5,11.0,11.0,0.69
12.5,12.5,11.1,11.1,0.672
12.5,12.5,11.2,11.2,0.64
12.5,12.5,11.3,11.3,0.716
12.5,12.5,11.4,11.4,0.65
12.5,12.5,11.5,11.5,0.644
12.5,12.5,11.6,11.6,0.676
12.5,12.5,11.7,11.7,0.68
12.5,12.5,11.8,11.8,0.694
12.5,12.5,11.9,11.9,0.648
12.5,12.5,12.0,12.0,0.704
12.5,12.5,12.1,12.1,0.674
12.5,12.5,12.2,12.2,0.686
12.5,12.5,12.3,12.3,0.672
12.5,12.5,12.4,12.4,0.666
12.5,12.5,12.5,12.5,0.646
12.5,12.5,12.6,12.6,0.694
12.5,12.5,12.7,12.7,0.682
12.5,12.5,12.8,12.8,0.678
12.5,12.5,12.9,12.9,0.682
12.5,12.5,13.0,13.0,0.718
12.5,12.5,13.1,13.1,0.696
12.5,12.5,13.2,13.2,0.7
12.5,12.5,13.3,13.3,0.686
12.5,12.5,13.4,13.4,0.734
12.5,12.5,13.5,13.5,0.714
12.5,12.5,13.6,13.6,0.72
12.5,12.5,13.7,13.7,0.698
12.5,12.5,13.8,13.8,0.746
12.5,12.5,13.9,13.9,0.718
12.5,12.5,14.0,14.0,0.684
12.5,12.5,14.1,14.1,0.758
12.5,12.5,14.2,14.2,0.732
12.5,12.5,14.3,14.3,0.708
12.5,12.5,14.4,14.4,0.724
12.5,12.5,14.5,14.5,0.714
12.5,12.5,14.6,14.6,0.732
12.5,12.5,14.7,14.7,0.72
12.5,12.5,14.8,14.8,0.732
12.5,12.5,14.9,14.9,0.73
12.5,12.5,15.0,15.0,0.736
12.5,12.5,15.1,15.1,0.706
12.6,12.6,0.1,0.1,0.034
12.6,12.6,0.2,0.2,0.046
12.6,12.6,0.3,0.3,0.066
12.6,12.6,0.4,0.4,0.052
12.6,12.6,0.5,0.5,0.072
12.6,12.6,0.6,0.6,0.074
12.6,12.6,0.7,0.7,0.102
12.6,12.6,0.8,0.8,0.096
12.6,12.6,0.9,0.9,0.094
12.6,12.6,1.0,1.0,0.11
12.6,12.6,1.1,1.1,0.104
12.6,12.6,1.2,1.2,0.118
12.6,12.6,1.3,1.3,0.144
12.6,12.6,1.4,1.4,0.132
12.6,12.6,1.5,1.5,0.14
12.6,12.6,1.6,1.6,0.176
12.6,12.6,1.7,1.7,0.174
12.6,12.6,1.8,1.8,0.174
12.6,12.6,1.9,1.9,0.166
12.6,12.6,2.0,2.0,0.196
12.6,12.6,2.1,2.1,0.174
12.6,12.6,2.2,2.2,0.254
12.6,12.6,2.3,2.3,0.206
12.6,12.6,2.4,2.4,0.212
12.6,12.6,2.5,2.5,0.26
12.6,12.6,2.6,2.6,0.258
12.6,12.6,2.7,2.7,0.284
12.6,12.6,2.8,2.8,0.27
12.6,12.6,2.9,2.9,0.268
12.6,12.6,3.0,3.0,0.268
12.6,12.6,3.1,3.1,0.284
12.6,12.6,3.2,3.2,0.304
12.6,12.6,3.3,3.3,0.308
12.6,12.6,3.4,3.4,0.326
12.6,12.6,3.5,3.5,0.32
12.6,12.6,3.6,3.6,0.308
12.6,12.6,3.7,3.7,0.332
12.6,12.6,3.8,3.8,0.338
12.6,12.6,3.9,3.9,0.366
12.6,12.6,4.0,4.0,0.348
12.6,12.6,4.1,4.1,0.346
12.6,12.6,4.2,4.2,0.376
12.6,12.6,4.3,4.3,0.37
12.6,12.6,4.4,4.4,0.412
12.6,12.6,4.5,4.5,0.388
12.6,12.6,4.6,4.6,0.426
12.6,12.6,4.7,4.7,0.372
12.6,12.6,4.8,4.8,0.384
12.6,12.6,4.9,4.9,0.386
12.6,12.6,5.0,5.0,0.418
12.6,12.6,5.1,5.1,0.412
12.6,12.6,5.2,5.2,0.428
12.6,12.6,5.3,5.3,0.446
12.6,12.6,5.4,5.4,0.426
12.6,12.6,5.5,5.5,0.446
12.6,12.6,5.6,5.6,0.422
12.6,12.6,5.7,5.7,0.428
12.6,12.6,5.8,5.8,0.44
12.6,12.6,5.9,5.9,0.418
12.6,12.6,6.0,6.0,0.458
12.6,12.6,6.1,6.1,0.466
12.6,12.6,6.2,6.2,0.472
12.6,12.6,6.3,6.3,0.48
12.6,12.6,6.4,6.4,0.526
12.6,12.6,6.5,6.5,0.488
12.6,12.6,6.6,6.6,0.52
12.6,12.6,6.7,6.7,0.46
12.6,12.6,6.8,6.8,0.486
12.6,12.6,6.9,6.9,0.51
12.6,12.6,7.0,7.0,0.512
12.6,12.6,7.1,7.1,0.51
12.6,12.6,7.2,7.2,0.502
12.6,12.6,7.3,7.3,0.52
12.6,12.6,7.4,7.4,0.52
12.6,12.6,7.5,7.5,0.552
12.6,12.6,7.6,7.6,0.532
12.6,12.6,7.7,7.7,0.5
12.6,12.6,7.8,7.8,0.558
12.6,12.6,7.9,7.9,0.538
12.6,12.6,8.0,8.0,0.534
12.6,12.6,8.1,8.1,0.546
12.6,12.6,8.2,8.2,0.618
12.6,12.6,8.3,8.3,0.548
12.6,12.6,8.4,8.4,0.588
12.6,12.6,8.5,8.5,0.584
12.6,12.6,8.6,8.6,0.554
12.6,12.6,8.7,8.7,0.62
12.6,12.6,8.8,8.8,0.582
12.6,12.6,8.9,8.9,0.562
12.6,12.6,9.0,9.0,0.576
12.6,12.6,9.1,9.1,0.602
12.6,12.6,9.2,9.2,0.578
12.6,12.6,9.3,9.3,0.614
12.6,12.6,9.4,9.4,0.61
12.6,12.6,9.5,9.5,0.606
12.6,12.6,9.6,9.6,0.58
12.6,12.6,9.7,9.7,0.592
12.6,12.6,9.8,9.8,0.588
12.6,12.6,9.9,9.9,0.576
12.6,12.6,10.0,10.0,0.644
12.6,12.6,10.1,10.1,0.64
12.6,12.6,10.2,10.2,0.64
12.6,12.6,10.3,10.3,0.654
12.6,12.6,10.4,10.4,0.676
12.6,12.6,10.5,10.5,0.626
12.6,12.6,10.6,10.6,0.64
12.6,12.6,10.7,10.7,0.65
12.6,12.6,10.8,10.8,0.66
12.6,12.6,10.9,10.9,0.662
12.6,12.6,11.0,11.0,0.622
12.6,12.6,11.1,11.1,0.658
12.6,12.6,11.2,11.2,0.674
12.6,12.6,11.3,11.3,0.656
12.6,12.6,11.4,11.4,0.65
12.6,12.6,11.5,11.5,0.668
12.6,12.6,11.6,11.6,0.684
12.6,12.6,11.7,11.7,0.688
12.6,12.6,11.8,11.8,0.678
12.6,12.6,11.9,11.9,0.67
12.6,12.6,12.0,12.0,0.694
12.6,12.6,12.1,12.1,0.696
12.6,12.6,12.2,12.2,0.662
12.6,12.6,12.3,12.3,0.706
12.6,12.6,12.4,12.4,0.698
12.6,12.6,12.5,12.5,0.712
12.6,12.6,12.6,12.6,0.686
12.6,12.6,12.7,12.7,0.702
12.6,12.6,12.8,12.8,0.724
12.6,12.6,12.9,12.9,0.702
12.6,12.6,13.0,13.0,0.734
12.6,12.6,13.1,13.1,0.7
12.6,12.6,13.2,13.2,0.684
12.6,12.6,13.3,13.3,0.694
12.6,12.6,13.4,13.4,0.724
12.6,12.6,13.5,13.5,0.748
12.6,12.6,13.6,13.6,0.718
12.6,12.6,13.7,13.7,0.706
12.6,12.6,13.8,13.8,0.71
12.6,12.6,13.9,13.9,0.722
12.6,12.6,14.0,14.0,0.752
12.6,12.6,14.1,14.1,0.724
12.6,12.6,14.2,14.2,0.774
12.6,12.6,14.3,14.3,0.746
12.6,12.6,14.4,14.4,0.73
12.6,12.6,14.5,14.5,0.722
12.6,12.6,14.6,14.6,0.718
12.6,12.6,14.7,14.7,0.686
12.6,12.6,14.8,14.8,0.71
12.6,12.6,14.9,14.9,0.762
12.6,12.6,15.0,15.0,0.696
12.6,12.6,15.1,15.1,0.736
12.7,12.7,0.1,0.1,0.046
12.7,12.7,0.2,0.2,0.042
12.7,12.7,0.3,0.3,0.058
12.7,12.7,0.4,0.4,0.056
12.7,12.7,0.5,0.5,0.048
12.7,12.7,0.6,0.6,0.082
12.7,12.7,0.7,0.7,0.09
12.7,12.7,0.8,0.8,0.094
12.7,12.7,0.9,0.9,0.11
12.7,12.7,1.0,1.0,0.096
12.7,12.7,1.1,1.1,0.132
12.7,12.7,1.2,1.2,0.128
12.7,12.7,1.3,1.3,0.118
12.7,12.7,1.4,1.4,0.144
12.7,12.7,1.5,1.5,0.154
12.7,12.7,1.6,1.6,0.158
12.7,12.7,1.7,1.7,0.176
12.7,12.7,1.8,1.8,0.16
12.7,12.7,1.9,1.9,0.2
12.7,12.7,2.0,2.0,0.216
12.7,12.7,2.1,2.1,0.206
12.7,12.7,2.2,2.2,0.194
12.7,12.7,2.3,2.3,0.238
12.7,12.7,2.4,2.4,0.21
12.7,12.7,2.5,2.5,0.242
12.7,12.7,2.6,2.6,0.218
12.7,12.7,2.7,2.7,0.27
12.7,12.7,2.8,2.8,0.294
12.7,12.7,2.9,2.9,0.264
12.7,12.7,3.0,3.0,0.292
12.7,12.7,3.1,3.1,0.292
12.7,12.7,3.2,3.2,0.242
12.7,12.7,3.3,3.3,0.336
12.7,12.7,3.4,3.4,0.244
12.7,12.7,3.5,3.5,0.318
12.7,12.7,3.6,3.6,0.354
12.7,12.7,3.7,3.7,0.304
12.7,12.7,3.8,3.8,0.348
12.7,12.7,3.9,3.9,0.326
12.7,12.7,4.0,4.0,0.34
12.7,12.7,4.1,4.1,0.314
12.7,12.7,4.2,4.2,0.376
12.7,12.7,4.3,4.3,0.38
12.7,12.7,4.4,4.4,0.406
12.7,12.7,4.5,4.5,0.354
12.7,12.7,4.6,4.6,0.398
12.7,12.7,4.7,4.7,0.394
12.7,12.7,4.8,4.8,0.382
12.7,12.7,4.9,4.9,0.382
12.7,12.7,5.0,5.0,0.394
12.7,12.7,5.1,5.1,0.428
12.7,12.7,5.2,5.2,0.396
12.7,12.7,5.3,5.3,0.454
12.7,12.7,5.4,5.4,0.41
12.7,12.7,5.5,5.5,0.466
12.7,12.7,5.6,5.6,0.47
12.7,12.7,5.7,5.7,0.45
12.7,12.7,5.8,5.8,0.414
12.7,12.7,5.9,5.9,0.418
12.7,12.7,6.0,6.0,0.454
12.7,12.7,6.1,6.1,0.51
12.7,12.7,6.2,6.2,0.44
12.7,12.7,6.3,6.3,0.454
12.7,12.7,6.4,6.4,0.47
12.7,12.7,6.5,6.5,0.496
12.7,12.7,6.6,6.6,0.486
12.7,12.7,6.7,6.7,0.52
12.7,12.7,6.8,6.8,0.496
12.7,12.7,6.9,6.9,0.476
12.7,12.7,7.0,7.0,0.448
12.7,12.7,7.1,7.1,0.574
12.7,12.7,7.2,7.2,0.534
12.7,12.7,7.3,7.3,0.53
12.7,12.7,7.4,7.4,0.532
12.7,12.7,7.5,7.5,0.508
12.7,12.7,7.6,7.6,0.512
12.7,12.7,7.7,7.7,0.516
12.7,12.7,7.8,7.8,0.568
12.7,12.7,7.9,7.9,0.542
12.7,12.7,8.0,8.0,0.548
12.7,12.7,8.1,8.1,0.534
12.7,12.7,8.2,8.2,0.548
12.7,12.7,8.3,8.3,0.576
12.7,12.7,8.4,8.4,0.57
12.7,12.7,8.5,8.5,0.57
12.7,12.7,8.6,8.6,0.63
12.7,12.7,8.7,8.7,0.602
12.7,12.7,8.8,8.8,0.594
12.7,12.7,8.9,8.9,0.576
12.7,12.7,9.0,9.0,0.574
12.7,12.7,9.1,9.1,0.604
12.7,12.7,9.2,9.2,0.6
12.7,12.7,9.3,9.3,0.622
12.7,12.7,9.4,9.4,0.598
12.7,12.7,9.5,9.5,0.596
12.7,12.7,9.6,9.6,0.592
12.7,12.7,9.7,9.7,0.638
12.7,12.7,9.8,9.8,0.632
12.7,12.7,9.9,9.9,0.588
12.7,12.7,10.0,10.0,0.652
12.7,12.7,10.1,10.1,0.626
12.7,12.7,10.2,10.2,0.612
12.7,12.7,10.3,10.3,0.648
12.7,12.7,10.4,10.4,0.654
12.7,12.7,10.5,10.5,0.63
12.7,12.7,10.6,10.6,0.614
12.7,12.7,10.7,10.7,0.628
12.7,12.7,10.8,10.8,0.65
12.7,12.7,10.9,10.9,0.644
12.7,12.7,11.0,11.0,0.7
12.7,12.7,11.1,11.1,0.62
12.7,12.7,11.2,11.2,0.674
12.7,12.7,11.3,11.3,0.668
12.7,12.7,11.4,11.4,0.674
12.7,12.7,11.5,11.5,0.648
12.7,12.7,11.6,11.6,0.656
12.7,12.7,11.7,11.7,0.678
12.7,12.7,11.8,11.8,0.672
12.7,12.7,11.9,11.9,0.664
12.7,12.7,12.0,12.0,0.654
12.7,12.7,12.1,12.1,0.67
12.7,12.7,12.2,12.2,0.688
12.7,12.7,12.3,12.3,0.676
12.7,12.7,12.4,12.4,0.706
12.7,12.7,12.5,12.5,0.678
12.7,12.7,12.6,12.6,0.696
12.7,12.7,12.7,12.7,0.716
12.7,12.7,12.8,12.8,0.692
12.7,12.7,12.9,12.9,0.718
12.7,12.7,13.0,13.0,0.696
12.7,12.7,13.1,13.1,0.692
12.7,12.7,13.2,13.2,0.7
12.7,12.7,13.3,13.3,0.68
12.7,12.7,13.4,13.4,0.688
12.7,12.7,13.5,13.5,0.696
12.7,12.7,13.6,13.6,0.722
12.7,12.7,13.7,13.7,0.688
12.7,12.7,13.8,13.8,0.714
12.7,12.7,13.9,13.9,0.718
12.7,12.7,14.0,14.0,0.74
12.7,12.7,14.1,14.1,0.76
12.7,12.7,14.2,14.2,0.71
12.7,12.7,14.3,14.3,0.698
12.7,12.7,14.4,14.4,0.69
12.7,12.7,14.5,14.5,0.76
12.7,12.7,14.6,14.6,0.71
12.7,12.7,14.7,14.7,0.706
12.7,12.7,14.8,14.8,0.716
12.7,12.7,14.9,14.9,0.754
12.7,12.7,15.0,15.0,0.746
12.7,12.7,15.1,15.1,0.718
12.8,12.8,0.1,0.1,0.056
12.8,12.8,0.2,0.2,0.052
12.8,12.8,0.3,0.3,0.06
12.8,12.8,0.4,0.4,0.036
12.8,12.8,0.5,0.5,0.058
12.8,12.8,0.6,0.6,0.074
12.8,12.8,0.7,0.7,0.068
12.8,12.8,0.8,0.8,0.08
12.8,12.8,0.9,0.9,0.102
12.8,12.8,1.0,1.0,0.106
12.8,12.8,1.1,1.1,0.13
12.8,12.8,1.2,1.2,0.112
12.8,12.8,1.3,1.3,0.124
12.8,12.8,1.4,1.4,0.154
12.8,12.8,1.5,1.5,0.144
12.8,12.8,1.6,1.6,0.18
12.8,12.8,1.7,1.7,0.176
12.8,12.8,1.8,1.8,0.158
12.8,12.8,1.9,1.9,0.202
12.8,12.8,2.0,2.0,0.186
12.8,12.8,2.1,2.1,0.188
12.8,12.8,2.2,2.2,0.25
12.8,12.8,2.3,2.3,0.214
12.8,12.8,2.4,2.4,0.244
12.8,12.8,2.5,2.5,0.234
12.8,12.8,2.6,2.6,0.222
12.8,12.8,2.7,2.7,0.24
12.8,12.8,2.8,2.8,0.272
12.8,12.8,2.9,2.9,0.272
12.8,12.8,3.0,3.0,0.28
12.8,12.8,3.1,3.1,0.258
12.8,12.8,3.2,3.2,0.31
12.8,12.8,3.3,3.3,0.314
12.8,12.8,3.4,3.4,0.26
12.8,12.8,3.5,3.5,0.312
12.8,12.8,3.6,3.6,0.282
12.8,12.8,3.7,3.7,0.318
12.8,12.8,3.8,3.8,0.308
12.8,12.8,3.9,3.9,0.32
12.8,12.8,4.0,4.0,0.392
12.8,12.8,4.1,4.1,0.392
12.8,12.8,4.2,4.2,0.362
12.8,12.8,4.3,4.3,0.348
12.8,12.8,4.4,4.4,0.386
12.8,12.8,4.5,4.5,0.406
12.8,12.8,4.6,4.6,0.376
12.8,12.8,4.7,4.7,0.368
12.8,12.8,4.8,4.8,0.376
12.8,12.8,4.9,4.9,0.356
12.8,12.8,5.0,5.0,0.434
12.8,12.8,5.1,5.1,0.402
12.8,12.8,5.2,5.2,0.412
12.8,12.8,5.3,5.3,0.404
12.8,12.8,5.4,5.4,0.432
12.8,12.8,5.5,5.5,0.44
12.8,12.8,5.6,5.6,0.472
12.8,12.8,5.7,5.7,0.442
12.8,12.8,5.8,5.8,0.424
12.8,12.8,5.9,5.9,0.442
12.8,12.8,6.0,6.0,0.474
12.8,12.8,6.1,6.1,0.478
12.8,12.8,6.2,6.2,0.504
12.8,12.8,6.3,6.3,0.504
12.8,12.8,6.4,6.4,0.45
12.8,12.8,6.5,6.5,0.478
12.8,12.8,6.6,6.6,0.462
12.8,12.8,6.7,6.7,0.5
12.8,12.8,6.8,6.8,0.47
12.8,12.8,6.9,6.9,0.512
12.8,12.8,7.0,7.0,0.504
12.8,12.8,7.1,7.1,0.472
12.8,12.8,7.2,7.2,0.552
12.8,12.8,7.3,7.3,0.528
12.8,12.8,7.4,7.4,0.512
12.8,12.8,7.5,7.5,0.512
12.8,12.8,7.6,7.6,0.516
12.8,12.8,7.7,7.7,0.5
12.8,12.8,7.8,7.8,0.574
12.8,12.8,7.9,7.9,0.57
12.8,12.8,8.0,8.0,0.542
12.8,12.8,8.1,8.1,0.586
12.8,12.8,8.2,8.2,0.578
12.8,12.8,8.3,8.3,0.534
12.8,12.8,8.4,8.4,0.624
12.8,12.8,8.5,8.5,0.58
12.8,12.8,8.6,8.6,0.6
12.8,12.8,8.7,8.7,0.584
12.8,12.8,8.8,8.8,0.582
12.8,12.8,8.9,8.9,0.594
12.8,12.8,9.0,9.0,0.59
12.8,12.8,9.1,9.1,0.606
12.8,12.8,9.2,9.2,0.62
12.8,12.8,9.3,9.3,0.61
12.8,12.8,9.4,9.4,0.598
12.8,12.8,9.5,9.5,0.624
12.8,12.8,9.6,9.6,0.632
12.8,12.8,9.7,9.7,0.646
12.8,12.8,9.8,9.8,0.62
12.8,12.8,9.9,9.9,0.596
12.8,12.8,10.0,10.0,0.64
12.8,12.8,10.1,10.1,0.636
12.8,12.8,10.2,10.2,0.622
12.8,12.8,10.3,10.3,0.622
12.8,12.8,10.4,10.4,0.602
12.8,12.8,10.5,10.5,0.678
12.8,12.8,10.6,10.6,0.658
12.8,12.8,10.7,10.7,0.61
12.8,12.8,10.8,10.8,0.65
12.8,12.8,10.9,10.9,0.646
12.8,12.8,11.0,11.0,0.654
12.8,12.8,11.1,11.1,0.668
12.8,12.8,11.2,11.2,0.656
12.8,12.8,11.3,11.3,0.618
12.8,12.8,11.4,11.4,0.638
12.8,12.8,11.5,11.5,0.668
12.8,12.8,11.6,11.6,0.648
12.8,12.8,11.7,11.7,0.636
12.8,12.8,11.8,11.8,0.664
12.8,12.8,11.9,11.9,0.684
12.8,12.8,12.0,12.0,0.658
12.8,12.8,12.1,12.1,0.676
12.8,12.8,12.2,12.2,0.694
12.8,12.8,12.3,12.3,0.654
12.8,12.8,12.4,12.4,0.7
12.8,12.8,12.5,12.5,0.644
12.8,12.8,12.6,12.6,0.716
12.8,12.8,12.7,12.7,0.668
12.8,12.8,12.8,12.8,0.696
12.8,12.8,12.9,12.9,0.664
12.8,12.8,13.0,13.0,0.726
12.8,12.8,13.1,13.1,0.684
12.8,12.8,13.2,13.2,0.692
12.8,12.8,13.3,13.3,0.692
12.8,12.8,13.4,13.4,0.718
12.8,12.8,13.5,13.5,0.704
12.8,12.8,13.6,13.6,0.704
12.8,12.8,13.7,13.7,0.722
12.8,12.8,13.8,13.8,0.724
12.8,12.8,13.9,13.9,0.716
12.8,12.8,14.0,14.0,0.714
12.8,12.8,14.1,14.1,0.748
12.8,12.8,14.2,14.2,0.74
12.8,12.8,14.3,14.3,0.74
12.8,12.8,14.4,14.4,0.704
12.8,12.8,14.5,14.5,0.72
12.8,12.8,14.6,14.6,0.724
12.8,12.8,14.7,14.7,0.718
12.8,12.8,14.8,14.8,0.742
12.8,12.8,14.9,14.9,0.72
12.8,12.8,15.0,15.0,0.73
12.8,12.8,15.1,15.1,0.74
12.9,12.9,0.1,0.1,0.038
12.9,12.9,0.2,0.2,0.044
12.9,12.9,0.3,0.3,0.038
12.9,12.9,0.4,0.4,0.058
12.9,12.9,0.5,0.5,0.062
12.9,12.9,0.6,0.6,0.068
12.9,12.9,0.7,0.7,0.106
12.9,12.9,0.8,0.8,0.106
12.9,12.9,0.9,0.9,0.082
12.9,12.9,1.0,1.0,0.126
12.9,12.9,1.1,1.1,0.112
12.9,12.9,1.2,1.2,0.11
12.9,12.9,1.3,1.3,0.142
12.9,12.9,1.4,1.4,0.13
12.9,12.9,1.5,1.5,0.174
12.9,12.9,1.6,1.6,0.162
12.9,12.9,1.7,1.7,0.148
12.9,12.9,1.8,1.8,0.186
12.9,12.9,1.9,1.9,0.192
12.9,12.9,2.0,2.0,0.202
12.9,12.9,2.1,2.1,0.196
12.9,12.9,2.2,2.2,0.212
12.9,12.9,2.3,2.3,0.246
12.9,12.9,2.4,2.4,0.19
12.9,12.9,2.5,2.5,0.212
12.9,12.9,2.6,2.6,0.212
12.9,12.9,2.7,2.7,0.268
12.9,12.9,2.8,2.8,0.238
12.9,12.9,2.9,2.9,0.296
12.9,12.9,3.0,3.0,0.284
12.9,12.9,3.1,3.1,0.296
12.9,12.9,3.2,3.2,0.276
12.9,12.9,3.3,3.3,0.278
12.9,12.9,3.4,3.4,0.288
12.9,12.9,3.5,3.5,0.314
12.9,12.9,3.6,3.6,0.302
12.9,12.9,3.7,3.7,0.3
12.9,12.9,3.8,3.8,0.354
12.9,12.9,3.9,3.9,0.316
12.9,12.9,4.0,4.0,0.346
12.9,12.9,4.1,4.1,0.358
12.9,12.9,4.2,4.2,0.372
12.9,12.9,4.3,4.3,0.346
12.9,12.9,4.4,4.4,0.382
12.9,12.9,4.5,4.5,0.362
12.9,12.9,4.6,4.6,0.376
12.9,12.9,4.7,4.7,0.386
12.9,12.9,4.8,4.8,0.424
12.9,12.9,4.9,4.9,0.368
12.9,12.9,5.0,5.0,0.4
12.9,12.9,5.1,5.1,0.386
12.9,12.9,5.2,5.2,0.46
12.9,12.9,5.3,5.3,0.4
12.9,12.9,5.4,5.4,0.436
12.9,12.9,5.5,5.5,0.41
12.9,12.9,5.6,5.6,0.462
12.9,12.9,5.7,5.7,0.418
12.9,12.9,5.8,5.8,0.494
12.9,12.9,5.9,5.9,0.458
12.9,12.9,6.0,6.0,0.474
12.9,12.9,6.1,6.1,0.434
12.9,12.9,6.2,6.2,0.444
12.9,12.9,6.3,6.3,0.48
12.9,12.9,6.4,6.4,0.474
12.9,12.9,6.5,6.5,0.49
12.9,12.9,6.6,6.6,0.51
12.9,12.9,6.7,6.7,0.522
12.9,12.9,6.8,6.8,0.492
12.9,12.9,6.9,6.9,0.514
12.9,12.9,7.0,7.0,0.546
12.9,12.9,7.1,7.1,0.48
12.9,12.9,7.2,7.2,0.542
12.9,12.9,7.3,7.3,0.52
12.9,12.9,7.4,7.4,0.532
12.9,12.9,7.5,7.5,0.52
12.9,12.9,7.6,7.6,0.498
12.9,12.9,7.7,7.7,0.558
12.9,12.9,7.8,7.8,0.588
12.9,12.9,7.9,7.9,0.542
12.9,12.9,8.0,8.0,0.54
12.9,12.9,8.1,8.1,0.548
12.9,12.9,8.2,8.2,0.562
12.9,12.9,8.3,8.3,0.54
12.9,12.9,8.4,8.4,0.59
12.9,12.9,8.5,8.5,0.596
12.9,12.9,8.6,8.6,0.558
12.9,12.9,8.7,8.7,0.53
12.9,12.9,8.8,8.8,0.562
12.9,12.9,8.9,8.9,0.616
12.9,12.9,9.0,9.0,0.594
12.9,12.9,9.1,9.1,0.598
12.9,12.9,9.2,9.2,0.584
12.9,12.9,9.3,9.3,0.548
12.9,12.9,9.4,9.4,0.584
12.9,12.9,9.5,9.5,0.612
12.9,12.9,9.6,9.6,0.63
12.9,12.9,9.7,9.7,0.624
12.9,12.9,9.8,9.8,0.628
12.9,12.9,9.9,9.9,0.598
12.9,12.9,10.0,10.0,0.618
12.9,12.9,10.1,10.1,0.636
12.9,12.9,10.2,10.2,0.628
12.9,12.9,10.3,10.3,0.602
12.9,12.9,10.4,10.4,0.642
12.9,12.9,10.5,10.5,0.588
12.9,12.9,10.6,10.6,0.626
12.9,12.9,10.7,10.7,0.628
12.9,12.9,10.8,10.8,0.652
12.9,12.9,10.9,10.9,0.62
12.9,12.9,11.0,11.0,0.662
12.9,12.9,11.1,11.1,0.664
12.9,12.9,11.2,11.2,0.642
12.9,12.9,11.3,11.3,0.668
12.9,12.9,11.4,11.4,0.68
12.9,12.9,11.5,11.5,0.638
12.9,12.9,11.6,11.6,0.702
12.9,12.9,11.7,11.7,0.652
12.9,12.9,11.8,11.8,0.674
12.9,12.9,11.9,11.9,0.67
12.9,12.9,12.0,12.0,0.712
12.9,12.9,12.1,12.1,0.676
12.9,12.9,12.2,12.2,0.682
12.9,12.9,12.3,12.3,0.674
12.9,12.9,12.4,12.4,0.69
12.9,12.9,12.5,12.5,0.708
12.9,12.9,12.6,12.6,0.672
12.9,12.9,12.7,12.7,0.684
12.9,12.9,12.8,12.8,0.686
12.9,12.9,12.9,12.9,0.642
12.9,12.9,13.0,13.0,0.698
12.9,12.9,13.1,13.1,0.702
12.9,12.9,13.2,13.2,0.68
12.9,12.9,13.3,13.3,0.684
12.9,12.9,13.4,13.4,0.706
12.9,12.9,13.5,13.5,0.712
12.9,12.9,13.6,13.6,0.71
12.9,12.9,13.7,13.7,0.714
12.9,12.9,13.8,13.8,0.726
12.9,12.9,13.9,13.9,0.71
12.9,12.9,14.0,14.0,0.752
12.9,12.9,14.1,14.1,0.74
12.9,12.9,14.2,14.2,0.708
12.9,12.9,14.3,14.3,0.692
12.9,12.9,14.4,14.4,0.754
12.9,12.9,14.5,14.5,0.71
12.9,12.9,14.6,14.6,0.718
12.9,12.9,14.7,14.7,0.716
12.9,12.9,14.8,14.8,0.734
12.9,12.9,14.9,14.9,0.73
12.9,12.9,15.0,15.0,0.72
12.9,12.9,15.1,15.1,0.726
13.0,13.0,0.1,0.1,0.038
13.0,13.0,0.2,0.2,0.048
13.0,13.0,0.3,0.3,0.04
13.0,13.0,0.4,0.4,0.048
13.0,13.0,0.5,0.5,0.046
13.0,13.0,0.6,0.6,0.084
13.0,13.0,0.7,0.7,0.084
13.0,13.0,0.8,0.8,0.102
13.0,13.0,0.9,0.9,0.094
13.0,13.0,1.0,1.0,0.112
13.0,13.0,1.1,1.1,0.124
13.0,13.0,1.2,1.2,0.12
13.0,13.0,1.3,1.3,0.126
13.0,13.0,1.4,1.4,0.144
13.0,13.0,1.5,1.5,0.146
13.0,13.0,1.6,1.6,0.138
13.0,13.0,1.7,1.7,0.138
13.0,13.0,1.8,1.8,0.182
13.0,13.0,1.9,1.9,0.19
13.0,13.0,2.0,2.0,0.194
13.0,13.0,2.1,2.1,0.228
13.0,13.0,2.2,2.2,0.23
13.0,13.0,2.3,2.3,0.214
13.0,13.0,2.4,2.4,0.262
13.0,13.0,2.5,2.5,0.24
13.0,13.0,2.6,2.6,0.262
13.0,13.0,2.7,2.7,0.276
13.0,13.0,2.8,2.8,0.256
13.0,13.0,2.9,2.9,0.258
13.0,13.0,3.0,3.0,0.244
13.0,13.0,3.1,3.1,0.27
13.0,13.0,3.2,3.2,0.28
13.0,13.0,3.3,3.3,0.27
13.0,13.0,3.4,3.4,0.28
13.0,13.0,3.5,3.5,0.276
13.0,13.0,3.6,3.6,0.304
13.0,13.0,3.7,3.7,0.294
13.0,13.0,3.8,3.8,0.366
13.0,13.0,3.9,3.9,0.334
13.0,13.0,4.0,4.0,0.346
13.0,13.0,4.1,4.1,0.31
13.0,13.0,4.2,4.2,0.314
13.0,13.0,4.3,4.3,0.348
13.0,13.0,4.4,4.4,0.388
13.0,13.0,4.5,4.5,0.35
13.0,13.0,4.6,4.6,0.338
13.0,13.0,4.7,4.7,0.376
13.0,13.0,4.8,4.8,0.38
13.0,13.0,4.9,4.9,0.396
13.0,13.0,5.0,5.0,0.426
13.0,13.0,5.1,5.1,0.412
13.0,13.0,5.2,5.2,0.432
13.0,13.0,5.3,5.3,0.402
13.0,13.0,5.4,5.4,0.416
13.0,13.0,5.5,5.5,0.436
13.0,13.0,5.6,5.6,0.48
13.0,13.0,5.7,5.7,0.456
13.0,13.0,5.8,5.8,0.452
13.0,13.0,5.9,5.9,0.47
13.0,13.0,6.0,6.0,0.45
13.0,13.0,6.1,6.1,0.434
13.0,13.0,6.2,6.2,0.48
13.0,13.0,6.3,6.3,0.456
13.0,13.0,6.4,6.4,0.51
13.0,13.0,6.5,6.5,0.468
13.0,13.0,6.6,6.6,0.462
13.0,13.0,6.7,6.7,0.514
13.0,13.0,6.8,6.8,0.518
13.0,13.0,6.9,6.9,0.504
13.0,13.0,7.0,7.0,0.498
13.0,13.0,7.1,7.1,0.518
13.0,13.0,7.2,7.2,0.534
13.0,13.0,7.3,7.3,0.516
13.0,13.0,7.4,7.4,0.498
13.0,13.0,7.5,7.5,0.524
13.0,13.0,7.6,7.6,0.572
13.0,13.0,7.7,7.7,0.518
13.0,13.0,7.8,7.8,0.52
13.0,13.0,7.9,7.9,0.604
13.0,13.0,8.0,8.0,0.54
13.0,13.0,8.1,8.1,0.524
13.0,13.0,8.2,8.2,0.542
13.0,13.0,8.3,8.3,0.536
13.0,13.0,8.4,8.4,0.556
13.0,13.0,8.5,8.5,0.57
13.0,13.0,8.6,8.6,0.582
13.0,13.0,8.7,8.7,0.634
13.0,13.0,8.8,8.8,0.558
13.0,13.0,8.9,8.9,0.602
13.0,13.0,9.0,9.0,0.622
13.0,13.0,9.1,9.1,0.554
13.0,13.0,9.2,9.2,0.632
13.0,13.0,9.3,9.3,0.584
13.0,13.0,9.4,9.4,0.622
13.0,13.0,9.5,9.5,0.594
13.0,13.0,9.6,9.6,0.642
13.0,13.0,9.7,9.7,0.618
13.0,13.0,9.8,9.8,0.606
13.0,13.0,9.9,9.9,0.628
13.0,13.0,10.0,10.0,0.59
13.0,13.0,10.1,10.1,0.614
13.0,13.0,10.2,10.2,0.644
13.0,13.0,10.3,10.3,0.634
13.0,13.0,10.4,10.4,0.646
13.0,13.0,10.5,10.5,0.608
13.0,13.0,10.6,10.6,0.672
13.0,13.0,10.7,10.7,0.634
13.0,13.0,10.8,10.8,0.614
13.0,13.0,10.9,10.9,0.6
13.0,13.0,11.0,11.0,0.608
13.0,13.0,11.1,11.1,0.646
13.0,13.0,11.2,11.2,0.636
13.0,13.0,11.3,11.3,0.634
13.0,13.0,11.4,11.4,0.688
13.0,13.0,11.5,11.5,0.674
13.0,13.0,11.6,11.6,0.626
13.0,13.0,11.7,11.7,0.666
13.0,13.0,11.8,11.8,0.674
13.0,13.0,11.9,11.9,0.698
13.0,13.0,12.0,12.0,0.68
13.0,13.0,12.1,12.1,0.674
13.0,13.0,12.2,12.2,0.674
13.0,13.0,12.3,12.3,0.692
13.0,13.0,12.4,12.4,0.724
13.0,13.0,12.5,12.5,0.684
13.0,13.0,12.6,12.6,0.694
13.0,13.0,12.7,12.7,0.668
13.0,13.0,12.8,12.8,0.698
13.0,13.0,12.9,12.9,0.686
13.0,13.0,13.0,13.0,0.714
13.0,13.0,13.1,13.1,0.732
13.0,13.0,13.2,13.2,0.688
13.0,13.0,13.3,13.3,0.682
13.0,13.0,13.4,13.4,0.686
13.0,13.0,13.5,13.5,0.696
13.0,13.0,13.6,13.6,0.684
13.0,13.0,13.7,13.7,0.698
13.0,13.0,13.8,13.8,0.694
13.0,13.0,13.9,13.9,0.732
13.0,13.0,14.0,14.0,0.706
13.0,13.0,14.1,14.1,0.75
13.0,13.0,14.2,14.2,0.776
13.0,13.0,14.3,14.3,0.73
13.0,13.0,14.4,14.4,0.732
13.0,13.0,14.5,14.5,0.708
13.0,13.0,14.6,14.6,0.71
13.0,13.0,14.7,14.7,0.748
13.0,13.0,14.8,14.8,0.71
13.0,13.0,14.9,14.9,0.72
13.0,13.0,15.0,15.0,0.726
13.0,13.0,15.1,15.1,0.718
13.1,13.1,0.1,0.1,0.044
13.1,13.1,0.2,0.2,0.036
13.1,13.1,0.3,0.3,0.048
13.1,13.1,0.4,0.4,0.058
13.1,13.1,0.5,0.5,0.088
13.1,13.1,0.6,0.6,0.096
13.1,13.1,0.7,0.7,0.072
13.1,13.1,0.8,0.8,0.088
13.1,13.1,0.9,0.9,0.118
13.1,13.1,1.0,1.0,0.098
13.1,13.1,1.1,1.1,0.122
13.1,13.1,1.2,1.2,0.096
13.1,13.1,1.3,1.3,0.128
13.1,13.1,1.4,1.4,0.158
13.1,13.1,1.5,1.5,0.16
13.1,13.1,1.6,1.6,0.15
13.1,13.1,1.7,1.7,0.174
13.1,13.1,1.8,1.8,0.17
13.1,13.1,1.9,1.9,0.188
13.1,13.1,2.0,2.0,0.202
13.1,13.1,2.1,2.1,0.212
13.1,13.1,2.2,2.2,0.18
13.1,13.1,2.3,2.3,0.24
13.1,13.1,2.4,2.4,0.224
13.1,13.1,2.5,2.5,0.222
13.1,13.1,2.6,2.6,0.204
13.1,13.1,2.7,2.7,0.216
13.1,13.1,2.8,2.8,0.252
13.1,13.1,2.9,2.9,0.258
13.1,13.1,3.0,3.0,0.272
13.1,13.1,3.1,3.1,0.25
13.1,13.1,3.2,3.2,0.242
13.1,13.1,3.3,3.3,0.286
13.1,13.1,3.4,3.4,0.286
13.1,13.1,3.5,3.5,0.316
13.1,13.1,3.6,3.6,0.328
13.1,13.1,3.7,3.7,0.32
13.1,13.1,3.8,3.8,0.354
13.1,13.1,3.9,3.9,0.326
13.1,13.1,4.0,4.0,0.352
13.1,13.1,4.1,4.1,0.338
13.1,13.1,4.2,4.2,0.37
13.1,13.1,4.3,4.3,0.328
13.1,13.1,4.4,4.4,0.344
13.1,13.1,4.5,4.5,0.358
13.1,13.1,4.6,4.6,0.34
13.1,13.1,4.7,4.7,0.394
13.1,13.1,4.8,4.8,0.384
13.1,13.1,4.9,4.9,0.386
13.1,13.1,5.0,5.0,0.382
13.1,13.1,5.1,5.1,0.388
13.1,13.1,5.2,5.2,0.418
13.1,13.1,5.3,5.3,0.448
13.1,13.1,5.4,5.4,0.414
13.1,13.1,5.5,5.5,0.388
13.1,13.1,5.6,5.6,0.43
13.1,13.1,5.7,5.7,0.434
13.1,13.1,5.8,5.8,0.48
13.1,13.1,5.9,5.9,0.422
13.1,13.1,6.0,6.0,0.436
13.1,13.1,6.1,6.1,0.438
13.1,13.1,6.2,6.2,0.472
13.1,13.1,6.3,6.3,0.462
13.1,13.1,6.4,6.4,0.45
13.1,13.1,6.5,6.5,0.456
13.1,13.1,6.6,6.6,0.476
13.1,13.1,6.7,6.7,0.5
13.1,13.1,6.8,6.8,0.474
13.1,13.1,6.9,6.9,0.472
13.1,13.1,7.0,7.0,0.548
13.1,13.1,7.1,7.1,0.486
13.1,13.1,7.2,7.2,0.53
13.1,13.1,7.3,7.3,0.516
13.1,13.1,7.4,7.4,0.518
13.1,13.1,7.5,7.5,0.55
13.1,13.1,7.6,7.6,0.514
13.1,13.1,7.7,7.7,0.566
13.1,13.1,7.8,7.8,0.546
13.1,13.1,7.9,7.9,0.51
13.1,13.1,8.0,8.0,0.522
13.1,13.1,8.1,8.1,0.54
13.1,13.1,8.2,8.2,0.546
13.1,13.1,8.3,8.3,0.548
13.1,13.1,8.4,8.4,0.544
13.1,13.1,8.5,8.5,0.572
13.1,13.1,8.6,8.6,0.578
13.1,13.1,8.7,8.7,0.56
13.1,13.1,8.8,8.8,0.61
13.1,13.1,8.9,8.9,0.586
13.1,13.1,9.0,9.0,0.604
13.1,13.1,9.1,9.1,0.574
13.1,13.1,9.2,9.2,0.614
13.1,13.1,9.3,9.3,0.598
13.1,13.1,9.4,9.4,0.53
13.1,13.1,9.5,9.5,0.614
13.1,13.1,9.6,9.6,0.584
13.1,13.1,9.7,9.7,0.602
13.1,13.1,9.8,9.8,0.604
13.1,13.1,9.9,9.9,0.6
13.1,13.1,10.0,10.0,0.612
13.1,13.1,10.1,10.1,0.626
13.1,13.1,10.2,10.2,0.648
13.1,13.1,10.3,10.3,0.584
13.1,13.1,10.4,10.4,0.644
13.1,13.1,10.5,10.5,0.658
13.1,13.1,10.6,10.6,0.62
13.1,13.1,10.7,10.7,0.626
13.1,13.1,10.8,10.8,0.63
13.1,13.1,10.9,10.9,0.66
13.1,13.1,11.0,11.0,0.65
13.1,13.1,11.1,11.1,0.672
13.1,13.1,11.2,11.2,0.646
13.1,13.1,11.3,11.3,0.624
13.1,13.1,11.4,11.4,0.622
13.1,13.1,11.5,11.5,0.632
13.1,13.1,11.6,11.6,0.65
13.1,13.1,11.7,11.7,0.672
13.1,13.1,11.8,11.8,0.662
13.1,13.1,11.9,11.9,0.664
13.1,13.1,12.0,12.0,0.628
13.1,13.1,12.1,12.1,0.67
13.1,13.1,12.2,12.2,0.65
13.1,13.1,12.3,12.3,0.678
13.1,13.1,12.4,12.4,0.682
13.1,13.1,12.5,12.5,0.656
13.1,13.1,12.6,12.6,0.702
13.1,13.1,12.7,12.7,0.67
13.1,13.1,12.8,12.8,0.656
13.1,13.1,12.9,12.9,0.668
13.1,13.1,13.0,13.0,0.71
13.1,13.1,13.1,13.1,0.7
13.1,13.1,13.2,13.2,0.696
13.1,13.1,13.3,13.3,0.672
13.1,13.1,13.4,13.4,0.702
13.1,13.1,13.5,13.5,0.728
13.1,13.1,13.6,13.6,0.684
13.1,13.1,13.7,13.7,0.68
13.1,13.1,13.8,13.8,0.676
13.1,13.1,13.9,13.9,0.682
13.1,13.1,14.0,14.0,0.686
13.1,13.1,14.1,14.1,0.696
13.1,13.1,14.2,14.2,0.728
13.1,13.1,14.3,14.3,0.7
13.1,13.1,14.4,14.4,0.734
13.1,13.1,14.5,14.5,0.722
13.1,13.1,14.6,14.6,0.702
13.1,13.1,14.7,14.7,0.712
13.1,13.1,14.8,14.8,0.756
13.1,13.1,14.9,14.9,0.662
13.1,13.1,15.0,15.0,0.716
13.1,13.1,15.1,15.1,0.726
13.2,13.2,0.1,0.1,0.03
13.2,13.2,0.2,0.2,0.036
13.2,13.2,0.3,0.3,0.032
13.2,13.2,0.4,0.4,0.058
13.2,13.2,0.5,0.5,0.084
13.2,13.2,0.6,0.6,0.082
13.2,13.2,0.7,0.7,0.088
13.2,13.2,0.8,0.8,0.088
13.2,13.2,0.9,0.9,0.08
13.2,13.2,1.0,1.0,0.102
13.2,13.2,1.1,1.1,0.116
13.2,13.2,1.2,1.2,0.132
13.2,13.2,1.3,1.3,0.158
13.2,13.2,1.4,1.4,0.148
13.2,13.2,1.5,1.5,0.172
13.2,13.2,1.6,1.6,0.17
13.2,13.2,1.7,1.7,0.146
13.2,13.2,1.8,1.8,0.182
13.2,13.2,1.9,1.9,0.172
13.2,13.2,2.0,2.0,0.204
13.2,13.2,2.1,2.1,0.212
13.2,13.2,2.2,2.2,0.174
13.2,13.2,2.3,2.3,0.216
13.2,13.2,2.4,2.4,0.238
13.2,13.2,2.5,2.5,0.208
13.2,13.2,2.6,2.6,0.226
13.2,13.2,2.7,2.7,0.236
13.2,13.2,2.8,2.8,0.278
13.2,13.2,2.9,2.9,0.286
13.2,13.2,3.0,3.0,0.28
13.2,13.2,3.1,3.1,0.304
13.2,13.2,3.2,3.2,0.266
13.2,13.2,3.3,3.3,0.298
13.2,13.2,3.4,3.4,0.31
13.2,13.2,3.5,3.5,0.304
13.2,13.2,3.6,3.6,0.328
13.2,13.2,3.7,3.7,0.306
13.2,13.2,3.8,3.8,0.298
13.2,13.2,3.9,3.9,0.346
13.2,13.2,4.0,4.0,0.368
13.2,13.2,4.1,4.1,0.354
13.2,13.2,4.2,4.2,0.368
13.2,13.2,4.3,4.3,0.326
13.2,13.2,4.4,4.4,0.368
13.2,13.2,4.5,4.5,0.362
13.2,13.2,4.6,4.6,0.358
13.2,13.2,4.7,4.7,0.358
13.2,13.2,4.8,4.8,0.432
13.2,13.2,4.9,4.9,0.388
13.2,13.2,5.0,5.0,0.392
13.2,13.2,5.1,5.1,0.382
13.2,13.2,5.2,5.2,0.384
13.2,13.2,5.3,5.3,0.402
13.2,13.2,5.4,5.4,0.424
13.2,13.2,5.5,5.5,0.41
13.2,13.2,5.6,5.6,0.448
13.2,13.2,5.7,5.7,0.424
13.2,13.2,5.8,5.8,0.418
13.2,13.2,5.9,5.9,0.456
13.2,13.2,6.0,6.0,0.476
13.2,13.2,6.1,6.1,0.432
13.2,13.2,6.2,6.2,0.428
13.2,13.2,6.3,6.3,0.452
13.2,13.2,6.4,6.4,0.488
13.2,13.2,6.5,6.5,0.494
13.2,13.2,6.6,6.6,0.5
13.2,13.2,6.7,6.7,0.478
13.2,13.2,6.8,6.8,0.504
13.2,13.2,6.9,6.9,0.482
13.2,13.2,7.0,7.0,0.492
13.2,13.2,7.1,7.1,0.504
13.2,13.2,7.2,7.2,0.51
13.2,13.2,7.3,7.3,0.52
13.2,13.2,7.4,7.4,0.532
13.2,13.2,7.5,7.5,0.554
13.2,13.2,7.6,7.6,0.502
13.2,13.2,7.7,7.7,0.536
13.2,13.2,7.8,7.8,0.54
13.2,13.2,7.9,7.9,0.52
13.2,13.2,8.0,8.0,0.55
13.2,13.2,8.1,8.1,0.542
13.2,13.2,8.2,8.2,0.546
13.2,13.2,8.3,8.3,0.57
13.2,13.2,8.4,8.4,0.58
13.2,13.2,8.5,8.5,0.552
13.2,13.2,8.6,8.6,0.584
13.2,13.2,8.7,8.7,0.534
13.2,13.2,8.8,8.8,0.58
13.2,13.2,8.9,8.9,0.6
13.2,13.2,9.0,9.0,0.584
13.2,13.2,9.1,9.1,0.592
13.2,13.2,9.2,9.2,0.606
13.2,13.2,9.3,9.3,0.594
13.2,13.2,9.4,9.4,0.616
13.2,13.2,9.5,9.5,0.608
13.2,13.2,9.6,9.6,0.592
13.2,13.2,9.7,9.7,0.614
13.2,13.2,9.8,9.8,0.636
13.2,13.2,9.9,9.9,0.604
13.2,13.2,10.0,10.0,0.64
13.2,13.2,10.1,10.1,0.63
13.2,13.2,10.2,10.2,0.654
13.2,13.2,10.3,10.3,0.608
13.2,13.2,10.4,10.4,0.61
13.2,13.2,10.5,10.5,0.63
13.2,13.2,10.6,10.6,0.616
13.2,13.2,10.7,10.7,0.634
13.2,13.2,10.8,10.8,0.652
13.2,13.2,10.9,10.9,0.63
13.2,13.2,11.0,11.0,0.64
13.2,13.2,11.1,11.1,0.678
13.2,13.2,11.2,11.2,0.686
13.2,13.2,11.3,11.3,0.704
13.2,13.2,11.4,11.4,0.66
13.2,13.2,11.5,11.5,0.654
13.2,13.2,11.6,11.6,0.688
13.2,13.2,11.7,11.7,0.634
13.2,13.2,11.8,11.8,0.672
13.2,13.2,11.9,11.9,0.662
13.2,13.2,12.0,12.0,0.646
13.2,13.2,12.1,12.1,0.646
13.2,13.2,12.2,12.2,0.698
13.2,13.2,12.3,12.3,0.674
13.2,13.2,12.4,12.4,0.686
13.2,13.2,12.5,12.5,0.658
13.2,13.2,12.6,12.6,0.68
13.2,13.2,12.7,12.7,0.638
13.2,13.2,12.8,12.8,0.684
13.2,13.2,12.9,12.9,0.692
13.2,13.2,13.0,13.0,0.688
13.2,13.2,13.1,13.1,0.718
13.2,13.2,13.2,13.2,0.644
13.2,13.2,13.3,13.3,0.702
13.2,13.2,13.4,13.4,0.716
13.2,13.2,13.5,13.5,0.67
13.2,13.2,13.6,13.6,0.704
13.2,13.2,13.7,13.7,0.666
13.2,13.2,13.8,13.8,0.692
13.2,13.2,13.9,13.9,0.7
13.2,13.2,14.0,14.0,0.716
13.2,13.2,14.1,14.1,0.71
13.2,13.2,14.2,14.2,0.718
13.2,13.2,14.3,14.3,0.692
13.2,13.2,14.4,14.4,0.684
13.2,13.2,14.5,14.5,0.712
13.2,13.2,14.6,14.6,0.738
13.2,13.2,14.7,14.7,0.698
13.2,13.2,14.8,14.8,0.756
13.2,13.2,14.9,14.9,0.724
13.2,13.2,15.0,15.0,0.716
13.2,13.2,15.1,15.1,0.722
13.3,13.3,0.1,0.1,0.042
13.3,13.3,0.2,0.2,0.046
13.3,13.3,0.3,0.3,0.046
13.3,13.3,0.4,0.4,0.044
13.3,13.3,0.5,0.5,0.064
13.3,13.3,0.6,0.6,0.082
13.3,13.3,0.7,0.7,0.076
13.3,13.3,0.8,0.8,0.078
13.3,13.3,0.9,0.9,0.094
13.3,13.3,1.0,1.0,0.1
13.3,13.3,1.1,1.1,0.15
13.3,13.3,1.2,1.2,0.096
13.3,13.3,1.3,1.3,0.128
13.3,13.3,1.4,1.4,0.124
13.3,13.3,1.5,1.5,0.162
13.3,13.3,1.6,1.6,0.158
13.3,13.3,1.7,1.7,0.17
13.3,13.3,1.8,1.8,0.188
13.3,13.3,1.9,1.9,0.214
13.3,13.3,2.0,2.0,0.202
13.3,13.3,2.1,2.1,0.216
13.3,13.3,2.2,2.2,0.208
13.3,13.3,2.3,2.3,0.218
13.3,13.3,2.4,2.4,0.212
13.3,13.3,2.5,2.5,0.22
13.3,13.3,2.6,2.6,0.208
13.3,13.3,2.7,2.7,0.232
13.3,13.3,2.8,2.8,0.25
13.3,13.3,2.9,2.9,0.274
13.3,13.3,3.0,3.0,0.282
13.3,13.3,3.1,3.1,0.216
13.3,13.3,3.2,3.2,0.29
13.3,13.3,3.3,3.3,0.288
13.3,13.3,3.4,3.4,0.282
13.3,13.3,3.5,3.5,0.312
13.3,13.3,3.6,3.6,0.302
13.3,13.3,3.7,3.7,0.312
13.3,13.3,3.8,3.8,0.338
13.3,13.3,3.9,3.9,0.306
13.3,13.3,4.0,4.0,0.34
13.3,13.3,4.1,4.1,0.358
13.3,13.3,4.2,4.2,0.326
13.3,13.3,4.3,4.3,0.316
13.3,13.3,4.4,4.4,0.36
13.3,13.3,4.5,4.5,0.37
13.3,13.3,4.6,4.6,0.352
13.3,13.3,4.7,4.7,0.38
13.3,13.3,4.8,4.8,0.358
13.3,13.3,4.9,4.9,0.404
13.3,13.3,5.0,5.0,0.378
13.3,13.3,5.1,5.1,0.396
13.3,13.3,5.2,5.2,0.444
13.3,13.3,5.3,5.3,0.396
13.3,13.3,5.4,5.4,0.41
13.3,13.3,5.5,5.5,0.394
13.3,13.3,5.6,5.6,0.436
13.3,13.3,5.7,5.7,0.422
13.3,13.3,5.8,5.8,0.486
13.3,13.3,5.9,5.9,0.426
13.3,13.3,6.0,6.0,0.448
13.3,13.3,6.1,6.1,0.45
13.3,13.3,6.2,6.2,0.4
13.3,13.3,6.3,6.3,0.452
13.3,13.3,6.4,6.4,0.468
13.3,13.3,6.5,6.5,0.486
13.3,13.3,6.6,6.6,0.49
13.3,13.3,6.7,6.7,0.468
13.3,13.3,6.8,6.8,0.488
13.3,13.3,6.9,6.9,0.468
13.3,13.3,7.0,7.0,0.5
13.3,13.3,7.1,7.1,0.49
13.3,13.3,7.2,7.2,0.506
13.3,13.3,7.3,7.3,0.552
13.3,13.3,7.4,7.4,0.514
13.3,13.3,7.5,7.5,0.512
13.3,13.3,7.6,7.6,0.516
13.3,13.3,7.7,7.7,0.51
13.3,13.3,7.8,7.8,0.552
13.3,13.3,7.9,7.9,0.554
13.3,13.3,8.0,8.0,0.536
13.3,13.3,8.1,8.1,0.542
13.3,13.3,8.2,8.2,0.556
13.3,13.3,8.3,8.3,0.57
13.3,13.3,8.4,8.4,0.576
13.3,13.3,8.5,8.5,0.562
13.3,13.3,8.6,8.6,0.59
13.3,13.3,8.7,8.7,0.586
13.3,13.3,8.8,8.8,0.602
13.3,13.3,8.9,8.9,0.612
13.3,13.3,9.0,9.0,0.58
13.3,13.3,9.1,9.1,0.56
13.3,13.3,9.2,9.2,0.586
13.3,13.3,9.3,9.3,0.59
13.3,13.3,9.4,9.4,0.592
13.3,13.3,9.5,9.5,0.616
13.3,13.3,9.6,9.6,0.624
13.3,13.3,9.7,9.7,0.592
13.3,13.3,9.8,9.8,0.582
13.3,13.3,9.9,9.9,0.582
13.3,13.3,10.0,10.0,0.628
13.3,13.3,10.1,10.1,0.6
13.3,13.3,10.2,10.2,0.648
13.3,13.3,10.3,10.3,0.602
13.3,13.3,10.4,10.4,0.598
13.3,13.3,10.5,10.5,0.666
13.3,13.3,10.6,10.6,0.58
13.3,13.3,10.7,10.7,0.626
13.3,13.3,10.8,10.8,0.618
13.3,13.3,10.9,10.9,0.66
13.3,13.3,11.0,11.0,0.65
13.3,13.3,11.1,11.1,0.664
13.3,13.3,11.2,11.2,0.59
13.3,13.3,11.3,11.3,0.668
13.3,13.3,11.4,11.4,0.628
13.3,13.3,11.5,11.5,0.678
13.3,13.3,11.6,11.6,0.654
13.3,13.3,11.7,11.7,0.652
13.3,13.3,11.8,11.8,0.684
13.3,13.3,11.9,11.9,0.648
13.3,13.3,12.0,12.0,0.672
13.3,13.3,12.1,12.1,0.662
13.3,13.3,12.2,12.2,0.654
13.3,13.3,12.3,12.3,0.62
13.3,13.3,12.4,12.4,0.706
13.3,13.3,12.5,12.5,0.648
13.3,13.3,12.6,12.6,0.7
13.3,13.3,12.7,12.7,0.67
13.3,13.3,12.8,12.8,0.69
13.3,13.3,12.9,12.9,0.678
13.3,13.3,13.0,13.0,0.714
13.3,13.3,13.1,13.1,0.698
13.3,13.3,13.2,13.2,0.67
13.3,13.3,13.3,13.3,0.696
13.3,13.3,13.4,13.4,0.712
13.3,13.3,13.5,13.5,0.682
13.3,13.3,13.6,13.6,0.688
13.3,13.3,13.7,13.7,0.706
13.3,13.3,13.8,13.8,0.698
13.3,13.3,13.9,13.9,0.666
13.3,13.3,14.0,14.0,0.674
13.3,13.3,14.1,14.1,0.688
13.3,13.3,14.2,14.2,0.702
13.3,13.3,14.3,14.3,0.688
13.3,13.3,14.4,14.4,0.72
13.3,13.3,14.5,14.5,0.738
13.3,13.3,14.6,14.6,0.708
13.3,13.3,14.7,14.7,0.692
13.3,13.3,14.8,14.8,0.736
13.3,13.3,14.9,14.9,0.736
13.3,13.3,15.0,15.0,0.734
13.3,13.3,15.1,15.1,0.73
13.4,13.4,0.1,0.1,0.032
13.4,13.4,0.2,0.2,0.05
13.4,13.4,0.3,0.3,0.052
13.4,13.4,0.4,0.4,0.064
13.4,13.4,0.5,0.5,0.07
13.4,13.4,0.6,0.6,0.062
13.4,13.4,0.7,0.7,0.084
13.4,13.4,0.8,0.8,0.084
13.4,13.4,0.9,0.9,0.076
13.4,13.4,1.0,1.0,0.11
13.4,13.4,1.1,1.1,0.076
13.4,13.4,1.2,1.2,0.1
13.4,13.4,1.3,1.3,0.13
13.4,13.4,1.4,1.4,0.136
13.4,13.4,1.5,1.5,0.148
13.4,13.4,1.6,1.6,0.124
13.4,13.4,1.7,1.7,0.136
13.4,13.4,1.8,1.8,0.176
13.4,13.4,1.9,1.9,0.206
13.4,13.4,2.0,2.0,0.194
13.4,13.4,2.1,2.1,0.208
13.4,13.4,2.2,2.2,0.208
13.4,13.4,2.3,2.3,0.206
13.4,13.4,2.4,2.4,0.234
13.4,13.4,2.5,2.5,0.252
13.4,13.4,2.6,2.6,0.224
13.4,13.4,2.7,2.7,0.236
13.4,13.4,2.8,2.8,0.228
13.4,13.4,2.9,2.9,0.278
13.4,13.4,3.0,3.0,0.26
13.4,13.4,3.1,3.1,0.24
13.4,13.4,3.2,3.2,0.266
13.4,13.4,3.3,3.3,0.292
13.4,13.4,3.4,3.4,0.302
13.4,13.4,3.5,3.5,0.29
13.4,13.4,3.6,3.6,0.318
13.4,13.4,3.7,3.7,0.318
13.4,13.4,3.8,3.8,0.32
13.4,13.4,3.9,3.9,0.31
13.4,13.4,4.0,4.0,0.32
13.4,13.4,4.1,4.1,0.3
13.4,13.4,4.2,4.2,0.338
13.4,13.4,4.3,4.3,0.364
13.4,13.4,4.4,4.4,0.358
13.4,13.4,4.5,4.5,0.346
13.4,13.4,4.6,4.6,0.398
13.4,13.4,4.7,4.7,0.382
13.4,13.4,4.8,4.8,0.382
13.4,13.4,4.9,4.9,0.368
13.4,13.4,5.0,5.0,0.382
13.4,13.4,5.1,5.1,0.41
13.4,13.4,5.2,5.2,0.408
13.4,13.4,5.3,5.3,0.406
13.4,13.4,5.4,5.4,0.426
13.4,13.4,5.5,5.5,0.418
13.4,13.4,5.6,5.6,0.412
13.4,13.4,5.7,5.7,0.412
13.4,13.4,5.8,5.8,0.416
13.4,13.4,5.9,5.9,0.44
13.4,13.4,6.0,6.0,0.442
13.4,13.4,6.1,6.1,0.428
13.4,13.4,6.2,6.2,0.426
13.4,13.4,6.3,6.3,0.466
13.4,13.4,6.4,6.4,0.454
13.4,13.4,6.5,6.5,0.504
13.4,13.4,6.6,6.6,0.476
13.4,13.4,6.7,6.7,0.478
13.4,13.4,6.8,6.8,0.472
13.4,13.4,6.9,6.9,0.486
13.4,13.4,7.0,7.0,0.466
13.4,13.4,7.1,7.1,0.5
13.4,13.4,7.2,7.2,0.5
13.4,13.4,7.3,7.3,0.48
13.4,13.4,7.4,7.4,0.47
13.4,13.4,7.5,7.5,0.498
13.4,13.4,7.6,7.6,0.516
13.4,13.4,7.7,7.7,0.518
13.4,13.4,7.8,7.8,0.522
13.4,13.4,7.9,7.9,0.534
13.4,13.4,8.0,8.0,0.522
13.4,13.4,8.1,8.1,0.528
13.4,13.4,8.2,8.2,0.56
13.4,13.4,8.3,8.3,0.57
13.4,13.4,8.4,8.4,0.522
13.4,13.4,8.5,8.5,0.554
13.4,13.4,8.6,8.6,0.602
13.4,13.4,8.7,8.7,0.648
13.4,13.4,8.8,8.8,0.522
13.4,13.4,8.9,8.9,0.604
13.4,13.4,9.0,9.0,0.566
13.4,13.4,9.1,9.1,0.598
13.4,13.4,9.2,9.2,0.568
13.4,13.4,9.3,9.3,0.612
13.4,13.4,9.4,9.4,0.6
13.4,13.4,9.5,9.5,0.58
13.4,13.4,9.6,9.6,0.596
13.4,13.4,9.7,9.7,0.568
13.4,13.4,9.8,9.8,0.62
13.4,13.4,9.9,9.9,0.586
13.4,13.4,10.0,10.0,0.562
13.4,13.4,10.1,10.1,0.614
13.4,13.4,10.2,10.2,0.6
13.4,13.4,10.3,10.3,0.606
13.4,13.4,10.4,10.4,0.606
13.4,13.4,10.5,10.5,0.624
13.4,13.4,10.6,10.6,0.666
13.4,13.4,10.7,10.7,0.638
13.4,13.4,10.8,10.8,0.602
13.4,13.4,10.9,10.9,0.672
13.4,13.4,11.0,11.0,0.638
13.4,13.4,11.1,11.1,0.594
13.4,13.4,11.2,11.2,0.636
13.4,13.4,11.3,11.3,0.688
13.4,13.4,11.4,11.4,0.632
13.4,13.4,11.5,11.5,0.658
13.4,13.4,11.6,11.6,0.644
13.4,13.4,11.7,11.7,0.636
13.4,13.4,11.8,11.8,0.704
13.4,13.4,11.9,11.9,0.65
13.4,13.4,12.0,12.0,0.642
13.4,13.4,12.1,12.1,0.71
13.4,13.4,12.2,12.2,0.68
13.4,13.4,12.3,12.3,0.668
13.4,13.4,12.4,12.4,0.682
13.4,13.4,12.5,12.5,0.692
13.4,13.4,12.6,12.6,0.686
13.4,13.4,12.7,12.7,0.674
13.4,13.4,12.8,12.8,0.712
13.4,13.4,12.9,12.9,0.65
13.4,13.4,13.0,13.0,0.69
13.4,13.4,13.1,13.1,0.71
13.4,13.4,13.2,13.2,0.706
13.4,13.4,13.3,13.3,0.672
13.4,13.4,13.4,13.4,0.698
13.4,13.4,13.5,13.5,0.694
13.4,13.4,13.6,13.6,0.696
13.4,13.4,13.7,13.7,0.69
13.4,13.4,13.8,13.8,0.702
13.4,13.4,13.9,13.9,0.69
13.4,13.4,14.0,14.0,0.668
13.4,13.4,14.1,14.1,0.666
13.4,13.4,14.2,14.2,0.688
13.4,13.4,14.3,14.3,0.71
13.4,13.4,14.4,14.4,0.712
13.4,13.4,14.5,14.5,0.688
13.4,13.4,14.6,14.6,0.714
13.4,13.4,14.7,14.7,0.718
13.4,13.4,14.8,14.8,0.708
13.4,13.4,14.9,14.9,0.714
13.4,13.4,15.0,15.0,0.754
13.4,13.4,15.1,15.1,0.736
13.5,13.5,0.1,0.1,0.046
13.5,13.5,0.2,0.2,0.044
13.5,13.5,0.3,0.3,0.058
13.5,13.5,0.4,0.4,0.062
13.5,13.5,0.5,0.5,0.06
13.5,13.5,0.6,0.6,0.076
13.5,13.5,0.7,0.7,0.064
13.5,13.5,0.8,0.8,0.11
13.5,13.5,0.9,0.9,0.088
13.5,13.5,1.0,1.0,0.096
13.5,13.5,1.1,1.1,0.108
13.5,13.5,1.2,1.2,0.144
13.5,13.5,1.3,1.3,0.116
13.5,13.5,1.4,1.4,0.112
13.5,13.5,1.5,1.5,0.134
13.5,13.5,1.6,1.6,0.138
13.5,13.5,1.7,1.7,0.142
13.5,13.5,1.8,1.8,0.152
13.5,13.5,1.9,1.9,0.174
13.5,13.5,2.0,2.0,0.166
13.5,13.5,2.1,2.1,0.18
13.5,13.5,2.2,2.2,0.21
13.5,13.5,2.3,2.3,0.208
13.5,13.5,2.4,2.4,0.214
13.5,13.5,2.5,2.5,0.228
13.5,13.5,2.6,2.6,0.228
13.5,13.5,2.7,2.7,0.258
13.5,13.5,2.8,2.8,0.238
13.5,13.5,2.9,2.9,0.286
13.5,13.5,3.0,3.0,0.274
13.5,13.5,3.1,3.1,0.278
13.5,13.5,3.2,3.2,0.286
13.5,13.5,3.3,3.3,0.292
13.5,13.5,3.4,3.4,0.26
13.5,13.5,3.5,3.5,0.302
13.5,13.5,3.6,3.6,0.284
13.5,13.5,3.7,3.7,0.312
13.5,13.5,3.8,3.8,0.268
13.5,13.5,3.9,3.9,0.35
13.5,13.5,4.0,4.0,0.306
13.5,13.5,4.1,4.1,0.356
13.5,13.5,4.2,4.2,0.336
13.5,13.5,4.3,4.3,0.35
13.5,13.5,4.4,4.4,0.348
13.5,13.5,4.5,4.5,0.364
13.5,13.5,4.6,4.6,0.314
13.5,13.5,4.7,4.7,0.392
13.5,13.5,4.8,4.8,0.392
13.5,13.5,4.9,4.9,0.386
13.5,13.5,5.0,5.0,0.406
13.5,13.5,5.1,5.1,0.4
13.5,13.5,5.2,5.2,0.396
13.5,13.5,5.3,5.3,0.402
13.5,13.5,5.4,5.4,0.414
13.5,13.5,5.5,5.5,0.404
13.5,13.5,5.6,5.6,0.406
13.5,13.5,5.7,5.7,0.436
13.5,13.5,5.8,5.8,0.446
13.5,13.5,5.9,5.9,0.426
13.5,13.5,6.0,6.0,0.444
13.5,13.5,6.1,6.1,0.46
13.5,13.5,6.2,6.2,0.442
13.5,13.5,6.3,6.3,0.45
13.5,13.5,6.4,6.4,0.448
13.5,13.5,6.5,6.5,0.458
13.5,13.5,6.6,6.6,0.474
13.5,13.5,6.7,6.7,0.502
13.5,13.5,6.8,6.8,0.502
13.5,13.5,6.9,6.9,0.488
13.5,13.5,7.0,7.0,0.518
13.5,13.5,7.1,7.1,0.518
13.5,13.5,7.2,7.2,0.472
13.5,13.5,7.3,7.3,0.482
13.5,13.5,7.4,7.4,0.532
13.5,13.5,7.5,7.5,0.512
13.5,13.5,7.6,7.6,0.536
13.5,13.5,7.7,7.7,0.486
13.5,13.5,7.8,7.8,0.55
13.5,13.5,7.9,7.9,0.53
13.5,13.5,8.0,8.0,0.516
13.5,13.5,8.1,8.1,0.544
13.5,13.5,8.2,8.2,0.504
13.5,13.5,8.3,8.3,0.552
13.5,13.5,8.4,8.4,0.592
13.5,13.5,8.5,8.5,0.504
13.5,13.5,8.6,8.6,0.582
13.5,13.5,8.7,8.7,0.53
13.5,13.5,8.8,8.8,0.58
13.5,13.5,8.9,8.9,0.578
13.5,13.5,9.0,9.0,0.568
13.5,13.5,9.1,9.1,0.578
13.5,13.5,9.2,9.2,0.584
13.5,13.5,9.3,9.3,0.602
13.5,13.5,9.4,9.4,0.558
13.5,13.5,9.5,9.5,0.56
13.5,13.5,9.6,9.6,0.588
13.5,13.5,9.7,9.7,0.588
13.5,13.5,9.8,9.8,0.564
13.5,13.5,9.9,9.9,0.58
13.5,13.5,10.0,10.0,0.582
13.5,13.5,10.1,10.1,0.626
13.5,13.5,10.2,10.2,0.604
13.5,13.5,10.3,10.3,0.632
13.5,13.5,10.4,10.4,0.602
13.5,13.5,10.5,10.5,0.626
13.5,13.5,10.6,10.6,0.618
13.5,13.5,10.7,10.7,0.634
13.5,13.5,10.8,10.8,0.642
13.5,13.5,10.9,10.9,0.618
13.5,13.5,11.0,11.0,0.63
13.5,13.5,11.1,11.1,0.648
13.5,13.5,11.2,11.2,0.644
13.5,13.5,11.3,11.3,0.644
13.5,13.5,11.4,11.4,0.624
13.5,13.5,11.5,11.5,0.62
13.5,13.5,11.6,11.6,0.63
13.5,13.5,11.7,11.7,0.678
13.5,13.5,11.8,11.8,0.658
13.5,13.5,11.9,11.9,0.662
13.5,13.5,12.0,12.0,0.636
13.5,13.5,12.1,12.1,0.67
13.5,13.5,12.2,12.2,0.664
13.5,13.5,12.3,12.3,0.684
13.5,13.5,12.4,12.4,0.63
13.5,13.5,12.5,12.5,0.656
13.5,13.5,12.6,12.6,0.656
13.5,13.5,12.7,12.7,0.688
13.5,13.5,12.8,12.8,0.698
13.5,13.5,12.9,12.9,0.688
13.5,13.5,13.0,13.0,0.68
13.5,13.5,13.1,13.1,0.69
13.5,13.5,13.2,13.2,0.71
13.5,13.5,13.3,13.3,0.71
13.5,13.5,13.4,13.4,0.698
13.5,13.5,13.5,13.5,0.654
13.5,13.5,13.6,13.6,0.676
13.5,13.5,13.7,13.7,0.672
13.5,13.5,13.8,13.8,0.678
13.5,13.5,13.9,13.9,0.694
13.5,13.5,14.0,14.0,0.686
13.5,13.5,14.1,14.1,0.732
13.5,13.5,14.2,14.2,0.718
13.5,13.5,14.3,14.3,0.688
13.5,13.5,14.4,14.4,0.722
13.5,13.5,14.5,14.5,0.73
13.5,13.5,14.6,14.6,0.714
13.5,13.5,14.7,14.7,0.742
13.5,13.5,14.8,14.8,0.698
13.5,13.5,14.9,14.9,0.696
13.5,13.5,15.0,15.0,0.706
13.5,13.5,15.1,15.1,0.728
13.6,13.6,0.1,0.1,0.024
13.6,13.6,0.2,0.2,0.044
13.6,13.6,0.3,0.3,0.068
13.6,13.6,0.4,0.4,0.066
13.6,13.6,0.5,0.5,0.07
13.6,13.6,0.6,0.6,0.092
13.6,13.6,0.7,0.7,0.078
13.6,13.6,0.8,0.8,0.1
13.6,13.6,0.9,0.9,0.084
13.6,13.6,1.0,1.0,0.092
13.6,13.6,1.1,1.1,0.092
13.6,13.6,1.2,1.2,0.116
13.6,13.6,1.3,1.3,0.128
13.6,13.6,1.4,1.4,0.136
13.6,13.6,1.5,1.5,0.156
13.6,13.6,1.6,1.6,0.158
13.6,13.6,1.7,1.7,0.18
13.6,13.6,1.8,1.8,0.176
13.6,13.6,1.9,1.9,0.168
13.6,13.6,2.0,2.0,0.164
13.6,13.6,2.1,2.1,0.19
13.6,13.6,2.2,2.2,0.222
13.6,13.6,2.3,2.3,0.206
13.6,13.6,2.4,2.4,0.234
13.6,13.6,2.5,2.5,0.168
13.6,13.6,2.6,2.6,0.206
13.6,13.6,2.7,2.7,0.262
13.6,13.6,2.8,2.8,0.232
13.6,13.6,2.9,2.9,0.254
13.6,13.6,3.0,3.0,0.264
13.6,13.6,3.1,3.1,0.248
13.6,13.6,3.2,3.2,0.27
13.6,13.6,3.3,3.3,0.25
13.6,13.6,3.4,3.4,0.304
13.6,13.6,3.5,3.5,0.294
13.6,13.6,3.6,3.6,0.284
13.6,13.6,3.7,3.7,0.32
13.6,13.6,3.8,3.8,0.316
13.6,13.6,3.9,3.9,0.292
13.6,13.6,4.0,4.0,0.31
13.6,13.6,4.1,4.1,0.324
13.6,13.6,4.2,4.2,0.332
13.6,13.6,4.3,4.3,0.346
13.6,13.6,4.4,4.4,0.34
13.6,13.6,4.5,4.5,0.322
13.6,13.6,4.6,4.6,0.374
13.6,13.6,4.7,4.7,0.368
13.6,13.6,4.8,4.8,0.356
13.6,13.6,4.9,4.9,0.404
13.6,13.6,5.0,5.0,0.394
13.6,13.6,5.1,5.1,0.428
13.6,13.6,5.2,5.2,0.424
13.6,13.6,5.3,5.3,0.384
13.6,13.6,5.4,5.4,0.396
13.6,13.6,5.5,5.5,0.434
13.6,13.6,5.6,5.6,0.43
13.6,13.6,5.7,5.7,0.49
13.6,13.6,5.8,5.8,0.438
13.6,13.6,5.9,5.9,0.434
13.6,13.6,6.0,6.0,0.396
13.6,13.6,6.1,6.1,0.388
13.6,13.6,6.2,6.2,0.454
13.6,13.6,6.3,6.3,0.452
13.6,13.6,6.4,6.4,0.484
13.6,13.6,6.5,6.5,0.468
13.6,13.6,6.6,6.6,0.472
13.6,13.6,6.7,6.7,0.494
13.6,13.6,6.8,6.8,0.496
13.6,13.6,6.9,6.9,0.434
13.6,13.6,7.0,7.0,0.472
13.6,13.6,7.1,7.1,0.508
13.6,13.6,7.2,7.2,0.5
13.6,13.6,7.3,7.3,0.488
13.6,13.6,7.4,7.4,0.516
13.6,13.6,7.5,7.5,0.542
13.6,13.6,7.6,7.6,0.51
13.6,13.6,7.7,7.7,0.506
13.6,13.6,7.8,7.8,0.546
13.6,13.6,7.9,7.9,0.53
13.6,13.6,8.0,8.0,0.488
13.6,13.6,8.1,8.1,0.53
13.6,13.6,8.2,8.2,0.538
13.6,13.6,8.3,8.3,0.544
13.6,13.6,8.4,8.4,0.55
13.6,13.6,8.5,8.5,0.602
13.6,13.6,8.6,8.6,0.524
13.6,13.6,8.7,8.7,0.584
13.6,13.6,8.8,8.8,0.574
13.6,13.6,8.9,8.9,0.588
13.6,13.6,9.0,9.0,0.542
13.6,13.6,9.1,9.1,0.566
13.6,13.6,9.2,9.2,0.596
13.6,13.6,9.3,9.3,0.566
13.6,13.6,9.4,9.4,0.654
13.6,13.6,9.5,9.5,0.586
13.6,13.6,9.6,9.6,0.56
13.6,13.6,9.7,9.7,0.612
13.6,13.6,9.8,9.8,0.614
13.6,13.6,9.9,9.9,0.61
13.6,13.6,10.0,10.0,0.626
13.6,13.6,10.1,10.1,0.59
13.6,13.6,10.2,10.2,0.62
13.6,13.6,10.3,10.3,0.622
13.6,13.6,10.4,10.4,0.62
13.6,13.6,10.5,10.5,0.634
13.6,13.6,10.6,10.6,0.612
13.6,13.6,10.7,10.7,0.678
13.6,13.6,10.8,10.8,0.624
13.6,13.6,10.9,10.9,0.652
13.6,13.6,11.0,11.0,0.648
13.6,13.6,11.1,11.1,0.626
13.6,13.6,11.2,11.2,0.638
13.6,13.6,11.3,11.3,0.64
13.6,13.6,11.4,11.4,0.662
13.6,13.6,11.5,11.5,0.64
13.6,13.6,11.6,11.6,0.64
13.6,13.6,11.7,11.7,0.648
13.6,13.6,11.8,11.8,0.658
13.6,13.6,11.9,11.9,0.692
13.6,13.6,12.0,12.0,0.65
13.6,13.6,12.1,12.1,0.674
13.6,13.6,12.2,12.2,0.666
13.6,13.6,12.3,12.3,0.648
13.6,13.6,12.4,12.4,0.676
13.6,13.6,12.5,12.5,0.654
13.6,13.6,12.6,12.6,0.66
13.6,13.6,12.7,12.7,0.66
13.6,13.6,12.8,12.8,0.638
13.6,13.6,12.9,12.9,0.66
13.6,13.6,13.0,13.0,0.676
13.6,13.6,13.1,13.1,0.692
13.6,13.6,13.2,13.2,0.688
13.6,13.6,13.3,13.3,0.706
13.6,13.6,13.4,13.4,0.67
13.6,13.6,13.5,13.5,0.684
13.6,13.6,13.6,13.6,0.666
13.6,13.6,13.7,13.7,0.71
13.6,13.6,13.8,13.8,0.69
13.6,13.6,13.9,13.9,0.714
13.6,13.6,14.0,14.0,0.698
13.6,13.6,14.1,14.1,0.7
13.6,13.6,14.2,14.2,0.704
13.6,13.6,14.3,14.3,0.718
13.6,13.6,14.4,14.4,0.74
13.6,13.6,14.5,14.5,0.638
13.6,13.6,14.6,14.6,0.72
13.6,13.6,14.7,14.7,0.728
13.6,13.6,14.8,14.8,0.708
13.6,13.6,14.9,14.9,0.74
13.6,13.6,15.0,15.0,0.712
13.6,13.6,15.1,15.1,0.7
13.7,13.7,0.1,0.1,0.034
13.7,13.7,0.2,0.2,0.032
13.7,13.7,0.3,0.3,0.044
13.7,13.7,0.4,0.4,0.05
13.7,13.7,0.5,0.5,0.086
13.7,13.7,0.6,0.6,0.07
13.7,13.7,0.7,0.7,0.096
13.7,13.7,0.8,0.8,0.078
13.7,13.7,0.9,0.9,0.096
13.7,13.7,1.0,1.0,0.098
13.7,13.7,1.1,1.1,0.1
13.7,13.7,1.2,1.2,0.108
13.7,13.7,1.3,1.3,0.114
13.7,13.7,1.4,1.4,0.122
13.7,13.7,1.5,1.5,0.138
13.7,13.7,1.6,1.6,0.17
13.7,13.7,1.7,1.7,0.174
13.7,13.7,1.8,1.8,0.166
13.7,13.7,1.9,1.9,0.166
13.7,13.7,2.0,2.0,0.148
13.7,13.7,2.1,2.1,0.16
13.7,13.7,2.2,2.2,0.226
13.7,13.7,2.3,2.3,0.188
13.7,13.7,2.4,2.4,0.214
13.7,13.7,2.5,2.5,0.246
13.7,13.7,2.6,2.6,0.21
13.7,13.7,2.7,2.7,0.21
13.7,13.7,2.8,2.8,0.26
13.7,13.7,2.9,2.9,0.236
13.7,13.7,3.0,3.0,0.246
13.7,13.7,3.1,3.1,0.264
13.7,13.7,3.2,3.2,0.268
13.7,13.7,3.3,3.3,0.29
13.7,13.7,3.4,3.4,0.228
13.7,13.7,3.5,3.5,0.278
13.7,13.7,3.6,3.6,0.302
13.7,13.7,3.7,3.7,0.314
13.7,13.7,3.8,3.8,0.292
13.7,13.7,3.9,3.9,0.272
13.7,13.7,4.0,4.0,0.324
13.7,13.7,4.1,4.1,0.346
13.7,13.7,4.2,4.2,0.3
13.7,13.7,4.3,4.3,0.342
13.7,13.7,4.4,4.4,0.328
13.7,13.7,4.5,4.5,0.392
13.7,13.7,4.6,4.6,0.356
13.7,13.7,4.7,4.7,0.384
13.7,13.7,4.8,4.8,0.4
13.7,13.7,4.9,4.9,0.396
13.7,13.7,5.0,5.0,0.376
13.7,13.7,5.1,5.1,0.4
13.7,13.7,5.2,5.2,0.388
13.7,13.7,5.3,5.3,0.39
13.7,13.7,5.4,5.4,0.424
13.7,13.7,5.5,5.5,0.394
13.7,13.7,5.6,5.6,0.458
13.7,13.7,5.7,5.7,0.38
13.7,13.7,5.8,5.8,0.43
13.7,13.7,5.9,5.9,0.442
13.7,13.7,6.0,6.0,0.46
13.7,13.7,6.1,6.1,0.392
13.7,13.7,6.2,6.2,0.444
13.7,13.7,6.3,6.3,0.444
13.7,13.7,6.4,6.4,0.488
13.7,13.7,6.5,6.5,0.452
13.7,13.7,6.6,6.6,0.47
13.7,13.7,6.7,6.7,0.488
13.7,13.7,6.8,6.8,0.504
13.7,13.7,6.9,6.9,0.454
13.7,13.7,7.0,7.0,0.478
13.7,13.7,7.1,7.1,0.464
13.7,13.7,7.2,7.2,0.498
13.7,13.7,7.3,7.3,0.498
13.7,13.7,7.4,7.4,0.488
13.7,13.7,7.5,7.5,0.478
13.7,13.7,7.6,7.6,0.528
13.7,13.7,7.7,7.7,0.54
13.7,13.7,7.8,7.8,0.53
13.7,13.7,7.9,7.9,0.52
13.7,13.7,8.0,8.0,0.576
13.7,13.7,8.1,8.1,0.532
13.7,13.7,8.2,8.2,0.542
13.7,13.7,8.3,8.3,0.53
13.7,13.7,8.4,8.4,0.54
13.7,13.7,8.5,8.5,0.5
13.7,13.7,8.6,8.6,0.512
13.7,13.7,8.7,8.7,0.572
13.7,13.7,8.8,8.8,0.542
13.7,13.7,8.9,8.9,0.53
13.7,13.7,9.0,9.0,0.6
13.7,13.7,9.1,9.1,0.54
13.7,13.7,9.2,9.2,0.588
13.7,13.7,9.3,9.3,0.59
13.7,13.7,9.4,9.4,0.564
13.7,13.7,9.5,9.5,0.654
13.7,13.7,9.6,9.6,0.552
13.7,13.7,9.7,9.7,0.598
13.7,13.7,9.8,9.8,0.566
13.7,13.7,9.9,9.9,0.59
13.7,13.7,10.0,10.0,0.596
13.7,13.7,10.1,10.1,0.606
13.7,13.7,10.2,10.2,0.606
13.7,13.7,10.3,10.3,0.596
13.7,13.7,10.4,10.4,0.642
13.7,13.7,10.5,10.5,0.614
13.7,13.7,10.6,10.6,0.672
13.7,13.7,10.7,10.7,0.646
13.7,13.7,10.8,10.8,0.584
13.7,13.7,10.9,10.9,0.608
13.7,13.7,11.0,11.0,0.65
13.7,13.7,11.1,11.1,0.606
13.7,13.7,11.2,11.2,0.622
13.7,13.7,11.3,11.3,0.694
13.7,13.7,11.4,11.4,0.634
13.7,13.7,11.5,11.5,0.608
13.7,13.7,11.6,11.6,0.656
13.7,13.7,11.7,11.7,0.668
13.7,13.7,11.8,11.8,0.63
13.7,13.7,11.9,11.9,0.618
13.7,13.7,12.0,12.0,0.648
13.7,13.7,12.1,12.1,0.67
13.7,13.7,12.2,12.2,0.686
13.7,13.7,12.3,12.3,0.626
13.7,13.7,12.4,12.4,0.66
13.7,13.7,12.5,12.5,0.656
13.7,13.7,12.6,12.6,0.668
13.7,13.7,12.7,12.7,0.686
13.7,13.7,12.8,12.8,0.664
13.7,13.7,12.9,12.9,0.668
13.7,13.7,13.0,13.0,0.704
13.7,13.7,13.1,13.1,0.638
13.7,13.7,13.2,13.2,0.672
13.7,13.7,13.3,13.3,0.662
13.7,13.7,13.4,13.4,0.716
13.7,13.7,13.5,13.5,0.658
13.7,13.7,13.6,13.6,0.684
13.7,13.7,13.7,13.7,0.692
13.7,13.7,13.8,13.8,0.666
13.7,13.7,13.9,13.9,0.688
13.7,13.7,14.0,14.0,0.64
13.7,13.7,14.1,14.1,0.68
13.7,13.7,14.2,14.2,0.68
13.7,13.7,14.3,14.3,0.744
13.7,13.7,14.4,14.4,0.704
13.7,13.7,14.5,14.5,0.694
13.7,13.7,14.6,14.6,0.724
13.7,13.7,14.7,14.7,0.74
13.7,13.7,14.8,14.8,0.686
13.7,13.7,14.9,14.9,0.708
13.7,13.7,15.0,15.0,0.726
13.7,13.7,15.1,15.1,0.704
13.8,13.8,0.1,0.1,0.046
13.8,13.8,0.2,0.2,0.046
13.8,13.8,0.3,0.3,0.036
13.8,13.8,0.4,0.4,0.064
13.8,13.8,0.5,0.5,0.058
13.8,13.8,0.6,0.6,0.096
13.8,13.8,0.7,0.7,0.072
13.8,13.8,0.8,0.8,0.09
13.8,13.8,0.9,0.9,0.09
13.8,13.8,1.0,1.0,0.12
13.8,13.8,1.1,1.1,0.138
13.8,13.8,1.2,1.2,0.108
13.8,13.8,1.3,1.3,0.122
13.8,13.8,1.4,1.4,0.138
13.8,13.8,1.5,1.5,0.132
13.8,13.8,1.6,1.6,0.138
13.8,13.8,1.7,1.7,0.128
13.8,13.8,1.8,1.8,0.17
13.8,13.8,1.9,1.9,0.156
13.8,13.8,2.0,2.0,0.198
13.8,13.8,2.1,2.1,0.204
13.8,13.8,2.2,2.2,0.222
13.8,13.8,2.3,2.3,0.196
13.8,13.8,2.4,2.4,0.21
13.8,13.8,2.5,2.5,0.224
13.8,13.8,2.6,2.6,0.256
13.8,13.8,2.7,2.7,0.248
13.8,13.8,2.8,2.8,0.252
13.8,13.8,2.9,2.9,0.228
13.8,13.8,3.0,3.0,0.242
13.8,13.8,3.1,3.1,0.306
13.8,13.8,3.2,3.2,0.262
13.8,13.8,3.3,3.3,0.29
13.8,13.8,3.4,3.4,0.284
13.8,13.8,3.5,3.5,0.274
13.8,13.8,3.6,3.6,0.318
13.8,13.8,3.7,3.7,0.312
13.8,13.8,3.8,3.8,0.332
13.8,13.8,3.9,3.9,0.316
13.8,13.8,4.0,4.0,0.332
13.8,13.8,4.1,4.1,0.326
13.8,13.8,4.2,4.2,0.33
13.8,13.8,4.3,4.3,0.34
13.8,13.8,4.4,4.4,0.316
13.8,13.8,4.5,4.5,0.366
13.8,13.8,4.6,4.6,0.37
13.8,13.8,4.7,4.7,0.368
13.8,13.8,4.8,4.8,0.374
13.8,13.8,4.9,4.9,0.388
13.8,13.8,5.0,5.0,0.364
13.8,13.8,5.1,5.1,0.39
13.8,13.8,5.2,5.2,0.412
13.8,13.8,5.3,5.3,0.41
13.8,13.8,5.4,5.4,0.41
13.8,13.8,5.5,5.5,0.372
13.8,13.8,5.6,5.6,0.426
13.8,13.8,5.7,5.7,0.402
13.8,13.8,5.8,5.8,0.404
13.8,13.8,5.9,5.9,0.438
13.8,13.8,6.0,6.0,0.404
13.8,13.8,6.1,6.1,0.416
13.8,13.8,6.2,6.2,0.458
13.8,13.8,6.3,6.3,0.442
13.8,13.8,6.4,6.4,0.436
13.8,13.8,6.5,6.5,0.472
13.8,13.8,6.6,6.6,0.41
13.8,13.8,6.7,6.7,0.478
13.8,13.8,6.8,6.8,0.506
13.8,13.8,6.9,6.9,0.476
13.8,13.8,7.0,7.0,0.5
13.8,13.8,7.1,7.1,0.442
13.8,13.8,7.2,7.2,0.518
13.8,13.8,7.3,7.3,0.556
13.8,13.8,7.4,7.4,0.48
13.8,13.8,7.5,7.5,0.468
13.8,13.8,7.6,7.6,0.484
13.8,13.8,7.7,7.7,0.518
13.8,13.8,7.8,7.8,0.546
13.8,13.8,7.9,7.9,0.492
13.8,13.8,8.0,8.0,0.52
13.8,13.8,8.1,8.1,0.494
13.8,13.8,8.2,8.2,0.524
13.8,13.8,8.3,8.3,0.506
13.8,13.8,8.4,8.4,0.544
13.8,13.8,8.5,8.5,0.528
13.8,13.8,8.6,8.6,0.508
13.8,13.8,8.7,8.7,0.522
13.8,13.8,8.8,8.8,0.576
13.8,13.8,8.9,8.9,0.554
13.8,13.8,9.0,9.0,0.608
13.8,13.8,9.1,9.1,0.574
13.8,13.8,9.2,9.2,0.582
13.8,13.8,9.3,9.3,0.604
13.8,13.8,9.4,9.4,0.592
13.8,13.8,9.5,9.5,0.58
13.8,13.8,9.6,9.6,0.586
13.8,13.8,9.7,9.7,0.602
13.8,13.8,9.8,9.8,0.584
13.8,13.8,9.9,9.9,0.594
13.8,13.8,10.0,10.0,0.588
13.8,13.8,10.1,10.1,0.652
13.8,13.8,10.2,10.2,0.638
13.8,13.8,10.3,10.3,0.608
13.8,13.8,10.4,10.4,0.596
13.8,13.8,10.5,10.5,0.6
13.8,13.8,10.6,10.6,0.616
13.8,13.8,10.7,10.7,0.612
13.8,13.8,10.8,10.8,0.624
13.8,13.8,10.9,10.9,0.662
13.8,13.8,11.0,11.0,0.612
13.8,13.8,11.1,11.1,0.646
13.8,13.8,11.2,11.2,0.63
13.8,13.8,11.3,11.3,0.624
13.8,13.8,11.4,11.4,0.638
13.8,13.8,11.5,11.5,0.626
13.8,13.8,11.6,11.6,0.664
13.8,13.8,11.7,11.7,0.624
13.8,13.8,11.8,11.8,0.622
13.8,13.8,11.9,11.9,0.664
13.8,13.8,12.0,12.0,0.632
13.8,13.8,12.1,12.1,0.68
13.8,13.8,12.2,12.2,0.62
13.8,13.8,12.3,12.3,0.648
13.8,13.8,12.4,12.4,0.648
13.8,13.8,12.5,12.5,0.632
13.8,13.8,12.6,12.6,0.65
13.8,13.8,12.7,12.7,0.694
13.8,13.8,12.8,12.8,0.69
13.8,13.8,12.9,12.9,0.68
13.8,13.8,13.0,13.0,0.66
13.8,13.8,13.1,13.1,0.65
13.8,13.8,13.2,13.2,0.696
13.8,13.8,13.3,13.3,0.668
13.8,13.8,13.4,13.4,0.708
13.8,13.8,13.5,13.5,0.71
13.8,13.8,13.6,13.6,0.702
13.8,13.8,13.7,13.7,0.706
13.8,13.8,13.8,13.8,0.684
13.8,13.8,13.9,13.9,0.68
13.8,13.8,14.0,14.0,0.7
13.8,13.8,14.1,14.1,0.678
13.8,13.8,14.2,14.2,0.716
13.8,13.8,14.3,14.3,0.724
13.8,13.8,14.4,14.4,0.672
13.8,13.8,14.5,14.5,0.686
13.8,13.8,14.6,14.6,0.714
13.8,13.8,14.7,14.7,0.68
13.8,13.8,14.8,14.8,0.722
13.8,13.8,14.9,14.9,0.73
13.8,13.8,15.0,15.0,0.708
13.8,13.8,15.1,15.1,0.734
13.9,13.9,0.1,0.1,0.026
13.9,13.9,0.2,0.2,0.05
13.9,13.9,0.3,0.3,0.05
13.9,13.9,0.4,0.4,0.052
13.9,13.9,0.5,0.5,0.044
13.9,13.9,0.6,0.6,0.07
13.9,13.9,0.7,0.7,0.078
13.9,13.9,0.8,0.8,0.084
13.9,13.9,0.9,0.9,0.098
13.9,13.9,1.0,1.0,0.116
13.9,13.9,1.1,1.1,0.094
13.9,13.9,1.2,1.2,0.112
13.9,13.9,1.3,1.3,0.13
13.9,13.9,1.4,1.4,0.142
13.9,13.9,1.5,1.5,0.132
13.9,13.9,1.6,1.6,0.144
13.9,13.9,1.7,1.7,0.158
13.9,13.9,1.8,1.8,0.16
13.9,13.9,1.9,1.9,0.154
13.9,13.9,2.0,2.0,0.148
13.9,13.9,2.1,2.1,0.202
13.9,13.9,2.2,2.2,0.178
13.9,13.9,2.3,2.3,0.212
13.9,13.9,2.4,2.4,0.224
13.9,13.9,2.5,2.5,0.236
13.9,13.9,2.6,2.6,0.208
13.9,13.9,2.7,2.7,0.24
13.9,13.9,2.8,2.8,0.234
13.9,13.9,2.9,2.9,0.276
13.9,13.9,3.0,3.0,0.238
13.9,13.9,3.1,3.1,0.244
13.9,13.9,3.2,3.2,0.264
13.9,13.9,3.3,3.3,0.276
13.9,13.9,3.4,3.4,0.266
13.9,13.9,3.5,3.5,0.276
13.9,13.9,3.6,3.6,0.322
13.9,13.9,3.7,3.7,0.326
13.9,13.9,3.8,3.8,0.288
13.9,13.9,3.9,3.9,0.344
13.9,13.9,4.0,4.0,0.292
13.9,13.9,4.1,4.1,0.344
13.9,13.9,4.2,4.2,0.312
13.9,13.9,4.3,4.3,0.334
13.9,13.9,4.4,4.4,0.348
13.9,13.9,4.5,4.5,0.336
13.9,13.9,4.6,4.6,0.366
13.9,13.9,4.7,4.7,0.416
13.9,13.9,4.8,4.8,0.386
13.9,13.9,4.9,4.9,0.346
13.9,13.9,5.0,5.0,0.382
13.9,13.9,5.1,5.1,0.362
13.9,13.9,5.2,5.2,0.348
13.9,13.9,5.3,5.3,0.416
13.9,13.9,5.4,5.4,0.436
13.9,13.9,5.5,5.5,0.408
13.9,13.9,5.6,5.6,0.406
13.9,13.9,5.7,5.7,0.398
13.9,13.9,5.8,5.8,0.4
13.9,13.9,5.9,5.9,0.412
13.9,13.9,6.0,6.0,0.4
13.9,13.9,6.1,6.1,0.436
13.9,13.9,6.2,6.2,0.508
13.9,13.9,6.3,6.3,0.444
13.9,13.9,6.4,6.4,0.396
13.9,13.9,6.5,6.5,0.454
13.9,13.9,6.6,6.6,0.488
13.9,13.9,6.7,6.7,0.482
13.9,13.9,6.8,6.8,0.478
13.9,13.9,6.9,6.9,0.492
13.9,13.9,7.0,7.0,0.49
13.9,13.9,7.1,7.1,0.478
13.9,13.9,7.2,7.2,0.462
13.9,13.9,7.3,7.3,0.516
13.9,13.9,7.4,7.4,0.456
13.9,13.9,7.5,7.5,0.524
13.9,13.9,7.6,7.6,0.51
13.9,13.9,7.7,7.7,0.514
13.9,13.9,7.8,7.8,0.55
13.9,13.9,7.9,7.9,0.5
13.9,13.9,8.0,8.0,0.484
13.9,13.9,8.1,8.1,0.53
13.9,13.9,8.2,8.2,0.57
13.9,13.9,8.3,8.3,0.534
13.9,13.9,8.4,8.4,0.578
13.9,13.9,8.5,8.5,0.512
13.9,13.9,8.6,8.6,0.57
13.9,13.9,8.7,8.7,0.574
13.9,13.9,8.8,8.8,0.56
13.9,13.9,8.9,8.9,0.562
13.9,13.9,9.0,9.0,0.572
13.9,13.9,9.1,9.1,0.558
13.9,13.9,9.2,9.2,0.578
13.9,13.9,9.3,9.3,0.57
13.9,13.9,9.4,9.4,0.562
13.9,13.9,9.5,9.5,0.592
13.9,13.9,9.6,9.6,0.618
13.9,13.9,9.7,9.7,0.604
13.9,13.9,9.8,9.8,0.566
13.9,13.9,9.9,9.9,0.61
13.9,13.9,10.0,10.0,0.586
13.9,13.9,10.1,10.1,0.604
13.9,13.9,10.2,10.2,0.568
13.9,13.9,10.3,10.3,0.61
13.9,13.9,10.4,10.4,0.6
13.9,13.9,10.5,10.5,0.626
13.9,13.9,10.6,10.6,0.616
13.9,13.9,10.7,10.7,0.632
13.9,13.9,10.8,10.8,0.61
13.9,13.9,10.9,10.9,0.648
13.9,13.9,11.0,11.0,0.608
13.9,13.9,11.1,11.1,0.628
13.9,13.9,11.2,11.2,0.646
13.9,13.9,11.3,11.3,0.626
13.9,13.9,11.4,11.4,0.656
13.9,13.9,11.5,11.5,0.642
13.9,13.9,11.6,11.6,0.616
13.9,13.9,11.7,11.7,0.626
13.9,13.9,11.8,11.8,0.624
13.9,13.9,11.9,11.9,0.658
13.9,13.9,12.0,12.0,0.654
13.9,13.9,12.1,12.1,0.628
13.9,13.9,12.2,12.2,0.654
13.9,13.9,12.3,12.3,0.672
13.9,13.9,12.4,12.4,0.678
13.9,13.9,12.5,12.5,0.656
13.9,13.9,12.6,12.6,0.658
13.9,13.9,12.7,12.7,0.676
13.9,13.9,12.8,12.8,0.648
13.9,13.9,12.9,12.9,0.66
13.9,13.9,13.0,13.0,0.662
13.9,13.9,13.1,13.1,0.652
13.9,13.9,13.2,13.2,0.64
13.9,13.9,13.3,13.3,0.674
13.9,13.9,13.4,13.4,0.726
13.9,13.9,13.5,13.5,0.656
13.9,13.9,13.6,13.6,0.698
13.9,13.9,13.7,13.7,0.662
13.9,13.9,13.8,13.8,0.696
13.9,13.9,13.9,13.9,0.718
13.9,13.9,14.0,14.0,0.672
13.9,13.9,14.1,14.1,0.696
13.9,13.9,14.2,14.2,0.686
13.9,13.9,14.3,14.3,0.706
13.9,13.9,14.4,14.4,0.688
13.9,13.9,14.5,14.5,0.712
13.9,13.9,14.6,14.6,0.694
13.9,13.9,14.7,14.7,0.728
13.9,13.9,14.8,14.8,0.718
13.9,13.9,14.9,14.9,0.734
13.9,13.9,15.0,15.0,0.732
13.9,13.9,15.1,15.1,0.71
14.0,14.0,0.1,0.1,0.048
14.0,14.0,0.2,0.2,0.036
14.0,14.0,0.3,0.3,0.054
14.0,14.0,0.4,0.4,0.084
14.0,14.0,0.5,0.5,0.058
14.0,14.0,0.6,0.6,0.066
14.0,14.0,0.7,0.7,0.052
14.0,14.0,0.8,0.8,0.064
14.0,14.0,0.9,0.9,0.098
14.0,14.0,1.0,1.0,0.082
14.0,14.0,1.1,1.1,0.126
14.0,14.0,1.2,1.2,0.114
14.0,14.0,1.3,1.3,0.14
14.0,14.0,1.4,1.4,0.106
14.0,14.0,1.5,1.5,0.128
14.0,14.0,1.6,1.6,0.134
14.0,14.0,1.7,1.7,0.184
14.0,14.0,1.8,1.8,0.168
14.0,14.0,1.9,1.9,0.18
14.0,14.0,2.0,2.0,0.198
14.0,14.0,2.1,2.1,0.174
14.0,14.0,2.2,2.2,0.162
14.0,14.0,2.3,2.3,0.192
14.0,14.0,2.4,2.4,0.204
14.0,14.0,2.5,2.5,0.206
14.0,14.0,2.6,2.6,0.228
14.0,14.0,2.7,2.7,0.244
14.0,14.0,2.8,2.8,0.214
14.0,14.0,2.9,2.9,0.254
14.0,14.0,3.0,3.0,0.25
14.0,14.0,3.1,3.1,0.268
14.0,14.0,3.2,3.2,0.254
14.0,14.0,3.3,3.3,0.278
14.0,14.0,3.4,3.4,0.284
14.0,14.0,3.5,3.5,0.296
14.0,14.0,3.6,3.6,0.294
14.0,14.0,3.7,3.7,0.272
14.0,14.0,3.8,3.8,0.29
14.0,14.0,3.9,3.9,0.318
14.0,14.0,4.0,4.0,0.318
14.0,14.0,4.1,4.1,0.336
14.0,14.0,4.2,4.2,0.336
14.0,14.0,4.3,4.3,0.346
14.0,14.0,4.4,4.4,0.376
14.0,14.0,4.5,4.5,0.332
14.0,14.0,4.6,4.6,0.34
14.0,14.0,4.7,4.7,0.362
14.0,14.0,4.8,4.8,0.322
14.0,14.0,4.9,4.9,0.324
14.0,14.0,5.0,5.0,0.402
14.0,14.0,5.1,5.1,0.398
14.0,14.0,5.2,5.2,0.338
14.0,14.0,5.3,5.3,0.402
14.0,14.0,5.4,5.4,0.404
14.0,14.0,5.5,5.5,0.412
14.0,14.0,5.6,5.6,0.434
14.0,14.0,5.7,5.7,0.428
14.0,14.0,5.8,5.8,0.43
14.0,14.0,5.9,5.9,0.438
14.0,14.0,6.0,6.0,0.414
14.0,14.0,6.1,6.1,0.46
14.0,14.0,6.2,6.2,0.426
14.0,14.0,6.3,6.3,0.444
14.0,14.0,6.4,6.4,0.432
14.0,14.0,6.5,6.5,0.428
14.0,14.0,6.6,6.6,0.462
14.0,14.0,6.7,6.7,0.458
14.0,14.0,6.8,6.8,0.458
14.0,14.0,6.9,6.9,0.46
14.0,14.0,7.0,7.0,0.49
14.0,14.0,7.1,7.1,0.506
14.0,14.0,7.2,7.2,0.5
14.0,14.0,7.3,7.3,0.542
14.0,14.0,7.4,7.4,0.53
14.0,14.0,7.5,7.5,0.524
14.0,14.0,7.6,7.6,0.524
14.0,14.0,7.7,7.7,0.528
14.0,14.0,7.8,7.8,0.488
14.0,14.0,7.9,7.9,0.502
14.0,14.0,8.0,8.0,0.54
14.0,14.0,8.1,8.1,0.552
14.0,14.0,8.2,8.2,0.488
14.0,14.0,8.3,8.3,0.498
14.0,14.0,8.4,8.4,0.556
14.0,14.0,8.5,8.5,0.52
14.0,14.0,8.6,8.6,0.526
14.0,14.0,8.7,8.7,0.54
14.0,14.0,8.8,8.8,0.582
14.0,14.0,8.9,8.9,0.558
14.0,14.0,9.0,9.0,0.508
14.0,14.0,9.1,9.1,0.566
14.0,14.0,9.2,9.2,0.61
14.0,14.0,9.3,9.3,0.602
14.0,14.0,9.4,9.4,0.542
14.0,14.0,9.5,9.5,0.53
14.0,14.0,9.6,9.6,0.612
14.0,14.0,9.7,9.7,0.576
14.0,14.0,9.8,9.8,0.616
14.0,14.0,9.9,9.9,0.582
14.0,14.0,10.0,10.0,0.59
14.0,14.0,10.1,10.1,0.622
14.0,14.0,10.2,10.2,0.584
14.0,14.0,10.3,10.3,0.602
14.0,14.0,10.4,10.4,0.586
14.0,14.0,10.5,10.5,0.598
14.0,14.0,10.6,10.6,0.616
14.0,14.0,10.7,10.7,0.588
14.0,14.0,10.8,10.8,0.592
14.0,14.0,10.9,10.9,0.582
14.0,14.0,11.0,11.0,0.646
14.0,14.0,11.1,11.1,0.594
14.0,14.0,11.2,11.2,0.626
14.0,14.0,11.3,11.3,0.62
14.0,14.0,11.4,11.4,0.666
14.0,14.0,11.5,11.5,0.624
14.0,14.0,11.6,11.6,0.62
14.0,14.0,11.7,11.7,0.606
14.0,14.0,11.8,11.8,0.626
14.0,14.0,11.9,11.9,0.636
14.0,14.0,12.0,12.0,0.656
14.0,14.0,12.1,12.1,0.628
14.0,14.0,12.2,12.2,0.676
14.0,14.0,12.3,12.3,0.662
14.0,14.0,12.4,12.4,0.7
14.0,14.0,12.5,12.5,0.676
14.0,14.0,12.6,12.6,0.64
14.0,14.0,12.7,12.7,0.7
14.0,14.0,12.8,12.8,0.68
14.0,14.0,12.9,12.9,0.666
14.0,14.0,13.0,13.0,0.668
14.0,14.0,13.1,13.1,0.684
14.0,14.0,13.2,13.2,0.652
14.0,14.0,13.3,13.3,0.694
14.0,14.0,13.4,13.4,0.684
14.0,14.0,13.5,13.5,0.73
14.0,14.0,13.6,13.6,0.678
14.0,14.0,13.7,13.7,0.662
14.0,14.0,13.8,13.8,0.702
14.0,14.0,13.9,13.9,0.69
14.0,14.0,14.0,14.0,0.692
14.0,14.0,14.1,14.1,0.678
14.0,14.0,14.2,14.2,0.706
14.0,14.0,14.3,14.3,0.69
14.0,14.0,14.4,14.4,0.694
14.0,14.0,14.5,14.5,0.698
14.0,14.0,14.6,14.6,0.688
14.0,14.0,14.7,14.7,0.738
14.0,14.0,14.8,14.8,0.71
14.0,14.0,14.9,14.9,0.682
14.0,14.0,15.0,15.0,0.706
14.0,14.0,15.1,15.1,0.69
14.1,14.1,0.1,0.1,0.05
14.1,14.1,0.2,0.2,0.044
14.1,14.1,0.3,0.3,0.062
14.1,14.1,0.4,0.4,0.044
14.1,14.1,0.5,0.5,0.074
14.1,14.1,0.6,0.6,0.088
14.1,14.1,0.7,0.7,0.072
14.1,14.1,0.8,0.8,0.098
14.1,14.1,0.9,0.9,0.096
14.1,14.1,1.0,1.0,0.086
14.1,14.1,1.1,1.1,0.11
14.1,14.1,1.2,1.2,0.132
14.1,14.1,1.3,1.3,0.148
14.1,14.1,1.4,1.4,0.128
14.1,14.1,1.5,1.5,0.158
14.1,14.1,1.6,1.6,0.142
14.1,14.1,1.7,1.7,0.128
14.1,14.1,1.8,1.8,0.166
14.1,14.1,1.9,1.9,0.174
14.1,14.1,2.0,2.0,0.164
14.1,14.1,2.1,2.1,0.186
14.1,14.1,2.2,2.2,0.194
14.1,14.1,2.3,2.3,0.2
14.1,14.1,2.4,2.4,0.206
14.1,14.1,2.5,2.5,0.23
14.1,14.1,2.6,2.6,0.24
14.1,14.1,2.7,2.7,0.252
14.1,14.1,2.8,2.8,0.232
14.1,14.1,2.9,2.9,0.278
14.1,14.1,3.0,3.0,0.238
14.1,14.1,3.1,3.1,0.27
14.1,14.1,3.2,3.2,0.29
14.1,14.1,3.3,3.3,0.248
14.1,14.1,3.4,3.4,0.258
14.1,14.1,3.5,3.5,0.298
14.1,14.1,3.6,3.6,0.258
14.1,14.1,3.7,3.7,0.278
14.1,14.1,3.8,3.8,0.29
14.1,14.1,3.9,3.9,0.32
14.1,14.1,4.0,4.0,0.286
14.1,14.1,4.1,4.1,0.332
14.1,14.1,4.2,4.2,0.326
14.1,14.1,4.3,4.3,0.374
14.1,14.1,4.4,4.4,0.348
14.1,14.1,4.5,4.5,0.354
14.1,14.1,4.6,4.6,0.356
14.1,14.1,4.7,4.7,0.372
14.1,14.1,4.8,4.8,0.378
14.1,14.1,4.9,4.9,0.364
14.1,14.1,5.0,5.0,0.374
14.1,14.1,5.1,5.1,0.408
14.1,14.1,5.2,5.2,0.372
14.1,14.1,5.3,5.3,0.396
14.1,14.1,5.4,5.4,0.436
14.1,14.1,5.5,5.5,0.366
14.1,14.1,5.6,5.6,0.424
14.1,14.1,5.7,5.7,0.396
14.1,14.1,5.8,5.8,0.386
14.1,14.1,5.9,5.9,0.41
14.1,14.1,6.0,6.0,0.41
14.1,14.1,6.1,6.1,0.402
14.1,14.1,6.2,6.2,0.444
14.1,14.1,6.3,6.3,0.45
14.1,14.1,6.4,6.4,0.484
14.1,14.1,6.5,6.5,0.438
14.1,14.1,6.6,6.6,0.47
14.1,14.1,6.7,6.7,0.45
14.1,14.1,6.8,6.8,0.484
14.1,14.1,6.9,6.9,0.466
14.1,14.1,7.0,7.0,0.482
14.1,14.1,7.1,7.1,0.492
14.1,14.1,7.2,7.2,0.502
14.1,14.1,7.3,7.3,0.472
14.1,14.1,7.4,7.4,0.48
14.1,14.1,7.5,7.5,0.492
14.1,14.1,7.6,7.6,0.502
14.1,14.1,7.7,7.7,0.486
14.1,14.1,7.8,7.8,0.54
14.1,14.1,7.9,7.9,0.478
14.1,14.1,8.0,8.0,0.538
14.1,14.1,8.1,8.1,0.536
14.1,14.1,8.2,8.2,0.554
14.1,14.1,8.3,8.3,0.538
14.1,14.1,8.4,8.4,0.532
14.1,14.1,8.5,8.5,0.546
14.1,14.1,8.6,8.6,0.542
14.1,14.1,8.7,8.7,0.528
14.1,14.1,8.8,8.8,0.58
14.1,14.1,8.9,8.9,0.56
14.1,14.1,9.0,9.0,0.572
14.1,14.1,9.1,9.1,0.54
14.1,14.1,9.2,9.2,0.548
14.1,14.1,9.3,9.3,0.554
14.1,14.1,9.4,9.4,0.568
14.1,14.1,9.5,9.5,0.592
14.1,14.1,9.6,9.6,0.594
14.1,14.1,9.7,9.7,0.59
14.1,14.1,9.8,9.8,0.594
14.1,14.1,9.9,9.9,0.63
14.1,14.1,10.0,10.0,0.594
14.1,14.1,10.1,10.1,0.614
14.1,14.1,10.2,10.2,0.554
14.1,14.1,10.3,10.3,0.614
14.1,14.1,10.4,10.4,0.634
14.1,14.1,10.5,10.5,0.62
14.1,14.1,10.6,10.6,0.602
14.1,14.1,10.7,10.7,0.628
14.1,14.1,10.8,10.8,0.604
14.1,14.1,10.9,10.9,0.63
14.1,14.1,11.0,11.0,0.628
14.1,14.1,11.1,11.1,0.598
14.1,14.1,11.2,11.2,0.594
14.1,14.1,11.3,11.3,0.592
14.1,14.1,11.4,11.4,0.656
14.1,14.1,11.5,11.5,0.628
14.1,14.1,11.6,11.6,0.58
14.1,14.1,11.7,11.7,0.632
14.1,14.1,11.8,11.8,0.672
14.1,14.1,11.9,11.9,0.652
14.1,14.1,12.0,12.0,0.646
14.1,14.1,12.1,12.1,0.63
14.1,14.1,12.2,12.2,0.646
14.1,14.1,12.3,12.3,0.624
14.1,14.1,12.4,12.4,0.664
14.1,14.1,12.5,12.5,0.624
14.1,14.1,12.6,12.6,0.672
14.1,14.1,12.7,12.7,0.642
14.1,14.1,12.8,12.8,0.654
14.1,14.1,12.9,12.9,0.654
14.1,14.1,13.0,13.0,0.656
14.1,14.1,13.1,13.1,0.666
14.1,14.1,13.2,13.2,0.692
14.1,14.1,13.3,13.3,0.682
14.1,14.1,13.4,13.4,0.716
14.1,14.1,13.5,13.5,0.674
14.1,14.1,13.6,13.6,0.668
14.1,14.1,13.7,13.7,0.69
14.1,14.1,13.8,13.8,0.648
14.1,14.1,13.9,13.9,0.724
14.1,14.1,14.0,14.0,0.676
14.1,14.1,14.1,14.1,0.68
14.1,14.1,14.2,14.2,0.68
14.1,14.1,14.3,14.3,0.664
14.1,14.1,14.4,14.4,0.7
14.1,14.1,14.5,14.5,0.644
14.1,14.1,14.6,14.6,0.7
14.1,14.1,14.7,14.7,0.678
14.1,14.1,14.8,14.8,0.714
14.1,14.1,14.9,14.9,0.726
14.1,14.1,15.0,15.0,0.688
14.1,14.1,15.1,15.1,0.694
14.2,14.2,0.1,0.1,0.04
14.2,14.2,0.2,0.2,0.046
14.2,14.2,0.3,0.3,0.042
14.2,14.2,0.4,0.4,0.054
14.2,14.2,0.5,0.5,0.08
14.2,14.2,0.6,0.6,0.076
14.2,14.2,0.7,0.7,0.068
14.2,14.2,0.8,0.8,0.076
14.2,14.2,0.9,0.9,0.088
14.2,14.2,1.0,1.0,0.098
14.2,14.2,1.1,1.1,0.104
14.2,14.2,1.2,1.2,0.136
14.2,14.2,1.3,1.3,0.136
14.2,14.2,1.4,1.4,0.106
14.2,14.2,1.5,1.5,0.142
14.2,14.2,1.6,1.6,0.136
14.2,14.2,1.7,1.7,0.152
14.2,14.2,1.8,1.8,0.154
14.2,14.2,1.9,1.9,0.156
14.2,14.2,2.0,2.0,0.15
14.2,14.2,2.1,2.1,0.178
14.2,14.2,2.2,2.2,0.176
14.2,14.2,2.3,2.3,0.236
14.2,14.2,2.4,2.4,0.204
14.2,14.2,2.5,2.5,0.202
14.2,14.2,2.6,2.6,0.202
14.2,14.2,2.7,2.7,0.214
14.2,14.2,2.8,2.8,0.226
14.2,14.2,2.9,2.9,0.258
14.2,14.2,3.0,3.0,0.236
14.2,14.2,3.1,3.1,0.254
14.2,14.2,3.2,3.2,0.28
14.2,14.2,3.3,3.3,0.3
14.2,14.2,3.4,3.4,0.26
14.2,14.2,3.5,3.5,0.3
14.2,14.2,3.6,3.6,0.276
14.2,14.2,3.7,3.7,0.302
14.2,14.2,3.8,3.8,0.34
14.2,14.2,3.9,3.9,0.31
14.2,14.2,4.0,4.0,0.302
14.2,14.2,4.1,4.1,0.324
14.2,14.2,4.2,4.2,0.36
14.2,14.2,4.3,4.3,0.316
14.2,14.2,4.4,4.4,0.334
14.2,14.2,4.5,4.5,0.37
14.2,14.2,4.6,4.6,0.348
14.2,14.2,4.7,4.7,0.364
14.2,14.2,4.8,4.8,0.36
14.2,14.2,4.9,4.9,0.354
14.2,14.2,5.0,5.0,0.402
14.2,14.2,5.1,5.1,0.398
14.2,14.2,5.2,5.2,0.404
14.2,14.2,5.3,5.3,0.344
14.2,14.2,5.4,5.4,0.402
14.2,14.2,5.5,5.5,0.412
14.2,14.2,5.6,5.6,0.424
14.2,14.2,5.7,5.7,0.394
14.2,14.2,5.8,5.8,0.428
14.2,14.2,5.9,5.9,0.446
14.2,14.2,6.0,6.0,0.418
14.2,14.2,6.1,6.1,0.452
14.2,14.2,6.2,6.2,0.428
14.2,14.2,6.3,6.3,0.438
14.2,14.2,6.4,6.4,0.456
14.2,14.2,6.5,6.5,0.458
14.2,14.2,6.6,6.6,0.488
14.2,14.2,6.7,6.7,0.468
14.2,14.2,6.8,6.8,0.486
14.2,14.2,6.9,6.9,0.484
14.2,14.2,7.0,7.0,0.484
14.2,14.2,7.1,7.1,0.484
14.2,14.2,7.2,7.2,0.5
14.2,14.2,7.3,7.3,0.502
14.2,14.2,7.4,7.4,0.486
14.2,14.2,7.5,7.5,0.522
14.2,14.2,7.6,7.6,0.52
14.2,14.2,7.7,7.7,0.456
14.2,14.2,7.8,7.8,0.492
14.2,14.2,7.9,7.9,0.556
14.2,14.2,8.0,8.0,0.502
14.2,14.2,8.1,8.1,0.47
14.2,14.2,8.2,8.2,0.52
14.2,14.2,8.3,8.3,0.512
14.2,14.2,8.4,8.4,0.538
14.2,14.2,8.5,8.5,0.524
14.2,14.2,8.6,8.6,0.588
14.2,14.2,8.7,8.7,0.544
14.2,14.2,8.8,8.8,0.55
14.2,14.2,8.9,8.9,0.56
14.2,14.2,9.0,9.0,0.558
14.2,14.2,9.1,9.1,0.6
14.2,14.2,9.2,9.2,0.602
14.2,14.2,9.3,9.3,0.556
14.2,14.2,9.4,9.4,0.558
14.2,14.2,9.5,9.5,0.562
14.2,14.2,9.6,9.6,0.588
14.2,14.2,9.7,9.7,0.568
14.2,14.2,9.8,9.8,0.588
14.2,14.2,9.9,9.9,0.554
14.2,14.2,10.0,10.0,0.596
14.2,14.2,10.1,10.1,0.592
14.2,14.2,10.2,10.2,0.598
14.2,14.2,10.3,10.3,0.568
14.2,14.2,10.4,10.4,0.578
14.2,14.2,10.5,10.5,0.59
14.2,14.2,10.6,10.6,0.602
14.2,14.2,10.7,10.7,0.608
14.2,14.2,10.8,10.8,0.636
14.2,14.2,10.9,10.9,0.624
14.2,14.2,11.0,11.0,0.608
14.2,14.2,11.1,11.1,0.582
14.2,14.2,11.2,11.2,0.642
14.2,14.2,11.3,11.3,0.622
14.2,14.2,11.4,11.4,0.6
14.2,14.2,11.5,11.5,0.644
14.2,14.2,11.6,11.6,0.594
14.2,14.2,11.7,11.7,0.634
14.2,14.2,11.8,11.8,0.68
14.2,14.2,11.9,11.9,0.632
14.2,14.2,12.0,12.0,0.654
14.2,14.2,12.1,12.1,0.682
14.2,14.2,12.2,12.2,0.65
14.2,14.2,12.3,12.3,0.672
14.2,14.2,12.4,12.4,0.658
14.2,14.2,12.5,12.5,0.69
14.2,14.2,12.6,12.6,0.694
14.2,14.2,12.7,12.7,0.656
14.2,14.2,12.8,12.8,0.652
14.2,14.2,12.9,12.9,0.648
14.2,14.2,13.0,13.0,0.68
14.2,14.2,13.1,13.1,0.674
14.2,14.2,13.2,13.2,0.662
14.2,14.2,13.3,13.3,0.652
14.2,14.2,13.4,13.4,0.7
14.2,14.2,13.5,13.5,0.678
14.2,14.2,13.6,13.6,0.694
14.2,14.2,13.7,13.7,0.704
14.2,14.2,13.8,13.8,0.666
14.2,14.2,13.9,13.9,0.71
14.2,14.2,14.0,14.0,0.674
14.2,14.2,14.1,14.1,0.678
14.2,14.2,14.2,14.2,0.688
14.2,14.2,14.3,14.3,0.706
14.2,14.2,14.4,14.4,0.698
14.2,14.2,14.5,14.5,0.662
14.2,14.2,14.6,14.6,0.69
14.2,14.2,14.7,14.7,0.692
14.2,14.2,14.8,14.8,0.698
14.2,14.2,14.9,14.9,0.674
14.2,14.2,15.0,15.0,0.714
14.2,14.2,15.1,15.1,0.722
14.3,14.3,0.1,0.1,0.028
14.3,14.3,0.2,0.2,0.056
14.3,14.3,0.3,0.3,0.05
14.3,14.3,0.4,0.4,0.052
14.3,14.3,0.5,0.5,0.052
14.3,14.3,0.6,0.6,0.06
14.3,14.3,0.7,0.7,0.08
14.3,14.3,0.8,0.8,0.084
14.3,14.3,0.9,0.9,0.092
14.3,14.3,1.0,1.0,0.092
14.3,14.3,1.1,1.1,0.086
14.3,14.3,1.2,1.2,0.12
14.3,14.3,1.3,1.3,0.124
14.3,14.3,1.4,1.4,0.12
14.3,14.3,1.5,1.5,0.122
14.3,14.3,1.6,1.6,0.158
14.3,14.3,1.7,1.7,0.152
14.3,14.3,1.8,1.8,0.154
14.3,14.3,1.9,1.9,0.15
14.3,14.3,2.0,2.0,0.212
14.3,14.3,2.1,2.1,0.184
14.3,14.3,2.2,2.2,0.174
14.3,14.3,2.3,2.3,0.206
14.3,14.3,2.4,2.4,0.238
14.3,14.3,2.5,2.5,0.212
14.3,14.3,2.6,2.6,0.224
14.3,14.3,2.7,2.7,0.22
14.3,14.3,2.8,2.8,0.248
14.3,14.3,2.9,2.9,0.242
14.3,14.3,3.0,3.0,0.242
14.3,14.3,3.1,3.1,0.25
14.3,14.3,3.2,3.2,0.268
14.3,14.3,3.3,3.3,0.25
14.3,14.3,3.4,3.4,0.284
14.3,14.3,3.5,3.5,0.26
14.3,14.3,3.6,3.6,0.302
14.3,14.3,3.7,3.7,0.29
14.3,14.3,3.8,3.8,0.296
14.3,14.3,3.9,3.9,0.268
14.3,14.3,4.0,4.0,0.306
14.3,14.3,4.1,4.1,0.304
14.3,14.3,4.2,4.2,0.334
14.3,14.3,4.3,4.3,0.324
14.3,14.3,4.4,4.4,0.344
14.3,14.3,4.5,4.5,0.37
14.3,14.3,4.6,4.6,0.336
14.3,14.3,4.7,4.7,0.374
14.3,14.3,4.8,4.8,0.344
14.3,14.3,4.9,4.9,0.386
14.3,14.3,5.0,5.0,0.39
14.3,14.3,5.1,5.1,0.362
14.3,14.3,5.2,5.2,0.382
14.3,14.3,5.3,5.3,0.392
14.3,14.3,5.4,5.4,0.388
14.3,14.3,5.5,5.5,0.4
14.3,14.3,5.6,5.6,0.406
14.3,14.3,5.7,5.7,0.388
14.3,14.3,5.8,5.8,0.402
14.3,14.3,5.9,5.9,0.43
14.3,14.3,6.0,6.0,0.422
14.3,14.3,6.1,6.1,0.416
14.3,14.3,6.2,6.2,0.444
14.3,14.3,6.3,6.3,0.432
14.3,14.3,6.4,6.4,0.464
14.3,14.3,6.5,6.5,0.428
14.3,14.3,6.6,6.6,0.486
14.3,14.3,6.7,6.7,0.46
14.3,14.3,6.8,6.8,0.492
14.3,14.3,6.9,6.9,0.472
14.3,14.3,7.0,7.0,0.496
14.3,14.3,7.1,7.1,0.49
14.3,14.3,7.2,7.2,0.454
14.3,14.3,7.3,7.3,0.5
14.3,14.3,7.4,7.4,0.458
14.3,14.3,7.5,7.5,0.508
14.3,14.3,7.6,7.6,0.502
14.3,14.3,7.7,7.7,0.526
14.3,14.3,7.8,7.8,0.502
14.3,14.3,7.9,7.9,0.532
14.3,14.3,8.0,8.0,0.552
14.3,14.3,8.1,8.1,0.51
14.3,14.3,8.2,8.2,0.57
14.3,14.3,8.3,8.3,0.488
14.3,14.3,8.4,8.4,0.52
14.3,14.3,8.5,8.5,0.536
14.3,14.3,8.6,8.6,0.536
14.3,14.3,8.7,8.7,0.53
14.3,14.3,8.8,8.8,0.53
14.3,14.3,8.9,8.9,0.542
14.3,14.3,9.0,9.0,0.554
14.3,14.3,9.1,9.1,0.596
14.3,14.3,9.2,9.2,0.532
14.3,14.3,9.3,9.3,0.628
14.3,14.3,9.4,9.4,0.59
14.3,14.3,9.5,9.5,0.572
14.3,14.3,9.6,9.6,0.548
14.3,14.3,9.7,9.7,0.598
14.3,14.3,9.8,9.8,0.556
14.3,14.3,9.9,9.9,0.568
14.3,14.3,10.0,10.0,0.586
14.3,14.3,10.1,10.1,0.61
14.3,14.3,10.2,10.2,0.572
14.3,14.3,10.3,10.3,0.59
14.3,14.3,10.4,10.4,0.598
14.3,14.3,10.5,10.5,0.606
14.3,14.3,10.6,10.6,0.636
14.3,14.3,10.7,10.7,0.62
14.3,14.3,10.8,10.8,0.634
14.3,14.3,10.9,10.9,0.622
14.3,14.3,11.0,11.0,0.602
14.3,14.3,11.1,11.1,0.604
14.3,14.3,11.2,11.2,0.578
14.3,14.3,11.3,11.3,0.656
14.3,14.3,11.4,11.4,0.592
14.3,14.3,11.5,11.5,0.654
14.3,14.3,11.6,11.6,0.654
14.3,14.3,11.7,11.7,0.67
14.3,14.3,11.8,11.8,0.626
14.3,14.3,11.9,11.9,0.626
14.3,14.3,12.0,12.0,0.658
14.3,14.3,12.1,12.1,0.678
14.3,14.3,12.2,12.2,0.674
14.3,14.3,12.3,12.3,0.648
14.3,14.3,12.4,12.4,0.65
14.3,14.3,12.5,12.5,0.668
14.3,14.3,12.6,12.6,0.656
14.3,14.3,12.7,12.7,0.672
14.3,14.3,12.8,12.8,0.684
14.3,14.3,12.9,12.9,0.668
14.3,14.3,13.0,13.0,0.704
14.3,14.3,13.1,13.1,0.658
14.3,14.3,13.2,13.2,0.66
14.3,14.3,13.3,13.3,0.682
14.3,14.3,13.4,13.4,0.734
14.3,14.3,13.5,13.5,0.668
14.3,14.3,13.6,13.6,0.692
14.3,14.3,13.7,13.7,0.652
14.3,14.3,13.8,13.8,0.712
14.3,14.3,13.9,13.9,0.696
14.3,14.3,14.0,14.0,0.7
14.3,14.3,14.1,14.1,0.66
14.3,14.3,14.2,14.2,0.708
14.3,14.3,14.3,14.3,0.68
14.3,14.3,14.4,14.4,0.684
14.3,14.3,14.5,14.5,0.706
14.3,14.3,14.6,14.6,0.686
14.3,14.3,14.7,14.7,0.7
14.3,14.3,14.8,14.8,0.688
14.3,14.3,14.9,14.9,0.696
14.3,14.3,15.0,15.0,0.732
14.3,14.3,15.1,15.1,0.672
14.4,14.4,0.1,0.1,0.046
14.4,14.4,0.2,0.2,0.054
14.4,14.4,0.3,0.3,0.04
14.4,14.4,0.4,0.4,0.062
14.4,14.4,0.5,0.5,0.078
14.4,14.4,0.6,0.6,0.084
14.4,14.4,0.7,0.7,0.074
14.4,14.4,0.8,0.8,0.106
14.4,14.4,0.9,0.9,0.08
14.4,14.4,1.0,1.0,0.09
14.4,14.4,1.1,1.1,0.108
14.4,14.4,1.2,1.2,0.132
14.4,14.4,1.3,1.3,0.126
14.4,14.4,1.4,1.4,0.138
14.4,14.4,1.5,1.5,0.142
14.4,14.4,1.6,1.6,0.166
14.4,14.4,1.7,1.7,0.152
14.4,14.4,1.8,1.8,0.16
14.4,14.4,1.9,1.9,0.162
14.4,14.4,2.0,2.0,0.19
14.4,14.4,2.1,2.1,0.172
14.4,14.4,2.2,2.2,0.174
14.4,14.4,2.3,2.3,0.2
14.4,14.4,2.4,2.4,0.24
14.4,14.4,2.5,2.5,0.18
14.4,14.4,2.6,2.6,0.186
14.4,14.4,2.7,2.7,0.214
14.4,14.4,2.8,2.8,0.232
14.4,14.4,2.9,2.9,0.248
14.4,14.4,3.0,3.0,0.256
14.4,14.4,3.1,3.1,0.232
14.4,14.4,3.2,3.2,0.246
14.4,14.4,3.3,3.3,0.258
14.4,14.4,3.4,3.4,0.274
14.4,14.4,3.5,3.5,0.28
14.4,14.4,3.6,3.6,0.29
14.4,14.4,3.7,3.7,0.264
14.4,14.4,3.8,3.8,0.29
14.4,14.4,3.9,3.9,0.318
14.4,14.4,4.0,4.0,0.31
14.4,14.4,4.1,4.1,0.326
14.4,14.4,4.2,4.2,0.362
14.4,14.4,4.3,4.3,0.33
14.4,14.4,4.4,4.4,0.334
14.4,14.4,4.5,4.5,0.334
14.4,14.4,4.6,4.6,0.332
14.4,14.4,4.7,4.7,0.366
14.4,14.4,4.8,4.8,0.304
14.4,14.4,4.9,4.9,0.364
14.4,14.4,5.0,5.0,0.37
14.4,14.4,5.1,5.1,0.394
14.4,14.4,5.2,5.2,0.368
14.4,14.4,5.3,5.3,0.374
14.4,14.4,5.4,5.4,0.4
14.4,14.4,5.5,5.5,0.372
14.4,14.4,5.6,5.6,0.368
14.4,14.4,5.7,5.7,0.494
14.4,14.4,5.8,5.8,0.444
14.4,14.4,5.9,5.9,0.402
14.4,14.4,6.0,6.0,0.442
14.4,14.4,6.1,6.1,0.438
14.4,14.4,6.2,6.2,0.436
14.4,14.4,6.3,6.3,0.43
14.4,14.4,6.4,6.4,0.432
14.4,14.4,6.5,6.5,0.436
14.4,14.4,6.6,6.6,0.454
14.4,14.4,6.7,6.7,0.468
14.4,14.4,6.8,6.8,0.492
14.4,14.4,6.9,6.9,0.452
14.4,14.4,7.0,7.0,0.466
14.4,14.4,7.1,7.1,0.464
14.4,14.4,7.2,7.2,0.448
14.4,14.4,7.3,7.3,0.482
14.4,14.4,7.4,7.4,0.49
14.4,14.4,7.5,7.5,0.482
14.4,14.4,7.6,7.6,0.476
14.4,14.4,7.7,7.7,0.464
14.4,14.4,7.8,7.8,0.544
14.4,14.4,7.9,7.9,0.48
14.4,14.4,8.0,8.0,0.504
14.4,14.4,8.1,8.1,0.536
14.4,14.4,8.2,8.2,0.518
14.4,14.4,8.3,8.3,0.516
14.4,14.4,8.4,8.4,0.516
14.4,14.4,8.5,8.5,0.548
14.4,14.4,8.6,8.6,0.524
14.4,14.4,8.7,8.7,0.548
14.4,14.4,8.8,8.8,0.572
14.4,14.4,8.9,8.9,0.552
14.4,14.4,9.0,9.0,0.578
14.4,14.4,9.1,9.1,0.552
14.4,14.4,9.2,9.2,0.532
14.4,14.4,9.3,9.3,0.544
14.4,14.4,9.4,9.4,0.57
14.4,14.4,9.5,9.5,0.546
14.4,14.4,9.6,9.6,0.616
14.4,14.4,9.7,9.7,0.564
14.4,14.4,9.8,9.8,0.578
14.4,14.4,9.9,9.9,0.578
14.4,14.4,10.0,10.0,0.626
14.4,14.4,10.1,10.1,0.638
14.4,14.4,10.2,10.2,0.614
14.4,14.4,10.3,10.3,0.636
14.4,14.4,10.4,10.4,0.6
14.4,14.4,10.5,10.5,0.634
14.4,14.4,10.6,10.6,0.636
14.4,14.4,10.7,10.7,0.614
14.4,14.4,10.8,10.8,0.644
14.4,14.4,10.9,10.9,0.61
14.4,14.4,11.0,11.0,0.608
14.4,14.4,11.1,11.1,0.604
14.4,14.4,11.2,11.2,0.636
14.4,14.4,11.3,11.3,0.616
14.4,14.4,11.4,11.4,0.626
14.4,14.4,11.5,11.5,0.604
14.4,14.4,11.6,11.6,0.622
14.4,14.4,11.7,11.7,0.65
14.4,14.4,11.8,11.8,0.614
14.4,14.4,11.9,11.9,0.662
14.4,14.4,12.0,12.0,0.652
14.4,14.4,12.1,12.1,0.646
14.4,14.4,12.2,12.2,0.612
14.4,14.4,12.3,12.3,0.66
14.4,14.4,12.4,12.4,0.65
14.4,14.4,12.5,12.5,0.656
14.4,14.4,12.6,12.6,0.664
14.4,14.4,12.7,12.7,0.658
14.4,14.4,12.8,12.8,0.664
14.4,14.4,12.9,12.9,0.666
14.4,14.4,13.0,13.0,0.668
14.4,14.4,13.1,13.1,0.694
14.4,14.4,13.2,13.2,0.644
14.4,14.4,13.3,13.3,0.68
14.4,14.4,13.4,13.4,0.662
14.4,14.4,13.5,13.5,0.698
14.4,14.4,13.6,13.6,0.676
14.4,14.4,13.7,13.7,0.676
14.4,14.4,13.8,13.8,0.642
14.4,14.4,13.9,13.9,0.688
14.4,14.4,14.0,14.0,0.682
14.4,14.4,14.1,14.1,0.708
14.4,14.4,14.2,14.2,0.696
14.4,14.4,14.3,14.3,0.724
14.4,14.4,14.4,14.4,0.666
14.4,14.4,14.5,14.5,0.708
14.4,14.4,14.6,14.6,0.724
14.4,14.4,14.7,14.7,0.682
14.4,14.4,14.8,14.8,0.728
14.4,14.4,14.9,14.9,0.708
14.4,14.4,15.0,15.0,0.708
14.4,14.4,15.1,15.1,0.702
14.5,14.5,0.1,0.1,0.038
14.5,14.5,0.2,0.2,0.036
14.5,14.5,0.3,0.3,0.054
14.5,14.5,0.4,0.4,0.058
14.5,14.5,0.5,0.5,0.068
14.5,14.5,0.6,0.6,0.062
14.5,14.5,0.7,0.7,0.078
14.5,14.5,0.8,0.8,0.08
14.5,14.5,0.9,0.9,0.094
14.5,14.5,1.0,1.0,0.092
14.5,14.5,1.1,1.1,0.106
14.5,14.5,1.2,1.2,0.124
14.5,14.5,1.3,1.3,0.116
14.5,14.5,1.4,1.4,0.154
14.5,14.5,1.5,1.5,0.14
14.5,14.5,1.6,1.6,0.168
14.5,14.5,1.7,1.7,0.148
14.5,14.5,1.8,1.8,0.142
14.5,14.5,1.9,1.9,0.192
14.5,14.5,2.0,2.0,0.168
14.5,14.5,2.1,2.1,0.164
14.5,14.5,2.2,2.2,0.202
14.5,14.5,2.3,2.3,0.172
14.5,14.5,2.4,2.4,0.206
14.5,14.5,2.5,2.5,0.226
14.5,14.5,2.6,2.6,0.192
14.5,14.5,2.7,2.7,0.23
14.5,14.5,2.8,2.8,0.244
14.5,14.5,2.9,2.9,0.242
14.5,14.5,3.0,3.0,0.236
14.5,14.5,3.1,3.1,0.232
14.5,14.5,3.2,3.2,0.266
14.5,14.5,3.3,3.3,0.238
14.5,14.5,3.4,3.4,0.288
14.5,14.5,3.5,3.5,0.264
14.5,14.5,3.6,3.6,0.28
14.5,14.5,3.7,3.7,0.294
14.5,14.5,3.8,3.8,0.316
14.5,14.5,3.9,3.9,0.304
14.5,14.5,4.0,4.0,0.326
14.5,14.5,4.1,4.1,0.296
14.5,14.5,4.2,4.2,0.354
14.5,14.5,4.3,4.3,0.3
14.5,14.5,4.4,4.4,0.328
14.5,14.5,4.5,4.5,0.308
14.5,14.5,4.6,4.6,0.362
14.5,14.5,4.7,4.7,0.334
14.5,14.5,4.8,4.8,0.364
14.5,14.5,4.9,4.9,0.388
14.5,14.5,5.0,5.0,0.38
14.5,14.5,5.1,5.1,0.416
14.5,14.5,5.2,5.2,0.388
14.5,14.5,5.3,5.3,0.38
14.5,14.5,5.4,5.4,0.4
14.5,14.5,5.5,5.5,0.416
14.5,14.5,5.6,5.6,0.388
14.5,14.5,5.7,5.7,0.378
14.5,14.5,5.8,5.8,0.424
14.5,14.5,5.9,5.9,0.41
14.5,14.5,6.0,6.0,0.418
14.5,14.5,6.1,6.1,0.408
14.5,14.5,6.2,6.2,0.452
14.5,14.5,6.3,6.3,0.404
14.5,14.5,6.4,6.4,0.452
14.5,14.5,6.5,6.5,0.428
14.5,14.5,6.6,6.6,0.46
14.5,14.5,6.7,6.7,0.448
14.5,14.5,6.8,6.8,0.464
14.5,14.5,6.9,6.9,0.454
14.5,14.5,7.0,7.0,0.44
14.5,14.5,7.1,7.1,0.404
14.5,14.5,7.2,7.2,0.446
14.5,14.5,7.3,7.3,0.498
14.5,14.5,7.4,7.4,0.436
14.5,14.5,7.5,7.5,0.506
14.5,14.5,7.6,7.6,0.516
14.5,14.5,7.7,7.7,0.54
14.5,14.5,7.8,7.8,0.466
14.5,14.5,7.9,7.9,0.506
14.5,14.5,8.0,8.0,0.554
14.5,14.5,8.1,8.1,0.518
14.5,14.5,8.2,8.2,0.518
14.5,14.5,8.3,8.3,0.53
14.5,14.5,8.4,8.4,0.52
14.5,14.5,8.5,8.5,0.524
14.5,14.5,8.6,8.6,0.554
14.5,14.5,8.7,8.7,0.512
14.5,14.5,8.8,8.8,0.514
14.5,14.5,8.9,8.9,0.524
14.5,14.5,9.0,9.0,0.548
14.5,14.5,9.1,9.1,0.54
14.5,14.5,9.2,9.2,0.544
14.5,14.5,9.3,9.3,0.55
14.5,14.5,9.4,9.4,0.566
14.5,14.5,9.5,9.5,0.572
14.5,14.5,9.6,9.6,0.594
14.5,14.5,9.7,9.7,0.612
14.5,14.5,9.8,9.8,0.56
14.5,14.5,9.9,9.9,0.576
14.5,14.5,10.0,10.0,0.622
14.5,14.5,10.1,10.1,0.56
14.5,14.5,10.2,10.2,0.606
14.5,14.5,10.3,10.3,0.576
14.5,14.5,10.4,10.4,0.614
14.5,14.5,10.5,10.5,0.608
14.5,14.5,10.6,10.6,0.574
14.5,14.5,10.7,10.7,0.624
14.5,14.5,10.8,10.8,0.618
14.5,14.5,10.9,10.9,0.59
14.5,14.5,11.0,11.0,0.612
14.5,14.5,11.1,11.1,0.616
14.5,14.5,11.2,11.2,0.614
14.5,14.5,11.3,11.3,0.62
14.5,14.5,11.4,11.4,0.602
14.5,14.5,11.5,11.5,0.64
14.5,14.5,11.6,11.6,0.638
14.5,14.5,11.7,11.7,0.614
14.5,14.5,11.8,11.8,0.64
14.5,14.5,11.9,11.9,0.654
14.5,14.5,12.0,12.0,0.668
14.5,14.5,12.1,12.1,0.606
14.5,14.5,12.2,12.2,0.634
14.5,14.5,12.3,12.3,0.608
14.5,14.5,12.4,12.4,0.662
14.5,14.5,12.5,12.5,0.636
14.5,14.5,12.6,12.6,0.618
14.5,14.5,12.7,12.7,0.652
14.5,14.5,12.8,12.8,0.652
14.5,14.5,12.9,12.9,0.65
14.5,14.5,13.0,13.0,0.664
14.5,14.5,13.1,13.1,0.644
14.5,14.5,13.2,13.2,0.654
14.5,14.5,13.3,13.3,0.678
14.5,14.5,13.4,13.4,0.71
14.5,14.5,13.5,13.5,0.67
14.5,14.5,13.6,13.6,0.672
14.5,14.5,13.7,13.7,0.664
14.5,14.5,13.8,13.8,0.708
14.5,14.5,13.9,13.9,0.69
14.5,14.5,14.0,14.0,0.704
14.5,14.5,14.1,14.1,0.71
14.5,14.5,14.2,14.2,0.684
14.5,14.5,14.3,14.3,0.692
14.5,14.5,14.4,14.4,0.686
14.5,14.5,14.5,14.5,0.694
14.5,14.5,14.6,14.6,0.686
14.5,14.5,14.7,14.7,0.708
14.5,14.5,14.8,14.8,0.708
14.5,14.5,14.9,14.9,0.716
14.5,14.5,15.0,15.0,0.676
14.5,14.5,15.1,15.1,0.71
14.6,14.6,0.1,0.1,0.036
14.6,14.6,0.2,0.2,0.05
14.6,14.6,0.3,0.3,0.04
14.6,14.6,0.4,0.4,0.05
14.6,14.6,0.5,0.5,0.044
14.6,14.6,0.6,0.6,0.08
14.6,14.6,0.7,0.7,0.088
14.6,14.6,0.8,0.8,0.074
14.6,14.6,0.9,0.9,0.092
14.6,14.6,1.0,1.0,0.094
14.6,14.6,1.1,1.1,0.116
14.6,14.6,1.2,1.2,0.104
14.6,14.6,1.3,1.3,0.124
14.6,14.6,1.4,1.4,0.112
14.6,14.6,1.5,1.5,0.126
14.6,14.6,1.6,1.6,0.132
14.6,14.6,1.7,1.7,0.156
14.6,14.6,1.8,1.8,0.132
14.6,14.6,1.9,1.9,0.13
14.6,14.6,2.0,2.0,0.202
14.6,14.6,2.1,2.1,0.16
14.6,14.6,2.2,2.2,0.182
14.6,14.6,2.3,2.3,0.204
14.6,14.6,2.4,2.4,0.192
14.6,14.6,2.5,2.5,0.192
14.6,14.6,2.6,2.6,0.196
14.6,14.6,2.7,2.7,0.252
14.6,14.6,2.8,2.8,0.2
14.6,14.6,2.9,2.9,0.214
14.6,14.6,3.0,3.0,0.264
14.6,14.6,3.1,3.1,0.24
14.6,14.6,3.2,3.2,0.228
14.6,14.6,3.3,3.3,0.282
14.6,14.6,3.4,3.4,0.27
14.6,14.6,3.5,3.5,0.242
14.6,14.6,3.6,3.6,0.284
14.6,14.6,3.7,3.7,0.278
14.6,14.6,3.8,3.8,0.286
14.6,14.6,3.9,3.9,0.256
14.6,14.6,4.0,4.0,0.302
14.6,14.6,4.1,4.1,0.322
14.6,14.6,4.2,4.2,0.32
14.6,14.6,4.3,4.3,0.324
14.6,14.6,4.4,4.4,0.316
14.6,14.6,4.5,4.5,0.308
14.6,14.6,4.6,4.6,0.324
14.6,14.6,4.7,4.7,0.336
14.6,14.6,4.8,4.8,0.318
14.6,14.6,4.9,4.9,0.388
14.6,14.6,5.0,5.0,0.342
14.6,14.6,5.1,5.1,0.362
14.6,14.6,5.2,5.2,0.376
14.6,14.6,5.3,5.3,0.388
14.6,14.6,5.4,5.4,0.38
14.6,14.6,5.5,5.5,0.378
14.6,14.6,5.6,5.6,0.412
14.6,14.6,5.7,5.7,0.372
14.6,14.6,5.8,5.8,0.406
14.6,14.6,5.9,5.9,0.394
14.6,14.6,6.0,6.0,0.436
14.6,14.6,6.1,6.1,0.408
14.6,14.6,6.2,6.2,0.45
14.6,14.6,6.3,6.3,0.43
14.6,14.6,6.4,6.4,0.432
14.6,14.6,6.5,6.5,0.428
14.6,14.6,6.6,6.6,0.446
14.6,14.6,6.7,6.7,0.404
14.6,14.6,6.8,6.8,0.458
14.6,14.6,6.9,6.9,0.46
14.6,14.6,7.0,7.0,0.48
14.6,14.6,7.1,7.1,0.468
14.6,14.6,7.2,7.2,0.458
14.6,14.6,7.3,7.3,0.446
14.6,14.6,7.4,7.4,0.426
14.6,14.6,7.5,7.5,0.44
14.6,14.6,7.6,7.6,0.52
14.6,14.6,7.7,7.7,0.526
14.6,14.6,7.8,7.8,0.536
14.6,14.6,7.9,7.9,0.548
14.6,14.6,8.0,8.0,0.518
14.6,14.6,8.1,8.1,0.498
14.6,14.6,8.2,8.2,0.524
14.6,14.6,8.3,8.3,0.558
14.6,14.6,8.4,8.4,0.51
14.6,14.6,8.5,8.5,0.54
14.6,14.6,8.6,8.6,0.534
14.6,14.6,8.7,8.7,0.524
14.6,14.6,8.8,8.8,0.56
14.6,14.6,8.9,8.9,0.538
14.6,14.6,9.0,9.0,0.592
14.6,14.6,9.1,9.1,0.574
14.6,14.6,9.2,9.2,0.538
14.6,14.6,9.3,9.3,0.496
14.6,14.6,9.4,9.4,0.534
14.6,14.6,9.5,9.5,0.57
14.6,14.6,9.6,9.6,0.556
14.6,14.6,9.7,9.7,0.604
14.6,14.6,9.8,9.8,0.554
14.6,14.6,9.9,9.9,0.634
14.6,14.6,10.0,10.0,0.574
14.6,14.6,10.1,10.1,0.598
14.6,14.6,10.2,10.2,0.598
14.6,14.6,10.3,10.3,0.6
14.6,14.6,10.4,10.4,0.626
14.6,14.6,10.5,10.5,0.594
14.6,14.6,10.6,10.6,0.608
14.6,14.6,10.7,10.7,0.602
14.6,14.6,10.8,10.8,0.568
14.6,14.6,10.9,10.9,0.592
14.6,14.6,11.0,11.0,0.632
14.6,14.6,11.1,11.1,0.622
14.6,14.6,11.2,11.2,0.606
14.6,14.6,11.3,11.3,0.624
14.6,14.6,11.4,11.4,0.61
14.6,14.6,11.5,11.5,0.61
14.6,14.6,11.6,11.6,0.622
14.6,14.6,11.7,11.7,0.608
14.6,14.6,11.8,11.8,0.628
14.6,14.6,11.9,11.9,0.608
14.6,14.6,12.0,12.0,0.666
14.6,14.6,12.1,12.1,0.686
14.6,14.6,12.2,12.2,0.634
14.6,14.6,12.3,12.3,0.652
14.6,14.6,12.4,12.4,0.636
14.6,14.6,12.5,12.5,0.628
14.6,14.6,12.6,12.6,0.66
14.6,14.6,12.7,12.7,0.63
14.6,14.6,12.8,12.8,0.628
14.6,14.6,12.9,12.9,0.642
14.6,14.6,13.0,13.0,0.664
14.6,14.6,13.1,13.1,0.662
14.6,14.6,13.2,13.2,0.644
14.6,14.6,13.3,13.3,0.646
14.6,14.6,13.4,13.4,0.678
14.6,14.6,13.5,13.5,0.69
14.6,14.6,13.6,13.6,0.686
14.6,14.6,13.7,13.7,0.664
14.6,14.6,13.8,13.8,0.678
14.6,14.6,13.9,13.9,0.674
14.6,14.6,14.0,14.0,0.65
14.6,14.6,14.1,14.1,0.69
14.6,14.6,14.2,14.2,0.712
14.6,14.6,14.3,14.3,0.698
14.6,14.6,14.4,14.4,0.7
14.6,14.6,14.5,14.5,0.684
14.6,14.6,14.6,14.6,0.7
14.6,14.6,14.7,14.7,0.68
14.6,14.6,14.8,14.8,0.668
14.6,14.6,14.9,14.9,0.688
14.6,14.6,15.0,15.0,0.696
14.6,14.6,15.1,15.1,0.692
14.7,14.7,0.1,0.1,0.048
14.7,14.7,0.2,0.2,0.052
14.7,14.7,0.3,0.3,0.04
14.7,14.7,0.4,0.4,0.084
14.7,14.7,0.5,0.5,0.056
14.7,14.7,0.6,0.6,0.058
14.7,14.7,0.7,0.7,0.076
14.7,14.7,0.8,0.8,0.082
14.7,14.7,0.9,0.9,0.096
14.7,14.7,1.0,1.0,0.1
14.7,14.7,1.1,1.1,0.118
14.7,14.7,1.2,1.2,0.116
14.7,14.7,1.3,1.3,0.12
14.7,14.7,1.4,1.4,0.118
14.7,14.7,1.5,1.5,0.132
14.7,14.7,1.6,1.6,0.148
14.7,14.7,1.7,1.7,0.174
14.7,14.7,1.8,1.8,0.158
14.7,14.7,1.9,1.9,0.176
14.7,14.7,2.0,2.0,0.196
14.7,14.7,2.1,2.1,0.166
14.7,14.7,2.2,2.2,0.154
14.7,14.7,2.3,2.3,0.222
14.7,14.7,2.4,2.4,0.212
14.7,14.7,2.5,2.5,0.198
14.7,14.7,2.6,2.6,0.202
14.7,14.7,2.7,2.7,0.214
14.7,14.7,2.8,2.8,0.248
14.7,14.7,2.9,2.9,0.234
14.7,14.7,3.0,3.0,0.248
14.7,14.7,3.1,3.1,0.252
14.7,14.7,3.2,3.2,0.264
14.7,14.7,3.3,3.3,0.24
14.7,14.7,3.4,3.4,0.302
14.7,14.7,3.5,3.5,0.296
14.7,14.7,3.6,3.6,0.272
14.7,14.7,3.7,3.7,0.264
14.7,14.7,3.8,3.8,0.312
14.7,14.7,3.9,3.9,0.304
14.7,14.7,4.0,4.0,0.352
14.7,14.7,4.1,4.1,0.32
14.7,14.7,4.2,4.2,0.298
14.7,14.7,4.3,4.3,0.348
14.7,14.7,4.4,4.4,0.356
14.7,14.7,4.5,4.5,0.332
14.7,14.7,4.6,4.6,0.346
14.7,14.7,4.7,4.7,0.368
14.7,14.7,4.8,4.8,0.37
14.7,14.7,4.9,4.9,0.33
14.7,14.7,5.0,5.0,0.34
14.7,14.7,5.1,5.1,0.364
14.7,14.7,5.2,5.2,0.392
14.7,14.7,5.3,5.3,0.366
14.7,14.7,5.4,5.4,0.402
14.7,14.7,5.5,5.5,0.364
14.7,14.7,5.6,5.6,0.372
14.7,14.7,5.7,5.7,0.396
14.7,14.7,5.8,5.8,0.362
14.7,14.7,5.9,5.9,0.424
14.7,14.7,6.0,6.0,0.436
14.7,14.7,6.1,6.1,0.412
14.7,14.7,6.2,6.2,0.438
14.7,14.7,6.3,6.3,0.492
14.7,14.7,6.4,6.4,0.448
14.7,14.7,6.5,6.5,0.416
14.7,14.7,6.6,6.6,0.442
14.7,14.7,6.7,6.7,0.45
14.7,14.7,6.8,6.8,0.446
14.7,14.7,6.9,6.9,0.498
14.7,14.7,7.0,7.0,0.442
14.7,14.7,7.1,7.1,0.52
14.7,14.7,7.2,7.2,0.468
14.7,14.7,7.3,7.3,0.482
14.7,14.7,7.4,7.4,0.478
14.7,14.7,7.5,7.5,0.448
14.7,14.7,7.6,7.6,0.488
14.7,14.7,7.7,7.7,0.482
14.7,14.7,7.8,7.8,0.5
14.7,14.7,7.9,7.9,0.504
14.7,14.7,8.0,8.0,0.474
14.7,14.7,8.1,8.1,0.55
14.7,14.7,8.2,8.2,0.526
14.7,14.7,8.3,8.3,0.534
14.7,14.7,8.4,8.4,0.494
14.7,14.7,8.5,8.5,0.548
14.7,14.7,8.6,8.6,0.508
14.7,14.7,8.7,8.7,0.502
14.7,14.7,8.8,8.8,0.53
14.7,14.7,8.9,8.9,0.538
14.7,14.7,9.0,9.0,0.54
14.7,14.7,9.1,9.1,0.532
14.7,14.7,9.2,9.2,0.516
14.7,14.7,9.3,9.3,0.55
14.7,14.7,9.4,9.4,0.586
14.7,14.7,9.5,9.5,0.56
14.7,14.7,9.6,9.6,0.564
14.7,14.7,9.7,9.7,0.6
14.7,14.7,9.8,9.8,0.514
14.7,14.7,9.9,9.9,0.564
14.7,14.7,10.0,10.0,0.568
14.7,14.7,10.1,10.1,0.592
14.7,14.7,10.2,10.2,0.578
14.7,14.7,10.3,10.3,0.582
14.7,14.7,10.4,10.4,0.556
14.7,14.7,10.5,10.5,0.59
14.7,14.7,10.6,10.6,0.578
14.7,14.7,10.7,10.7,0.634
14.7,14.7,10.8,10.8,0.602
14.7,14.7,10.9,10.9,0.566
14.7,14.7,11.0,11.0,0.63
14.7,14.7,11.1,11.1,0.596
14.7,14.7,11.2,11.2,0.614
14.7,14.7,11.3,11.3,0.594
14.7,14.7,11.4,11.4,0.64
14.7,14.7,11.5,11.5,0.6
14.7,14.7,11.6,11.6,0.634
14.7,14.7,11.7,11.7,0.622
14.7,14.7,11.8,11.8,0.636
14.7,14.7,11.9,11.9,0.632
14.7,14.7,12.0,12.0,0.624
14.7,14.7,12.1,12.1,0.668
14.7,14.7,12.2,12.2,0.646
14.7,14.7,12.3,12.3,0.64
14.7,14.7,12.4,12.4,0.654
14.7,14.7,12.5,12.5,0.674
14.7,14.7,12.6,12.6,0.686
14.7,14.7,12.7,12.7,0.594
14.7,14.7,12.8,12.8,0.702
14.7,14.7,12.9,12.9,0.67
14.7,14.7,13.0,13.0,0.602
14.7,14.7,13.1,13.1,0.652
14.7,14.7,13.2,13.2,0.666
14.7,14.7,13.3,13.3,0.698
14.7,14.7,13.4,13.4,0.654
14.7,14.7,13.5,13.5,0.696
14.7,14.7,13.6,13.6,0.648
14.7,14.7,13.7,13.7,0.662
14.7,14.7,13.8,13.8,0.664
14.7,14.7,13.9,13.9,0.708
14.7,14.7,14.0,14.0,0.678
14.7,14.7,14.1,14.1,0.652
14.7,14.7,14.2,14.2,0.69
14.7,14.7,14.3,14.3,0.698
14.7,14.7,14.4,14.4,0.678
14.7,14.7,14.5,14.5,0.714
14.7,14.7,14.6,14.6,0.694
14.7,14.7,14.7,14.7,0.684
14.7,14.7,14.8,14.8,0.708
14.7,14.7,14.9,14.9,0.676
14.7,14.7,15.0,15.0,0.706
14.7,14.7,15.1,15.1,0.676
14.8,14.8,0.1,0.1,0.042
14.8,14.8,0.2,0.2,0.04
14.8,14.8,0.3,0.3,0.072
14.8,14.8,0.4,0.4,0.046
14.8,14.8,0.5,0.5,0.056
14.8,14.8,0.6,0.6,0.06
14.8,14.8,0.7,0.7,0.076
14.8,14.8,0.8,0.8,0.068
14.8,14.8,0.9,0.9,0.088
14.8,14.8,1.0,1.0,0.106
14.8,14.8,1.1,1.1,0.12
14.8,14.8,1.2,1.2,0.124
14.8,14.8,1.3,1.3,0.134
14.8,14.8,1.4,1.4,0.094
14.8,14.8,1.5,1.5,0.142
14.8,14.8,1.6,1.6,0.132
14.8,14.8,1.7,1.7,0.192
14.8,14.8,1.8,1.8,0.144
14.8,14.8,1.9,1.9,0.156
14.8,14.8,2.0,2.0,0.202
14.8,14.8,2.1,2.1,0.184
14.8,14.8,2.2,2.2,0.172
14.8,14.8,2.3,2.3,0.214
14.8,14.8,2.4,2.4,0.208
14.8,14.8,2.5,2.5,0.212
14.8,14.8,2.6,2.6,0.23
14.8,14.8,2.7,2.7,0.232
14.8,14.8,2.8,2.8,0.226
14.8,14.8,2.9,2.9,0.22
14.8,14.8,3.0,3.0,0.27
14.8,14.8,3.1,3.1,0.252
14.8,14.8,3.2,3.2,0.262
14.8,14.8,3.3,3.3,0.276
14.8,14.8,3.4,3.4,0.3
14.8,14.8,3.5,3.5,0.298
14.8,14.8,3.6,3.6,0.254
14.8,14.8,3.7,3.7,0.306
14.8,14.8,3.8,3.8,0.268
14.8,14.8,3.9,3.9,0.282
14.8,14.8,4.0,4.0,0.326
14.8,14.8,4.1,4.1,0.338
14.8,14.8,4.2,4.2,0.33
14.8,14.8,4.3,4.3,0.322
14.8,14.8,4.4,4.4,0.322
14.8,14.8,4.5,4.5,0.34
14.8,14.8,4.6,4.6,0.358
14.8,14.8,4.7,4.7,0.348
14.8,14.8,4.8,4.8,0.344
14.8,14.8,4.9,4.9,0.328
14.8,14.8,5.0,5.0,0.402
14.8,14.8,5.1,5.1,0.34
14.8,14.8,5.2,5.2,0.39
14.8,14.8,5.3,5.3,0.376
14.8,14.8,5.4,5.4,0.402
14.8,14.8,5.5,5.5,0.412
14.8,14.8,5.6,5.6,0.386
14.8,14.8,5.7,5.7,0.426
14.8,14.8,5.8,5.8,0.406
14.8,14.8,5.9,5.9,0.384
14.8,14.8,6.0,6.0,0.41
14.8,14.8,6.1,6.1,0.428
14.8,14.8,6.2,6.2,0.412
14.8,14.8,6.3,6.3,0.438
14.8,14.8,6.4,6.4,0.408
14.8,14.8,6.5,6.5,0.478
14.8,14.8,6.6,6.6,0.446
14.8,14.8,6.7,6.7,0.452
14.8,14.8,6.8,6.8,0.504
14.8,14.8,6.9,6.9,0.44
14.8,14.8,7.0,7.0,0.472
14.8,14.8,7.1,7.1,0.474
14.8,14.8,7.2,7.2,0.496
14.8,14.8,7.3,7.3,0.482
14.8,14.8,7.4,7.4,0.49
14.8,14.8,7.5,7.5,0.466
14.8,14.8,7.6,7.6,0.488
14.8,14.8,7.7,7.7,0.494
14.8,14.8,7.8,7.8,0.484
14.8,14.8,7.9,7.9,0.494
14.8,14.8,8.0,8.0,0.522
14.8,14.8,8.1,8.1,0.538
14.8,14.8,8.2,8.2,0.512
14.8,14.8,8.3,8.3,0.51
14.8,14.8,8.4,8.4,0.522
14.8,14.8,8.5,8.5,0.502
14.8,14.8,8.6,8.6,0.502
14.8,14.8,8.7,8.7,0.556
14.8,14.8,8.8,8.8,0.552
14.8,14.8,8.9,8.9,0.552
14.8,14.8,9.0,9.0,0.52
14.8,14.8,9.1,9.1,0.548
14.8,14.8,9.2,9.2,0.546
14.8,14.8,9.3,9.3,0.518
14.8,14.8,9.4,9.4,0.57
14.8,14.8,9.5,9.5,0.552
14.8,14.8,9.6,9.6,0.606
14.8,14.8,9.7,9.7,0.554
14.8,14.8,9.8,9.8,0.558
14.8,14.8,9.9,9.9,0.58
14.8,14.8,10.0,10.0,0.616
14.8,14.8,10.1,10.1,0.576
14.8,14.8,10.2,10.2,0.594
14.8,14.8,10.3,10.3,0.592
14.8,14.8,10.4,10.4,0.622
14.8,14.8,10.5,10.5,0.578
14.8,14.8,10.6,10.6,0.59
14.8,14.8,10.7,10.7,0.61
14.8,14.8,10.8,10.8,0.586
14.8,14.8,10.9,10.9,0.582
14.8,14.8,11.0,11.0,0.602
14.8,14.8,11.1,11.1,0.562
14.8,14.8,11.2,11.2,0.644
14.8,14.8,11.3,11.3,0.618
14.8,14.8,11.4,11.4,0.612
14.8,14.8,11.5,11.5,0.62
14.8,14.8,11.6,11.6,0.6
14.8,14.8,11.7,11.7,0.656
14.8,14.8,11.8,11.8,0.634
14.8,14.8,11.9,11.9,0.646
14.8,14.8,12.0,12.0,0.632
14.8,14.8,12.1,12.1,0.646
14.8,14.8,12.2,12.2,0.662
14.8,14.8,12.3,12.3,0.624
14.8,14.8,12.4,12.4,0.654
14.8,14.8,12.5,12.5,0.654
14.8,14.8,12.6,12.6,0.664
14.8,14.8,12.7,12.7,0.682
14.8,14.8,12.8,12.8,0.674
14.8,14.8,12.9,12.9,0.632
14.8,14.8,13.0,13.0,0.658
14.8,14.8,13.1,13.1,0.692
14.8,14.8,13.2,13.2,0.668
14.8,14.8,13.3,13.3,0.636
14.8,14.8,13.4,13.4,0.688
14.8,14.8,13.5,13.5,0.64
14.8,14.8,13.6,13.6,0.658
14.8,14.8,13.7,13.7,0.712
14.8,14.8,13.8,13.8,0.646
14.8,14.8,13.9,13.9,0.64
14.8,14.8,14.0,14.0,0.686
14.8,14.8,14.1,14.1,0.666
14.8,14.8,14.2,14.2,0.688
14.8,14.8,14.3,14.3,0.656
14.8,14.8,14.4,14.4,0.674
14.8,14.8,14.5,14.5,0.694
14.8,14.8,14.6,14.6,0.692
14.8,14.8,14.7,14.7,0.698
14.8,14.8,14.8,14.8,0.702
14.8,14.8,14.9,14.9,0.68
14.8,14.8,15.0,15.0,0.694
14.8,14.8,15.1,15.1,0.704
14.9,14.9,0.1,0.1,0.052
14.9,14.9,0.2,0.2,0.032
14.9,14.9,0.3,0.3,0.076
14.9,14.9,0.4,0.4,0.064
14.9,14.9,0.5,0.5,0.066
14.9,14.9,0.6,0.6,0.072
14.9,14.9,0.7,0.7,0.088
14.9,14.9,0.8,0.8,0.054
14.9,14.9,0.9,0.9,0.106
14.9,14.9,1.0,1.0,0.076
14.9,14.9,1.1,1.1,0.102
14.9,14.9,1.2,1.2,0.122
14.9,14.9,1.3,1.3,0.104
14.9,14.9,1.4,1.4,0.136
14.9,14.9,1.5,1.5,0.094
14.9,14.9,1.6,1.6,0.13
14.9,14.9,1.7,1.7,0.164
14.9,14.9,1.8,1.8,0.172
14.9,14.9,1.9,1.9,0.21
14.9,14.9,2.0,2.0,0.17
14.9,14.9,2.1,2.1,0.166
14.9,14.9,2.2,2.2,0.216
14.9,14.9,2.3,2.3,0.21
14.9,14.9,2.4,2.4,0.208
14.9,14.9,2.5,2.5,0.198
14.9,14.9,2.6,2.6,0.2
14.9,14.9,2.7,2.7,0.214
14.9,14.9,2.8,2.8,0.262
14.9,14.9,2.9,2.9,0.23
14.9,14.9,3.0,3.0,0.228
14.9,14.9,3.1,3.1,0.264
14.9,14.9,3.2,3.2,0.266
14.9,14.9,3.3,3.3,0.23
14.9,14.9,3.4,3.4,0.276
14.9,14.9,3.5,3.5,0.268
14.9,14.9,3.6,3.6,0.274
14.9,14.9,3.7,3.7,0.276
14.9,14.9,3.8,3.8,0.278
14.9,14.9,3.9,3.9,0.284
14.9,14.9,4.0,4.0,0.316
14.9,14.9,4.1,4.1,0.316
14.9,14.9,4.2,4.2,0.32
14.9,14.9,4.3,4.3,0.308
14.9,14.9,4.4,4.4,0.316
14.9,14.9,4.5,4.5,0.304
14.9,14.9,4.6,4.6,0.374
14.9,14.9,4.7,4.7,0.33
14.9,14.9,4.8,4.8,0.372
14.9,14.9,4.9,4.9,0.344
14.9,14.9,5.0,5.0,0.354
14.9,14.9,5.1,5.1,0.37
14.9,14.9,5.2,5.2,0.37
14.9,14.9,5.3,5.3,0.416
14.9,14.9,5.4,5.4,0.394
14.9,14.9,5.5,5.5,0.398
14.9,14.9,5.6,5.6,0.396
14.9,14.9,5.7,5.7,0.442
14.9,14.9,5.8,5.8,0.442
14.9,14.9,5.9,5.9,0.414
14.9,14.9,6.0,6.0,0.402
14.9,14.9,6.1,6.1,0.398
14.9,14.9,6.2,6.2,0.402
14.9,14.9,6.3,6.3,0.428
14.9,14.9,6.4,6.4,0.408
14.9,14.9,6.5,6.5,0.412
14.9,14.9,6.6,6.6,0.45
14.9,14.9,6.7,6.7,0.426
14.9,14.9,6.8,6.8,0.418
14.9,14.9,6.9,6.9,0.498
14.9,14.9,7.0,7.0,0.466
14.9,14.9,7.1,7.1,0.448
14.9,14.9,7.2,7.2,0.442
14.9,14.9,7.3,7.3,0.452
14.9,14.9,7.4,7.4,0.494
14.9,14.9,7.5,7.5,0.454
14.9,14.9,7.6,7.6,0.496
14.9,14.9,7.7,7.7,0.486
14.9,14.9,7.8,7.8,0.51
14.9,14.9,7.9,7.9,0.506
14.9,14.9,8.0,8.0,0.51
14.9,14.9,8.1,8.1,0.492
14.9,14.9,8.2,8.2,0.502
14.9,14.9,8.3,8.3,0.534
14.9,14.9,8.4,8.4,0.5
14.9,14.9,8.5,8.5,0.488
14.9,14.9,8.6,8.6,0.544
14.9,14.9,8.7,8.7,0.54
14.9,14.9,8.8,8.8,0.574
14.9,14.9,8.9,8.9,0.512
14.9,14.9,9.0,9.0,0.524
14.9,14.9,9.1,9.1,0.528
14.9,14.9,9.2,9.2,0.54
14.9,14.9,9.3,9.3,0.576
14.9,14.9,9.4,9.4,0.538
14.9,14.9,9.5,9.5,0.572
14.9,14.9,9.6,9.6,0.576
14.9,14.9,9.7,9.7,0.57
14.9,14.9,9.8,9.8,0.572
14.9,14.9,9.9,9.9,0.564
14.9,14.9,10.0,10.0,0.59
14.9,14.9,10.1,10.1,0.586
14.9,14.9,10.2,10.2,0.58
14.9,14.9,10.3,10.3,0.574
14.9,14.9,10.4,10.4,0.6
14.9,14.9,10.5,10.5,0.586
14.9,14.9,10.6,10.6,0.618
14.9,14.9,10.7,10.7,0.594
14.9,14.9,10.8,10.8,0.59
14.9,14.9,10.9,10.9,0.59
14.9,14.9,11.0,11.0,0.586
14.9,14.9,11.1,11.1,0.62
14.9,14.9,11.2,11.2,0.636
14.9,14.9,11.3,11.3,0.614
14.9,14.9,11.4,11.4,0.592
14.9,14.9,11.5,11.5,0.592
14.9,14.9,11.6,11.6,0.622
14.9,14.9,11.7,11.7,0.634
14.9,14.9,11.8,11.8,0.64
14.9,14.9,11.9,11.9,0.648
14.9,14.9,12.0,12.0,0.634
14.9,14.9,12.1,12.1,0.62
14.9,14.9,12.2,12.2,0.638
14.9,14.9,12.3,12.3,0.632
14.9,14.9,12.4,12.4,0.624
14.9,14.9,12.5,12.5,0.652
14.9,14.9,12.6,12.6,0.65
14.9,14.9,12.7,12.7,0.654
14.9,14.9,12.8,12.8,0.65
14.9,14.9,12.9,12.9,0.654
14.9,14.9,13.0,13.0,0.64
14.9,14.9,13.1,13.1,0.67
14.9,14.9,13.2,13.2,0.674
14.9,14.9,13.3,13.3,0.638
14.9,14.9,13.4,13.4,0.65
14.9,14.9,13.5,13.5,0.672
14.9,14.9,13.6,13.6,0.654
14.9,14.9,13.7,13.7,0.708
14.9,14.9,13.8,13.8,0.674
14.9,14.9,13.9,13.9,0.652
14.9,14.9,14.0,14.0,0.692
14.9,14.9,14.1,14.1,0.664
14.9,14.9,14.2,14.2,0.67
14.9,14.9,14.3,14.3,0.71
14.9,14.9,14.4,14.4,0.712
14.9,14.9,14.5,14.5,0.692
14.9,14.9,14.6,14.6,0.712
14.9,14.9,14.7,14.7,0.71
14.9,14.9,14.8,14.8,0.67
14.9,14.9,14.9,14.9,0.71
14.9,14.9,15.0,15.0,0.714
14.9,14.9,15.1,15.1,0.634
15.0,15.0,0.1,0.1,0.038
15.0,15.0,0.2,0.2,0.046
15.0,15.0,0.3,0.3,0.036
15.0,15.0,0.4,0.4,0.048
15.0,15.0,0.5,0.5,0.064
15.0,15.0,0.6,0.6,0.08
15.0,15.0,0.7,0.7,0.074
15.0,15.0,0.8,0.8,0.08
15.0,15.0,0.9,0.9,0.08
15.0,15.0,1.0,1.0,0.082
15.0,15.0,1.1,1.1,0.104
15.0,15.0,1.2,1.2,0.122
15.0,15.0,1.3,1.3,0.108
15.0,15.0,1.4,1.4,0.112
15.0,15.0,1.5,1.5,0.118
15.0,15.0,1.6,1.6,0.142
15.0,15.0,1.7,1.7,0.138
15.0,15.0,1.8,1.8,0.166
15.0,15.0,1.9,1.9,0.154
15.0,15.0,2.0,2.0,0.178
15.0,15.0,2.1,2.1,0.168
15.0,15.0,2.2,2.2,0.192
15.0,15.0,2.3,2.3,0.208
15.0,15.0,2.4,2.4,0.214
15.0,15.0,2.5,2.5,0.23
15.0,15.0,2.6,2.6,0.226
15.0,15.0,2.7,2.7,0.214
15.0,15.0,2.8,2.8,0.19
15.0,15.0,2.9,2.9,0.24
15.0,15.0,3.0,3.0,0.264
15.0,15.0,3.1,3.1,0.224
15.0,15.0,3.2,3.2,0.254
15.0,15.0,3.3,3.3,0.266
15.0,15.0,3.4,3.4,0.274
15.0,15.0,3.5,3.5,0.302
15.0,15.0,3.6,3.6,0.254
15.0,15.0,3.7,3.7,0.288
15.0,15.0,3.8,3.8,0.264
15.0,15.0,3.9,3.9,0.284
15.0,15.0,4.0,4.0,0.304
15.0,15.0,4.1,4.1,0.29
15.0,15.0,4.2,4.2,0.33
15.0,15.0,4.3,4.3,0.308
15.0,15.0,4.4,4.4,0.334
15.0,15.0,4.5,4.5,0.336
15.0,15.0,4.6,4.6,0.322
15.0,15.0,4.7,4.7,0.274
15.0,15.0,4.8,4.8,0.352
15.0,15.0,4.9,4.9,0.36
15.0,15.0,5.0,5.0,0.348
15.0,15.0,5.1,5.1,0.37
15.0,15.0,5.2,5.2,0.354
15.0,15.0,5.3,5.3,0.376
15.0,15.0,5.4,5.4,0.38
15.0,15.0,5.5,5.5,0.35
15.0,15.0,5.6,5.6,0.402
15.0,15.0,5.7,5.7,0.414
15.0,15.0,5.8,5.8,0.43
15.0,15.0,5.9,5.9,0.432
15.0,15.0,6.0,6.0,0.404
15.0,15.0,6.1,6.1,0.412
15.0,15.0,6.2,6.2,0.464
15.0,15.0,6.3,6.3,0.414
15.0,15.0,6.4,6.4,0.444
15.0,15.0,6.5,6.5,0.412
15.0,15.0,6.6,6.6,0.424
15.0,15.0,6.7,6.7,0.486
15.0,15.0,6.8,6.8,0.452
15.0,15.0,6.9,6.9,0.408
15.0,15.0,7.0,7.0,0.486
15.0,15.0,7.1,7.1,0.444
15.0,15.0,7.2,7.2,0.486
15.0,15.0,7.3,7.3,0.476
15.0,15.0,7.4,7.4,0.462
15.0,15.0,7.5,7.5,0.474
15.0,15.0,7.6,7.6,0.468
15.0,15.0,7.7,7.7,0.49
15.0,15.0,7.8,7.8,0.464
15.0,15.0,7.9,7.9,0.474
15.0,15.0,8.0,8.0,0.544
15.0,15.0,8.1,8.1,0.532
15.0,15.0,8.2,8.2,0.496
15.0,15.0,8.3,8.3,0.514
15.0,15.0,8.4,8.4,0.56
15.0,15.0,8.5,8.5,0.514
15.0,15.0,8.6,8.6,0.546
15.0,15.0,8.7,8.7,0.566
15.0,15.0,8.8,8.8,0.55
15.0,15.0,8.9,8.9,0.566
15.0,15.0,9.0,9.0,0.522
15.0,15.0,9.1,9.1,0.534
15.0,15.0,9.2,9.2,0.58
15.0,15.0,9.3,9.3,0.568
15.0,15.0,9.4,9.4,0.588
15.0,15.0,9.5,9.5,0.57
15.0,15.0,9.6,9.6,0.572
15.0,15.0,9.7,9.7,0.56
15.0,15.0,9.8,9.8,0.57
15.0,15.0,9.9,9.9,0.576
15.0,15.0,10.0,10.0,0.548
15.0,15.0,10.1,10.1,0.558
15.0,15.0,10.2,10.2,0.576
15.0,15.0,10.3,10.3,0.56
15.0,15.0,10.4,10.4,0.612
15.0,15.0,10.5,10.5,0.628
15.0,15.0,10.6,10.6,0.594
15.0,15.0,10.7,10.7,0.582
15.0,15.0,10.8,10.8,0.594
15.0,15.0,10.9,10.9,0.582
15.0,15.0,11.0,11.0,0.598
15.0,15.0,11.1,11.1,0.622
15.0,15.0,11.2,11.2,0.588
15.0,15.0,11.3,11.3,0.61
15.0,15.0,11.4,11.4,0.578
15.0,15.0,11.5,11.5,0.598
15.0,15.0,11.6,11.6,0.632
15.0,15.0,11.7,11.7,0.614
15.0,15.0,11.8,11.8,0.614
15.0,15.0,11.9,11.9,0.626
15.0,15.0,12.0,12.0,0.638
15.0,15.0,12.1,12.1,0.588
15.0,15.0,12.2,12.2,0.63
15.0,15.0,12.3,12.3,0.618
15.0,15.0,12.4,12.4,0.632
15.0,15.0,12.5,12.5,0.644
15.0,15.0,12.6,12.6,0.654
15.0,15.0,12.7,12.7,0.656
15.0,15.0,12.8,12.8,0.622
15.0,15.0,12.9,12.9,0.672
15.0,15.0,13.0,13.0,0.618
15.0,15.0,13.1,13.1,0.632
15.0,15.0,13.2,13.2,0.676
15.0,15.0,13.3,13.3,0.666
15.0,15.0,13.4,13.4,0.692
15.0,15.0,13.5,13.5,0.624
15.0,15.0,13.6,13.6,0.636
15.0,15.0,13.7,13.7,0.646
15.0,15.0,13.8,13.8,0.682
15.0,15.0,13.9,13.9,0.674
15.0,15.0,14.0,14.0,0.702
15.0,15.0,14.1,14.1,0.696
15.0,15.0,14.2,14.2,0.644
15.0,15.0,14.3,14.3,0.686
15.0,15.0,14.4,14.4,0.672
15.0,15.0,14.5,14.5,0.658
15.0,15.0,14.6,14.6,0.64
15.0,15.0,14.7,14.7,0.722
15.0,15.0,14.8,14.8,0.69
15.0,15.0,14.9,14.9,0.696
15.0,15.0,15.0,15.0,0.688
15.0,15.0,15.1,15.1,0.704
15.1,15.1,0.1,0.1,0.024
15.1,15.1,0.2,0.2,0.04
15.1,15.1,0.3,0.3,0.032
15.1,15.1,0.4,0.4,0.068
15.1,15.1,0.5,0.5,0.066
15.1,15.1,0.6,0.6,0.082
15.1,15.1,0.7,0.7,0.088
15.1,15.1,0.8,0.8,0.07
15.1,15.1,0.9,0.9,0.106
15.1,15.1,1.0,1.0,0.118
15.1,15.1,1.1,1.1,0.116
15.1,15.1,1.2,1.2,0.116
15.1,15.1,1.3,1.3,0.106
15.1,15.1,1.4,1.4,0.132
15.1,15.1,1.5,1.5,0.138
15.1,15.1,1.6,1.6,0.136
15.1,15.1,1.7,1.7,0.126
15.1,15.1,1.8,1.8,0.136
15.1,15.1,1.9,1.9,0.14
15.1,15.1,2.0,2.0,0.158
15.1,15.1,2.1,2.1,0.16
15.1,15.1,2.2,2.2,0.168
15.1,15.1,2.3,2.3,0.198
15.1,15.1,2.4,2.4,0.198
15.1,15.1,2.5,2.5,0.192
15.1,15.1,2.6,2.6,0.17
15.1,15.1,2.7,2.7,0.196
15.1,15.1,2.8,2.8,0.21
15.1,15.1,2.9,2.9,0.262
15.1,15.1,3.0,3.0,0.24
15.1,15.1,3.1,3.1,0.258
15.1,15.1,3.2,3.2,0.256
15.1,15.1,3.3,3.3,0.264
15.1,15.1,3.4,3.4,0.222
15.1,15.1,3.5,3.5,0.27
15.1,15.1,3.6,3.6,0.268
15.1,15.1,3.7,3.7,0.292
15.1,15.1,3.8,3.8,0.312
15.1,15.1,3.9,3.9,0.29
15.1,15.1,4.0,4.0,0.29
15.1,15.1,4.1,4.1,0.31
15.1,15.1,4.2,4.2,0.298
15.1,15.1,4.3,4.3,0.306
15.1,15.1,4.4,4.4,0.302
15.1,15.1,4.5,4.5,0.326
15.1,15.1,4.6,4.6,0.304
15.1,15.1,4.7,4.7,0.342
15.1,15.1,4.8,4.8,0.324
15.1,15.1,4.9,4.9,0.366
15.1,15.1,5.0,5.0,0.36
15.1,15.1,5.1,5.1,0.372
15.1,15.1,5.2,5.2,0.37
15.1,15.1,5.3,5.3,0.4
15.1,15.1,5.4,5.4,0.366
15.1,15.1,5.5,5.5,0.376
15.1,15.1,5.6,5.6,0.418
15.1,15.1,5.7,5.7,0.382
15.1,15.1,5.8,5.8,0.394
15.1,15.1,5.9,5.9,0.41
15.1,15.1,6.0,6.0,0.4
15.1,15.1,6.1,6.1,0.372
15.1,15.1,6.2,6.2,0.446
15.1,15.1,6.3,6.3,0.43
15.1,15.1,6.4,6.4,0.458
15.1,15.1,6.5,6.5,0.426
15.1,15.1,6.6,6.6,0.442
15.1,15.1,6.7,6.7,0.44
15.1,15.1,6.8,6.8,0.426
15.1,15.1,6.9,6.9,0.442
15.1,15.1,7.0,7.0,0.458
15.1,15.1,7.1,7.1,0.43
15.1,15.1,7.2,7.2,0.486
15.1,15.1,7.3,7.3,0.486
15.1,15.1,7.4,7.4,0.48
15.1,15.1,7.5,7.5,0.478
15.1,15.1,7.6,7.6,0.488
15.1,15.1,7.7,7.7,0.486
15.1,15.1,7.8,7.8,0.498
15.1,15.1,7.9,7.9,0.524
15.1,15.1,8.0,8.0,0.514
15.1,15.1,8.1,8.1,0.526
15.1,15.1,8.2,8.2,0.514
15.1,15.1,8.3,8.3,0.512
15.1,15.1,8.4,8.4,0.514
15.1,15.1,8.5,8.5,0.514
15.1,15.1,8.6,8.6,0.518
15.1,15.1,8.7,8.7,0.552
15.1,15.1,8.8,8.8,0.526
15.1,15.1,8.9,8.9,0.542
15.1,15.1,9.0,9.0,0.564
15.1,15.1,9.1,9.1,0.57
15.1,15.1,9.2,9.2,0.524
15.1,15.1,9.3,9.3,0.532
15.1,15.1,9.4,9.4,0.546
15.1,15.1,9.5,9.5,0.548
15.1,15.1,9.6,9.6,0.578
15.1,15.1,9.7,9.7,0.59
15.1,15.1,9.8,9.8,0.548
15.1,15.1,9.9,9.9,0.558
15.1,15.1,10.0,10.0,0.596
15.1,15.1,10.1,10.1,0.572
15.1,15.1,10.2,10.2,0.596
15.1,15.1,10.3,10.3,0.59
15.1,15.1,10.4,10.4,0.572
15.1,15.1,10.5,10.5,0.546
15.1,15.1,10.6,10.6,0.588
15.1,15.1,10.7,10.7,0.558
15.1,15.1,10.8,10.8,0.634
15.1,15.1,10.9,10.9,0.614
15.1,15.1,11.0,11.0,0.6
15.1,15.1,11.1,11.1,0.606
15.1,15.1,11.2,11.2,0.618
15.1,15.1,11.3,11.3,0.648
15.1,15.1,11.4,11.4,0.632
15.1,15.1,11.5,11.5,0.614
15.1,15.1,11.6,11.6,0.604
15.1,15.1,11.7,11.7,0.64
15.1,15.1,11.8,11.8,0.64
15.1,15.1,11.9,11.9,0.642
15.1,15.1,12.0,12.0,0.62
15.1,15.1,12.1,12.1,0.624
15.1,15.1,12.2,12.2,0.63
15.1,15.1,12.3,12.3,0.648
15.1,15.1,12.4,12.4,0.622
15.1,15.1,12.5,12.5,0.616
15.1,15.1,12.6,12.6,0.692
15.1,15.1,12.7,12.7,0.63
15.1,15.1,12.8,12.8,0.672
15.1,15.1,12.9,12.9,0.67
15.1,15.1,13.0,13.0,0.636
15.1,15.1,13.1,13.1,0.648
15.1,15.1,13.2,13.2,0.64
15.1,15.1,13.3,13.3,0.666
15.1,15.1,13.4,13.4,0.65
15.1,15.1,13.5,13.5,0.672
15.1,15.1,13.6,13.6,0.71
15.1,15.1,13.7,13.7,0.674
15.1,15.1,13.8,13.8,0.642
15.1,15.1,13.9,13.9,0.714
15.1,15.1,14.0,14.0,0.678
15.1,15.1,14.1,14.1,0.652
15.1,15.1,14.2,14.2,0.68
15.1,15.1,14.3,14.3,0.666
15.1,15.1,14.4,14.4,0.704
15.1,15.1,14.5,14.5,0.692
15.1,15.1,14.6,14.6,0.68
15.1,15.1,14.7,14.7,0.656
15.1,15.1,14.8,14.8,0.684
15.1,15.1,14.9,14.9,0.692
15.1,15.1,15.0,15.0,0.672
15.1,15.1,15.1,15.1,0.648
